0  -35.916476272006875  
1  -34.12246544663802  
2  -37.240196206902354  
3  -37.46849533781196  
4  -37.52288354785812  
5  -37.55478845890129  
6  -37.593706117865736  
7  -37.64119332727884  
8  -37.686821702689585  
9  -37.73135190761891  
10  -37.75370801223728  
11  -37.78813685038417  
12  -37.812209728899845  
13  -37.855396362201006  
14  -37.87677282518326  
15  -37.90719566396521  
16  -37.94866336810218  
17  -37.98147134313252  
18  -38.020523960131385  
19  -38.05872429831142  
20  -38.089623260916206  
21  -38.111518768266805  
22  -38.127526268209415  
23  -38.14187921831484  
24  -38.160644066224485  
25  -38.17186017290705  
26  -38.187554670729824  
27  -38.19790658215246  
28  -38.20956209066232  
29  -38.222501792666925  
30  -38.23460107086008  
31  -38.24410654780934  
32  -38.253269849365914  
33  -38.26147546781897  
34  -38.2701733076457  
35  -38.27929978285423  
36  -38.28726135268011  
37  -38.29487646482159  
38  -38.306228588268155  
39  -38.31217268135809  
40  -38.318850144048426  
41  -38.325188673029366  
42  -38.33182870097146  
43  -38.33733953745642  
44  -38.34706383537996  
45  -38.35196397893557  
46  -38.35795841334317  
47  -38.36440930122656  
48  -38.37195922998602  
49  -38.37794071421281  
50  -38.384417541278516  
51  -38.38873295663627  
52  -38.39340016811935  
53  -38.39878449849819  
54  -38.40210470158606  
55  -38.40664359754362  
56  -38.41035454487461  
57  -38.41353439308169  
58  -38.41786727974079  
59  -38.42141766003574  
60  -38.425598079999105  
61  -38.42941507879877  
62  -38.432916408344596  
63  -38.43542426507134  
64  -38.44201649274268  
65  -38.44468110620307  
66  -38.44920338295656  
67  -38.454482979788914  
68  -38.45926344270416  
69  -38.46330314641955  
70  -38.46778002899923  
71  -38.47046305594386  
72  -38.47306311781458  
73  -38.47587573591437  
74  -38.47745490084108  
75  -38.47983071639735  
76  -38.481818764937024  
77  -38.48598955460199  
78  -38.487865800128304  
79  -38.49129678387302  
80  -38.49434107672603  
81  -38.49721575708236  
82  -38.498923878068865  
83  -38.50061277193766  
84  -38.50162068795088  
85  -38.50268091685002  
86  -38.503675481497424  
87  -38.504213691891806  
88  -38.50480157334315  
89  -38.505968428841236  
90  -38.506355401364154  
91  -38.507195134903704  
92  -38.50774207745508  
93  -38.508831113080056  
94  -38.50964916262144  
95  -38.510440517000816  
96  -38.51180390015235  
97  -38.51083953270855  
98  -38.51260509015912  
99  -38.51404150045571  
100  -38.515137803139375  
101  -38.51618735628661  
102  -38.51712274841726  
103  -38.51793144868311  
104  -38.51892884083232  
105  -38.51950072600069  
106  -38.52003142292702  
107  -38.5208318451615  
108  -38.52129470709216  
109  -38.52204942560901  
110  -38.52261126235441  
111  -38.523134986080116  
112  -38.523694859820544  
113  -38.52418121546942  
114  -38.52472612568117  
115  -38.525371633772124  
116  -38.525853565826345  
117  -38.52634376234161  
118  -38.527085890941294  
119  -38.52752824196768  
120  -38.52803610115352  
121  -38.528961394827085  
122  -38.52938283203793  
123  -38.52991891775435  
124  -38.53088589882014  
125  -38.53123101376038  
126  -38.531639270259404  
127  -38.5322650311638  
128  -38.53258819387237  
129  -38.53274722865942  
130  -38.533441666346455  
131  -38.53363518388089  
132  -38.533908355669666  
133  -38.53412144040474  
134  -38.53441570590236  
135  -38.53461166832963  
136  -38.53479138342832  
137  -38.53504207455232  
138  -38.53526085729337  
139  -38.535461140982164  
140  -38.535645598124184  
141  -38.53581137631536  
142  -38.53604690813805  
143  -38.53627920546292  
144  -38.53645644209735  
145  -38.53666779221755  
146  -38.53684955026305  
147  -38.53709448953015  
148  -38.53730740839431  
149  -38.53751030596884  
150  -38.53767681115701  
151  -38.537989740339675  
152  -38.53817220114229  
153  -38.538379615306965  
154  -38.538706928045805  
155  -38.53900093310591  
156  -38.53926815858887  
157  -38.539529949944516  
158  -38.539811687510195  
159  -38.540226848479364  
160  -38.54061408265127  
161  -38.54093141793306  
162  -38.5413948823481  
163  -38.54206639712165  
164  -38.54286690559918  
165  -38.54376378963838  
166  -38.54478725949604  
167  -38.54544793149731  
168  -38.54620550904143  
169  -38.54710097911733  
170  -38.54750378995017  
171  -38.547899381050776  
172  -38.54821848709592  
173  -38.54843962842657  
174  -38.5486364245703  
175  -38.548858866914316  
176  -38.54897242146093  
177  -38.54913049924069  
178  -38.549291265950814  
179  -38.54941876016849  
180  -38.54949066396755  
181  -38.54960565401764  
182  -38.54968889702494  
183  -38.54979064222715  
184  -38.54989349403529  
185  -38.54997219481664  
186  -38.55009234954308  
187  -38.550216557763925  
188  -38.55031458893634  
189  -38.55042751426957  
190  -38.55052605064655  
191  -38.55063390876221  
192  -38.55075311259823  
193  -38.55083284084314  
194  -38.55095086288194  
195  -38.551043193142796  
196  -38.55113825915179  
197  -38.55122296954115  
198  -38.55131130861504  
199  -38.55139240680529  
200  -38.55145393311965  
201  -38.55153324207953  
202  -38.55159680786303  
203  -38.55166333825758  
204  -38.551735074531166  
205  -38.55178888702449  
206  -38.55183434699134  
207  -38.55191082165029  
208  -38.55195984984191  
209  -38.55200886509351  
210  -38.552086292809676  
211  -38.552126394252745  
212  -38.552195833110574  
213  -38.552239699346075  
214  -38.55231551199492  
215  -38.552352410367085  
216  -38.55239963664697  
217  -38.5524387900526  
218  -38.552505928915295  
219  -38.55255715580063  
220  -38.55260333679212  
221  -38.55267815310174  
222  -38.552742038781936  
223  -38.55281543369219  
224  -38.55288148485426  
225  -38.552960430577464  
226  -38.55302051137555  
227  -38.55322090049578  
228  -38.55332523564128  
229  -38.55346191468205  
230  -38.553665499390924  
231  -38.55355469496755  
232  -38.553825067479806  
233  -38.5541152705357  
234  -38.5543398440699  
235  -38.55455770698059  
236  -38.55475763813048  
237  -38.55496598518873  
238  -38.555180191378874  
239  -38.555294965694316  
240  -38.55541077234854  
241  -38.555607694518486  
242  -38.555693824972195  
243  -38.55577082365766  
244  -38.55583280247729  
245  -38.555908921676505  
246  -38.55599058368224  
247  -38.55604961375743  
248  -38.556111435884326  
249  -38.556147390469995  
250  -38.556188872942435  
251  -38.55620530709729  
252  -38.55627461815949  
253  -38.55629570389857  
254  -38.55632456300497  
255  -38.55636312926222  
256  -38.55634235383356  
257  -38.55638810121976  
258  -38.55642377542771  
259  -38.55645009576621  
260  -38.55647608282999  
261  -38.55649672716653  
262  -38.556528375299315  
263  -38.55655189318307  
264  -38.556572334058735  
265  -38.5565955943949  
266  -38.55662552877836  
267  -38.55664930292365  
268  -38.556675752735345  
269  -38.55670486785677  
270  -38.55673660595395  
271  -38.55676275776506  
272  -38.55679972343246  
273  -38.55682630268538  
274  -38.556854697972646  
275  -38.55690708367501  
276  -38.556929421546165  
277  -38.55696519825343  
278  -38.5570051241701  
279  -38.55703951693534  
280  -38.55710729760376  
281  -38.55706022202264  
282  -38.557150839780874  
283  -38.557219086178605  
284  -38.557271081855745  
285  -38.55734874258164  
286  -38.5574017812914  
287  -38.55748049251303  
288  -38.55755688873001  
289  -38.55761740319538  
290  -38.55774171408328  
291  -38.55784851684777  
292  -38.557942219493206  
293  -38.558053002996104  
294  -38.558148741394454  
295  -38.55831700149264  
296  -38.558456386028936  
297  -38.55860407775559  
298  -38.558736533048595  
299  -38.5588588089298  
300  -38.5590237689746  
301  -38.55918236010764  
302  -38.55931649921354  
303  -38.55943281950158  
304  -38.55960798274817  
305  -38.5597612867557  
306  -38.55988121446248  
307  -38.560037537109984  
308  -38.560134154215206  
309  -38.560237905465875  
310  -38.560445160088754  
311  -38.56053829509313  
312  -38.560652767898  
313  -38.56083138699053  
314  -38.5609144024208  
315  -38.56100852819546  
316  -38.56116979538706  
317  -38.561259828077226  
318  -38.56139294531053  
319  -38.56148627866148  
320  -38.5615594226317  
321  -38.56165145539778  
322  -38.5617108432402  
323  -38.56178653297268  
324  -38.56183043787951  
325  -38.5618773355979  
326  -38.561898116497524  
327  -38.56198130725889  
328  -38.56200477602445  
329  -38.562039924889724  
330  -38.562085504239704  
331  -38.56212475000128  
332  -38.56215614836997  
333  -38.56218408338062  
334  -38.562212966032384  
335  -38.562235372388244  
336  -38.56227201515595  
337  -38.56228427621862  
338  -38.5623061106326  
339  -38.562326025874235  
340  -38.56235192441071  
341  -38.56236726162077  
342  -38.5623810949326  
343  -38.562401348190875  
344  -38.56241988262328  
345  -38.562433429053975  
346  -38.562448642496484  
347  -38.562461116625926  
348  -38.562478923974254  
349  -38.56248950131926  
350  -38.56250251605102  
351  -38.562512960359015  
352  -38.562526672210105  
353  -38.562540141479914  
354  -38.562557883846196  
355  -38.562570906293175  
356  -38.56258608396362  
357  -38.56260143000156  
358  -38.56262078237179  
359  -38.56263574246005  
360  -38.56265104188918  
361  -38.56266560293165  
362  -38.562681804036046  
363  -38.56270809282961  
364  -38.56272617446014  
365  -38.562738985767666  
366  -38.56276541373554  
367  -38.56278424191296  
368  -38.56281156810229  
369  -38.562830317205645  
370  -38.56284965447902  
371  -38.56286771605567  
372  -38.56288915390059  
373  -38.56291305077405  
374  -38.562933180034804  
375  -38.562954956003274  
376  -38.56297339249482  
377  -38.56299902171063  
378  -38.563019859258276  
379  -38.56303827225073  
380  -38.56305872697718  
381  -38.56307717752921  
382  -38.56309753221844  
383  -38.56311909014901  
384  -38.56313657645669  
385  -38.56315514083709  
386  -38.56317601052475  
387  -38.56319583252287  
388  -38.56321707482579  
389  -38.56324164104753  
390  -38.56326020561211  
391  -38.56328010510945  
392  -38.563309379554966  
393  -38.563326451302586  
394  -38.563349206506054  
395  -38.5633658109762  
396  -38.56338262887405  
397  -38.56340616204171  
398  -38.56343625428182  
399  -38.56345774243896  
400  -38.56348442568351  
401  -38.56349753554814  
402  -38.56352657179596  
403  -38.563549379423606  
404  -38.563571948175195  
405  -38.563612101265214  
406  -38.56359534317194  
407  -38.563637011044726  
408  -38.56367064736819  
409  -38.56370154168386  
410  -38.56374466644966  
411  -38.563779027380846  
412  -38.56382670443242  
413  -38.56386284802086  
414  -38.563903210897415  
415  -38.56396473998897  
416  -38.56402190769436  
417  -38.564074988061556  
418  -38.564144710131224  
419  -38.564192338847405  
420  -38.56427966593  
421  -38.56434671598933  
422  -38.564453957166485  
423  -38.56451745425469  
424  -38.56460949161398  
425  -38.56474779197652  
426  -38.56491091132335  
427  -38.56505220446815  
428  -38.56524510984086  
429  -38.565393755836894  
430  -38.565552462508144  
431  -38.56602620129044  
432  -38.56618994163979  
433  -38.56646676585288  
434  -38.566857775807705  
435  -38.56722055394377  
436  -38.56778601507577  
437  -38.56854369504773  
438  -38.569386033093025  
439  -38.57038401889781  
440  -38.571467467518694  
441  -38.57272987581927  
442  -38.57406266982369  
443  -38.575167298891095  
444  -38.57634331063004  
445  -38.57784494132287  
446  -38.57900316552411  
447  -38.580099461527446  
448  -38.58115377969544  
449  -38.581989539724354  
450  -38.58274992810896  
451  -38.58354090367798  
452  -38.58430468278039  
453  -38.58476609393653  
454  -38.58559879760625  
455  -38.58611070983262  
456  -38.58698062049305  
457  -38.58760299501616  
458  -38.58840765141248  
459  -38.58989309433224  
460  -38.59015949488711  
461  -38.59090550366203  
462  -38.59227594195325  
463  -38.59380885466433  
464  -38.594732041936204  
465  -38.59589522526298  
466  -38.597821573284754  
467  -38.59884053695779  
468  -38.60006770007688  
469  -38.601003793759276  
470  -38.60201139872069  
471  -38.60280336917564  
472  -38.6036544886547  
473  -38.604478370560955  
474  -38.60521760381875  
475  -38.60584968900051  
476  -38.60686724359985  
477  -38.60752404880058  
478  -38.60868211588087  
479  -38.60984664642899  
480  -38.610603530369346  
481  -38.612320001853725  
482  -38.611096937395146  
483  -38.6132589010388  
484  -38.614447972708504  
485  -38.6153582241507  
486  -38.61617706179731  
487  -38.61699175484536  
488  -38.61766942752512  
489  -38.61825570412118  
490  -38.61873724129936  
491  -38.61933019435549  
492  -38.619768687745115  
493  -38.62016263119974  
494  -38.62054550425212  
495  -38.620872613446856  
496  -38.6212139343363  
497  -38.621496477615736  
498  -38.62174803398643  
499  -38.62199700880252  
500  -38.62231227024336  
501  -38.62256988642086  
502  -38.622851678220854  
503  -38.62311011655139  
504  -38.623433471566  
505  -38.623723425069294  
506  -38.62398952382376  
507  -38.62433245223931  
508  -38.624648462414434  
509  -38.62496093980196  
510  -38.625309335511304  
511  -38.62569693433121  
512  -38.62608065255307  
513  -38.62648036682631  
514  -38.62679283646102  
515  -38.62715811761073  
516  -38.62744278672848  
517  -38.62797838042033  
518  -38.62823046276763  
519  -38.62853133696986  
520  -38.62898954526744  
521  -38.62940720495746  
522  -38.629712562907734  
523  -38.63004196627469  
524  -38.630287374368535  
525  -38.63062065774729  
526  -38.63078805025963  
527  -38.63105131472172  
528  -38.63124183209851  
529  -38.63145350584328  
530  -38.63175661719851  
531  -38.631065392423245  
532  -38.63189075094674  
533  -38.63214434891291  
534  -38.632307189112545  
535  -38.63252467846082  
536  -38.632664178005484  
537  -38.632805249583036  
538  -38.632940612093314  
539  -38.633045630811715  
540  -38.63318091701154  
541  -38.63336784780385  
542  -38.633465893581786  
543  -38.633597489768725  
544  -38.633727323657986  
545  -38.63388602708614  
546  -38.634010912598605  
547  -38.63414852056742  
548  -38.63424305410849  
549  -38.63439935259327  
550  -38.634518540544484  
551  -38.63464156378954  
552  -38.63476375848555  
553  -38.634975085774514  
554  -38.63510736421396  
555  -38.63524587421089  
556  -38.63544743599704  
557  -38.63570284730526  
558  -38.63593349765553  
559  -38.63618807208991  
560  -38.63643174697774  
561  -38.63666173057061  
562  -38.637082998587026  
563  -38.637365908173486  
564  -38.637580273451135  
565  -38.63810519227278  
566  -38.63843868516461  
567  -38.638929303370084  
568  -38.639403427307435  
569  -38.63990743706794  
570  -38.64027977101426  
571  -38.64069908731352  
572  -38.64109614368879  
573  -38.64140914425866  
574  -38.64177941937927  
575  -38.64211581820091  
576  -38.64243657195489  
577  -38.642681533752885  
578  -38.64286545992074  
579  -38.643067775268726  
580  -38.64327406063811  
581  -38.643437189863775  
582  -38.64362278964451  
583  -38.64376127443886  
584  -38.64389263610046  
585  -38.64397109176139  
586  -38.6441703190465  
587  -38.64425431561564  
588  -38.64435034123075  
589  -38.6444868109909  
590  -38.64436172048002  
591  -38.644558248579486  
592  -38.644654482403865  
593  -38.64472307614985  
594  -38.6448025338491  
595  -38.64483282685284  
596  -38.644906928799834  
597  -38.644943177507734  
598  -38.64498709544902  
599  -38.645054921261185  
600  -38.64507475217815  
601  -38.64514137300397  
602  -38.64516404179616  
603  -38.64519977497919  
604  -38.64523797776588  
605  -38.64528428526039  
606  -38.64531346133627  
607  -38.64534405581827  
608  -38.64537365843769  
609  -38.64540760447067  
610  -38.6454407635892  
611  -38.64547254841039  
612  -38.645504847111816  
613  -38.64553481882737  
614  -38.64556936439878  
615  -38.64559603996571  
616  -38.645634363938335  
617  -38.645660568901334  
618  -38.64568969379342  
619  -38.64571545203851  
620  -38.64575073922939  
621  -38.645767718095456  
622  -38.64581077824732  
623  -38.64583122840549  
624  -38.64585959882496  
625  -38.64590581445758  
626  -38.64588318388066  
627  -38.64593589102292  
628  -38.645981572379846  
629  -38.64602092733741  
630  -38.64606379581797  
631  -38.64609366543083  
632  -38.64615212469685  
633  -38.6461935101832  
634  -38.646232959122976  
635  -38.64630436705899  
636  -38.64624700298476  
637  -38.64634553268875  
638  -38.64640085687709  
639  -38.64644262001582  
640  -38.646489803340515  
641  -38.64654030837738  
642  -38.646586840030785  
643  -38.64663436653642  
644  -38.646669370740256  
645  -38.64670931277657  
646  -38.64675166601002  
647  -38.6467861933114  
648  -38.646806888878814  
649  -38.646866703495256  
650  -38.64688641594533  
651  -38.64691724197417  
652  -38.646963863016715  
653  -38.64700845288731  
654  -38.64704383397175  
655  -38.64707497551474  
656  -38.64710490442556  
657  -38.6471592818851  
658  -38.64719899061335  
659  -38.64723359413035  
660  -38.647272047804016  
661  -38.6473057519078  
662  -38.64734151176446  
663  -38.647376709444565  
664  -38.647403252093056  
665  -38.647435221966624  
666  -38.64746523498274  
667  -38.647487035235805  
668  -38.647518737375655  
669  -38.64754008143536  
670  -38.64756363619395  
671  -38.64759476433994  
672  -38.64763408257769  
673  -38.647664231926214  
674  -38.64769657937387  
675  -38.647719694775525  
676  -38.647746021322256  
677  -38.647781976553055  
678  -38.64780177869214  
679  -38.64782330320534  
680  -38.647863685576525  
681  -38.64789668978202  
682  -38.64791301265397  
683  -38.64795470210124  
684  -38.6479727125809  
685  -38.64799993668442  
686  -38.64802842230706  
687  -38.648049553327844  
688  -38.648089589265346  
689  -38.64811104933752  
690  -38.648147737362464  
691  -38.64816686622193  
692  -38.64819389061717  
693  -38.648225355471126  
694  -38.64826199480183  
695  -38.648283570152046  
696  -38.648314190764296  
697  -38.64833984571206  
698  -38.648367874869756  
699  -38.648402520239244  
700  -38.6484233796597  
701  -38.64845277540066  
702  -38.64848953749443  
703  -38.648520772479635  
704  -38.648541126760755  
705  -38.648572914048145  
706  -38.648595842661024  
707  -38.64861811358273  
708  -38.648652753890836  
709  -38.64867374011691  
710  -38.648711324838025  
711  -38.64873867190573  
712  -38.64876259277379  
713  -38.648797605459315  
714  -38.64882459749935  
715  -38.64885562357906  
716  -38.64888247558635  
717  -38.64891115956019  
718  -38.64894150994793  
719  -38.648970024618414  
720  -38.64899710698585  
721  -38.64902225003817  
722  -38.64904418082613  
723  -38.64907394663356  
724  -38.649107775467414  
725  -38.649126424850856  
726  -38.64915308775498  
727  -38.64916279513899  
728  -38.64919683979646  
729  -38.64921573952062  
730  -38.64923451564792  
731  -38.6492643119764  
732  -38.649227342686096  
733  -38.64928260822841  
734  -38.6493120174329  
735  -38.649333315592486  
736  -38.649361801330194  
737  -38.649386654659246  
738  -38.64940971782978  
739  -38.64943736590209  
740  -38.64945929574979  
741  -38.64949634831582  
742  -38.64951185802791  
743  -38.64954475205528  
744  -38.64956633964243  
745  -38.649590737331835  
746  -38.64963430405621  
747  -38.64957941569823  
748  -38.64965928995386  
749  -38.64970053793808  
750  -38.64973146830959  
751  -38.64976440724273  
752  -38.64980062425752  
753  -38.649841366651145  
754  -38.649894660757404  
755  -38.64993650705648  
756  -38.64999317346071  
757  -38.65006220543873  
758  -38.6501283935523  
759  -38.6502558678304  
760  -38.65039238548596  
761  -38.65051801800546  
762  -38.65071314605311  
763  -38.65085863927193  
764  -38.65104015373614  
765  -38.6513211198259  
766  -38.651442922977274  
767  -38.65158425828626  
768  -38.65187369521949  
769  -38.65199323586252  
770  -38.652157767386036  
771  -38.652247257905664  
772  -38.652426388535524  
773  -38.65256901688327  
774  -38.65269489422322  
775  -38.65281655985705  
776  -38.65290310014344  
777  -38.65300581476236  
778  -38.653137983084605  
779  -38.65324530124839  
780  -38.65333969880406  
781  -38.653407349134255  
782  -38.653488976228076  
783  -38.65358992583208  
784  -38.653638186410205  
785  -38.653719362001475  
786  -38.65373846993705  
787  -38.65382730510183  
788  -38.65386599132496  
789  -38.65390998864761  
790  -38.653976011495544  
791  -38.653956936417266  
792  -38.65401420532353  
793  -38.654057354226474  
794  -38.654087707678705  
795  -38.6541269839515  
796  -38.65416579188289  
797  -38.65419700915035  
798  -38.65422970934471  
799  -38.654256467754074  
800  -38.65428194047893  
801  -38.65431990164726  
802  -38.65433994970772  
803  -38.654357162073886  
804  -38.65438031252874  
805  -38.6543979352889  
806  -38.65441042378451  
807  -38.65444535349435  
808  -38.654458255695666  
809  -38.654475503092115  
810  -38.65449927167707  
811  -38.65449771310259  
812  -38.65451545894584  
813  -38.65453312220279  
814  -38.65454583563302  
815  -38.654561108346606  
816  -38.65457497793217  
817  -38.65458656534361  
818  -38.654601735145405  
819  -38.65461142381427  
820  -38.65462710957236  
821  -38.65463529809197  
822  -38.654648047470275  
823  -38.654655555872964  
824  -38.65466421315599  
825  -38.65467610828395  
826  -38.654687956401695  
827  -38.65469501815418  
828  -38.65470398470469  
829  -38.6547098467833  
830  -38.65471682804538  
831  -38.6547275337635  
832  -38.654732490537924  
833  -38.65474242433517  
834  -38.654744765577576  
835  -38.6547546127854  
836  -38.65475935107068  
837  -38.65476490445267  
838  -38.654772974235534  
839  -38.65477107682435  
840  -38.65477866578202  
841  -38.65478910838323  
842  -38.65479599757434  
843  -38.65480254941216  
844  -38.65480842461298  
845  -38.6548135719579  
846  -38.65482103726673  
847  -38.65482597860401  
848  -38.65483067964372  
849  -38.6548376617609  
850  -38.65484263154799  
851  -38.65484858103364  
852  -38.65485697637065  
853  -38.65486027519407  
854  -38.65486714228459  
855  -38.654871321843984  
856  -38.65487783226893  
857  -38.65488255251926  
858  -38.654886333730474  
859  -38.65489519567012  
860  -38.654877091519104  
861  -38.65489890473538  
862  -38.65490653369621  
863  -38.65491317641215  
864  -38.65492061242072  
865  -38.65492758274807  
866  -38.654934292043016  
867  -38.65494427323697  
868  -38.65495192790913  
869  -38.654957345955005  
870  -38.6549680449247  
871  -38.654975112433945  
872  -38.65498190500653  
873  -38.654991337268086  
874  -38.65500094380608  
875  -38.65500540519135  
876  -38.655017586406686  
877  -38.6550235131262  
878  -38.655031466892524  
879  -38.65504132626707  
880  -38.65504755624342  
881  -38.655052186441125  
882  -38.65506244555542  
883  -38.65506819848271  
884  -38.6550756820053  
885  -38.655082970033234  
886  -38.65509278270549  
887  -38.65509922791361  
888  -38.65510489190423  
889  -38.6551112230105  
890  -38.6551194782805  
891  -38.65512623681376  
892  -38.65513258567715  
893  -38.65513845764301  
894  -38.65514570996986  
895  -38.655151481876764  
896  -38.65515753240121  
897  -38.655162936352156  
898  -38.6551703599106  
899  -38.655175571279536  
900  -38.65518091334962  
901  -38.65518464032997  
902  -38.65519082598447  
903  -38.65519510885966  
904  -38.6551989112151  
905  -38.655207296832856  
906  -38.6551986588221  
907  -38.65521093278184  
908  -38.65521604793142  
909  -38.65521974113162  
910  -38.65522460820807  
911  -38.65522907894038  
912  -38.655232816319916  
913  -38.65523766572713  
914  -38.655240896106065  
915  -38.65524443727241  
916  -38.65525006076054  
917  -38.65525285203233  
918  -38.655255335105046  
919  -38.655260824587835  
920  -38.65526420397358  
921  -38.65526629314512  
922  -38.6552710114094  
923  -38.65527386048571  
924  -38.65527403630507  
925  -38.655276441481284  
926  -38.6552804660443  
927  -38.655283977250186  
928  -38.655287276797715  
929  -38.65529058001173  
930  -38.65529313964631  
931  -38.65529643701556  
932  -38.655299039864644  
933  -38.655301649546566  
934  -38.65530541717455  
935  -38.655307646668234  
936  -38.65531110344035  
937  -38.65531379603911  
938  -38.655316100092776  
939  -38.65531864160284  
940  -38.65532052733151  
941  -38.655323275078445  
942  -38.6553252113696  
943  -38.655327510598426  
944  -38.655331026882344  
945  -38.655334156022114  
946  -38.655336021857124  
947  -38.65533831481061  
948  -38.655340366778624  
949  -38.655343225979806  
950  -38.655345636053326  
951  -38.65534829608943  
952  -38.655350332601756  
953  -38.655353330197734  
954  -38.65535510024346  
955  -38.65535754121006  
956  -38.655359612798655  
957  -38.655361668685636  
958  -38.655365239390896  
959  -38.65536736990681  
960  -38.65537004564955  
961  -38.655371763191674  
962  -38.655373870034765  
963  -38.65537619546102  
964  -38.65537939254824  
965  -38.65538125978054  
966  -38.65538352126518  
967  -38.655385624270096  
968  -38.655388233698986  
969  -38.6553907105903  
970  -38.65539252981894  
971  -38.65539515246144  
972  -38.655398323549726  
973  -38.655400127358604  
974  -38.65540261847348  
975  -38.655404186171864  
976  -38.6554065399272  
977  -38.655409155377285  
978  -38.65541093354243  
979  -38.655413890491985  
980  -38.65541795986343  
981  -38.655419733689314  
982  -38.65542215004378  
983  -38.65542443495511  
984  -38.655427449409004  
985  -38.65543075489237  
986  -38.65543297089368  
987  -38.65543551039666  
988  -38.655439083038964  
989  -38.6554413674076  
990  -38.65544396780772  
991  -38.65544699225317  
992  -38.65545044473704  
993  -38.655452724538634  
994  -38.65545580929008  
995  -38.655458134403474  
996  -38.65546091509134  
997  -38.655464083129615  
998  -38.6554657901672  
999  -38.65546924545721  
1000  -38.65547268229189  
1001  -38.655474391816064  
1002  -38.6554771841593  
1003  -38.65547925794505  
1004  -38.65548193729258  
1005  -38.655484588370925  
1006  -38.655486474778655  
1007  -38.655489489294126  
1008  -38.655491896979974  
1009  -38.6554940855505  
1010  -38.65549670369218  
1011  -38.65549845313264  
1012  -38.65550148795659  
1013  -38.65550389122454  
1014  -38.6555060578529  
1015  -38.65550881311247  
1016  -38.655510887008454  
1017  -38.65551305408373  
1018  -38.65551601387381  
1019  -38.65551810809098  
1020  -38.65552098344255  
