0  -0.9492363065406044  
1  -2.9949212329824277  
2  -5.26746074565193  
3  -10.549201485623605  
4  -13.05747097785303  
5  -14.119152862400753  
6  -16.742601546428777  
7  -17.70384685769695  
8  -27.465870039226093  
9  -34.01485317996263  
10  -40.00573672772599  
11  -47.05922116875838  
12  -54.3993284785067  
13  -63.183009343005054  
14  -68.79932369756581  
15  -72.84294148428827  
16  -75.2975228504372  
17  -76.97726954638246  
18  -78.56463988613365  
19  -79.3170257571322  
20  -79.87272394571647  
21  -80.15363089676636  
22  -80.36794102033959  
23  -80.50473991108345  
24  -80.62724601305966  
25  -80.72703007951891  
26  -80.82089429934068  
27  -80.92377719342613  
28  -81.02174132014356  
29  -81.07319923778127  
30  -81.18350346506095  
31  -81.21805204638416  
32  -81.30661856575315  
33  -81.36070286117203  
34  -81.41018397133652  
35  -81.48122935716587  
36  -81.48365059029389  
37  -81.52899872619363  
38  -81.57862774329661  
39  -81.62303737664244  
40  -81.65995911274334  
41  -81.7137101022087  
42  -81.77338524535658  
43  -81.82116660093776  
44  -81.87279180446413  
45  -81.92322061745166  
46  -81.99174047682443  
47  -82.02742134925553  
48  -82.12856194577269  
49  -82.17751663809965  
50  -82.24111374244858  
51  -82.3260895127304  
52  -82.41736402703167  
53  -82.50144809827545  
54  -82.58837136653969  
55  -82.66825866082847  
56  -82.78575863757122  
57  -82.87647696201967  
58  -82.95069070988085  
59  -83.03822007434542  
60  -83.10959000114592  
61  -83.00092110779319  
62  -83.12309531987343  
63  -83.17974009628144  
64  -83.07517817491683  
65  -83.003212525494  
66  -83.18015968871265  
67  -82.99681858749463  
68  -83.18033417516493  
69  -83.1894293036149  
70  -83.1924276756771  
71  -82.99632627362813  
72  -83.1924276756771  
73  -83.12034858605806  
74  -83.03632013089941  
75  -82.99718622641616  
76  -83.19243073610033  
77  -82.99656995349402  
78  -83.19243206429172  
79  -82.99616282232648  
80  -83.19243264145722  
81  -83.19249735825824  
82  -83.1928772770347  
83  -82.99603896329018  
84  -83.19287733012925  
85  -83.19304262435836  
86  -82.99601116702723  
87  -83.19304262435836  
88  -83.16018487579377  
89  -83.07085168069823  
90  -83.00271553611495  
91  -82.99599830223099  
92  -83.19304262577938  
93  -82.99598432876142  
94  -83.19304262653844  
95  -83.1930426271734  
96  -83.19305669710532  
97  -82.99597971762688  
98  -83.19305669725252  
99  -83.19305669719351  
100  -83.19305669725252  
102  -83.13755782899139  
103  -83.04141491071158  
104  -82.99822014395953  
105  -82.99597534117737  
106  -83.19305669711082  
107  -83.19305669736264  
108  -83.19305669691843  
109  -83.19305669736266  
110  -83.1930566975442  
111  -83.19305669754421  
112  -83.1930566969322  
113  -83.19305669754421  
