0  -1.6346423268842785  
1  -5.266873340236537  
2  -8.676918227602979  
3  -15.619939655405826  
4  -19.07191227995269  
5  -26.566450006109548  
6  -35.1883506667792  
7  -45.36260069211358  
8  -56.108235073337234  
9  -67.86533127616767  
10  -80.9337182785647  
11  -93.84456677466292  
12  -106.78803870877789  
13  -116.6755715458043  
14  -124.18425682655189  
15  -132.43083158005751  
16  -136.3916841103293  
17  -140.07255294617417  
18  -142.24739436853446  
19  -143.6453004219245  
20  -144.1797123874736  
21  -144.66391730165736  
22  -145.04537285168536  
23  -145.3002710535104  
24  -145.43900602059261  
25  -145.62170365671025  
26  -145.7749807923983  
27  -145.9591108411953  
28  -146.11366397424462  
29  -146.27264342614134  
30  -146.41279082946164  
31  -146.56170999140593  
32  -146.68235253349454  
33  -146.78618983274774  
34  -146.8807289608681  
35  -146.97810914356617  
36  -147.06726496221694  
37  -147.13329918680208  
38  -147.2178276188633  
39  -147.28810369445083  
40  -147.3573013181047  
41  -147.46591081955293  
42  -147.5315187322021  
43  -147.61693276410818  
44  -147.70456494938412  
45  -147.78313083315146  
46  -147.83548191591854  
47  -147.94108807498557  
48  -147.99763551518222  
49  -148.06847305241888  
50  -148.13904309324363  
51  -148.14217551070072  
52  -148.1687947691511  
53  -148.3447962839148  
54  -148.42212213337282  
55  -148.48839836566358  
56  -148.5646845102414  
57  -148.6568006619275  
58  -148.60257954074694  
59  -148.7206681811739  
60  -148.80151253075687  
61  -148.86778982966456  
62  -148.9322205517303  
63  -149.00929443493843  
64  -149.08993275882932  
65  -149.1516320514013  
66  -149.219940099271  
67  -149.29356501666928  
68  -149.35409821679667  
69  -149.40966891867865  
70  -149.4641511601261  
71  -149.52519222295214  
72  -149.56252358582842  
73  -149.62587576710382  
74  -149.6647352777263  
75  -149.70736173467657  
76  -149.7849459044678  
77  -149.77339523144593  
78  -149.83394686170257  
79  -149.8849786004206  
80  -149.93016617809175  
81  -149.9757380594394  
82  -150.02256529551664  
83  -150.07427414369567  
84  -150.122962762307  
85  -150.15937514832333  
86  -150.20675955688912  
87  -150.26192207872052  
88  -150.29700390291123  
89  -150.24176330498162  
90  -150.30345478498563  
91  -150.22949074556345  
92  -150.30541844412795  
93  -150.22017032127513  
94  -150.19921810830633  
95  -150.30541844412795  
96  -150.36474761688328  
97  -150.4244579813781  
98  -150.44754752935242  
99  -150.4981024306477  
100  -150.46265437546137  
101  -150.43131540404957  
102  -150.4983227072708  
103  -150.4280090116243  
104  -150.49841307653884  
105  -150.4257710718709  
106  -150.4984510042581  
107  -150.4242706105012  
108  -150.49846714030556  
109  -150.50022912284666  
110  -150.42393192572814  
111  -150.50022988097183  
112  -150.42367382749393  
113  -150.50023016065367  
114  -150.50046658393157  
115  -150.5098781744358  
116  -150.48750513368893  
117  -150.55267400867186  
118  -150.61215868926044  
119  -150.70272347274587  
120  -150.7298703353848  
121  -150.75449706893917  
122  -150.8070054481786  
123  -150.8462846900851  
124  -150.89591237311907  
125  -150.9486580303409  
126  -150.9783805432006  
127  -151.02439135663738  
128  -151.05620306532506  
129  -151.09431647963643  
130  -151.1383246758998  
131  -151.16765994010993  
132  -151.2086643301759  
133  -151.25698045309719  
134  -151.29143839769404  
135  -151.33447757208793  
136  -151.34228859675872  
137  -151.40843765976658  
138  -151.4318893019638  
139  -151.46627465316877  
140  -151.51277963855412  
141  -151.5227517307262  
142  -151.58363542594122  
143  -151.60199557432534  
144  -151.6375739388066  
145  -151.65987783747903  
146  -151.7042382221785  
147  -151.72955793423915  
148  -151.7554585852138  
149  -151.7964733217914  
150  -151.74935049294555  
151  -151.81807097061278  
152  -151.85582650290968  
153  -151.8838696865567  
154  -151.9158236311341  
155  -151.94107042571483  
156  -151.96834014065783  
157  -152.00132057387597  
158  -152.02263028379144  
159  -152.05475757343052  
160  -152.08313851087672  
161  -152.1045177833762  
162  -152.12629352907692  
163  -152.1474240146474  
164  -152.16968058588515  
165  -152.19055242217303  
166  -152.20680286309153  
167  -152.22963995754836  
168  -152.25078414917974  
169  -152.26754072550884  
170  -152.2878055972353  
171  -152.3018653197367  
172  -152.32657380753136  
173  -152.34070363969786  
174  -152.356557786348  
175  -152.3851251237195  
176  -152.39599818832107  
177  -152.42642243158411  
178  -152.43965677862766  
179  -152.45923696518878  
180  -152.48071342114991  
181  -152.50698552047788  
182  -152.523755586027  
183  -152.54281406107708  
184  -152.55903305370862  
185  -152.5792838062367  
186  -152.6001817275155  
187  -152.61594093434832  
188  -152.6332215149994  
189  -152.64891768380255  
190  -152.66488749358007  
191  -152.67873817652665  
192  -152.68845652534034  
193  -152.70790918974666  
194  -152.71290037361797  
195  -152.72740700600627  
196  -152.73735096294564  
197  -152.74863994705777  
198  -152.76450500235532  
199  -152.7375849488319  
200  -152.77275462856485  
201  -152.78836468113687  
202  -152.79905579680062  
203  -152.8143653523805  
204  -152.81865838594388  
205  -152.83193459560755  
206  -152.83991724355  
207  -152.84934201677805  
208  -152.8638823599626  
209  -152.8372614938991  
210  -152.87098425617563  
211  -152.88356085042747  
212  -152.89355815487912  
213  -152.90585156383474  
214  -152.91425776348123  
215  -152.92602177086516  
216  -152.9359450692216  
217  -152.94363434177248  
218  -152.96006536629235  
219  -152.97056069219676  
220  -152.98312187817692  
221  -152.99122701837518  
222  -153.00021102834694  
223  -153.00742851519877  
224  -153.02238738240243  
225  -153.0281255072805  
226  -153.03595828190325  
227  -153.04672492053842  
228  -153.05648022707157  
229  -153.0645509776287  
230  -153.07300622848913  
231  -153.07945430419792  
232  -153.0886930655416  
233  -153.09521612576634  
234  -153.1024556962182  
235  -153.1079630021764  
236  -153.1155187553744  
237  -153.1179562835301  
238  -153.12693452872304  
239  -153.13118781884535  
240  -153.13680487021637  
241  -153.1446463427035  
242  -153.14026788997842  
243  -153.14958006091564  
244  -153.15669658391604  
245  -153.162433049494  
246  -153.16954091603907  
247  -153.1735897664819  
248  -153.18235164746645  
249  -153.188131646607  
250  -153.19363712083572  
251  -153.20316850819123  
252  -153.1921887520577  
253  -153.20833063237558  
254  -153.216412505992  
255  -153.2227510831922  
256  -153.2300554561542  
257  -153.23611400526198  
258  -153.24286592251735  
259  -153.24997070056781  
260  -153.2548931382821  
261  -153.262612207605  
262  -153.27035271034194  
263  -153.27581759215036  
264  -153.28256637535358  
265  -153.2879069314892  
266  -153.29700638640344  
267  -153.3028632923003  
268  -153.30789367061692  
269  -153.31672300610796  
270  -153.32578440533408  
271  -153.33270069160156  
272  -153.34222276976448  
273  -153.34791245212267  
274  -153.35522999700393  
275  -153.36621397891102  
276  -153.3718896752116  
277  -153.3830333699351  
278  -153.39108056146455  
279  -153.40131705068112  
280  -153.40894200943248  
281  -153.4159075230524  
282  -153.42198059549807  
283  -153.43262336732732  
284  -153.4378449554464  
285  -153.4441321126196  
286  -153.45244781923802  
287  -153.46156576764002  
288  -153.4699590768261  
289  -153.47770408412651  
290  -153.48420364041147  
291  -153.49472379491286  
292  -153.50274214542412  
293  -153.5103300425579  
294  -153.5171741066502  
295  -153.52440266748388  
296  -153.5317128667752  
297  -153.53830921311985  
298  -153.54492593788115  
299  -153.55150422121847  
300  -153.5572262402576  
301  -152.5788252285266  
302  -153.55724347860564  
303  -152.57484205324562  
304  -153.55725093056347  
305  -152.57168704449145  
306  -153.557254161606  
307  -153.5592552745047  
308  -152.5906395579602  
309  -153.55930295650646  
310  -152.58451671067334  
311  -153.559323478308  
312  -152.57966018194278  
313  -153.55933235246246  
314  -153.5635720494446  
315  -152.60329303732826  
316  -153.5637054373398  
317  -152.59705244351844  
318  -153.56374273145292  
319  -152.591652577283  
320  -153.5637587853934  
321  -152.5871856001774  
322  -153.56376572889144  
323  -152.5813743630429  
324  -153.56376698739726  
325  -152.57976197166042  
326  -153.56376753466185  
327  -153.56382809230405  
328  -152.57819837552125  
329  -153.5638282188352  
330  -153.56383622593435  
331  -153.56425836472886  
332  -153.56453010366997  
333  -152.5781073294994  
334  -153.56453010366997  
335  -152.61737623933485  
336  -152.57818635422086  
337  -153.56453010605776  
338  -152.57799240249588  
339  -153.56453010650324  
340  -153.56453010746105  
341  -152.57796127077054  
342  -153.5645301069096  
343  -153.56453010746105  
