0  -0.31917758895501186  
1  -12.347264057669767  
2  -0.4259615533738674  
3  -28.545672543004795  
4  -48.99848231535552  
5  -55.86311778808398  
6  -76.88414340851972  
7  -78.29389279953877  
8  -90.64347121993609  
9  -99.8142355020081  
10  -104.25385181121257  
11  -111.10383461066871  
12  -115.38376171087559  
13  -119.5878134850382  
14  -121.8471279469228  
15  -124.23936121988268  
16  -125.90688103549763  
17  -127.23990015251405  
18  -128.376976683627  
19  -129.39845608170685  
20  -130.4215690726634  
21  -131.3871098829197  
22  -132.10218187864064  
23  -132.93144294687698  
24  -133.66047385980036  
25  -134.26523812061384  
26  -134.8183238700491  
27  -135.36046941471253  
28  -136.00931179502038  
29  -136.68795029459426  
30  -137.68532985708575  
31  -138.59449239718901  
32  -139.15413150722156  
33  -139.7600223715225  
34  -140.1652038571396  
35  -140.5094469664459  
36  -140.72084326065115  
37  -140.95558726024606  
38  -141.1081668436651  
39  -141.2566764767258  
40  -141.4178098977778  
41  -141.5786669761683  
42  -141.76165033574992  
43  -141.9641604703917  
44  -142.11730819534617  
45  -142.25559880386098  
46  -142.38554206595936  
47  -142.4995076706033  
48  -142.62566210591314  
49  -142.72640889073932  
50  -142.8561463899919  
51  -142.95849469842503  
52  -143.06467507600053  
53  -143.14805426688497  
54  -143.24000257079445  
55  -143.3438623246413  
56  -143.42907648956896  
57  -143.52970297129292  
58  -143.65776665442928  
59  -143.74339288029236  
60  -143.81894302485279  
61  -143.92643113794435  
62  -143.99347954225854  
63  -144.07699033545143  
64  -144.18220125736352  
65  -144.24942134819196  
66  -144.31005289789655  
67  -144.41582196450852  
68  -144.4757526657172  
69  -144.5577160587564  
70  -144.63866176250065  
71  -144.72231068319726  
72  -144.77560183412905  
73  -144.8674994107898  
74  -144.89431356306906  
75  -144.97955565237658  
76  -145.02298826884044  
77  -145.07757416106725  
78  -145.16463365244158  
79  -145.096426982937  
80  -145.2169461617797  
81  -145.31145060618616  
82  -145.37351659755143  
83  -145.44608593676085  
84  -145.4717082887732  
85  -145.54034781294132  
86  -145.58816897524815  
87  -145.63207609915943  
88  -145.70126129123577  
89  -145.60367725578863  
90  -145.73500529239013  
91  -145.7872465249158  
92  -145.826975626921  
93  -145.87856382772546  
94  -145.89678663700272  
95  -145.958561229703  
96  -145.99002164924767  
97  -146.0223233484324  
98  -146.07500155416903  
99  -145.9845233733336  
100  -146.10324552546527  
101  -146.15972276756335  
102  -146.19943996379106  
103  -146.23895601936687  
104  -146.2703257025522  
105  -146.30148597742226  
106  -146.34965702797305  
107  -146.37591034670214  
108  -146.40702429195935  
109  -146.45414846310229  
110  -146.4796971610366  
111  -146.49979674816427  
112  -146.53336546711748  
113  -146.5549888238074  
114  -146.5630438201481  
115  -146.6134445917672  
116  -146.62999744061256  
117  -146.65411434897973  
118  -146.68672336202135  
119  -146.69917832752154  
120  -146.74381163180863  
121  -146.75766430605623  
122  -146.78371524489933  
123  -146.8102474295176  
124  -146.84404961245784  
125  -146.86714163232682  
126  -146.89497798408635  
127  -146.91776377366844  
128  -146.9492661182234  
129  -146.98326992721462  
130  -147.00782036995045  
131  -147.02765806359824  
132  -147.0754672628151  
133  -147.10039156272228  
134  -147.13135640181775  
135  -147.17763822062298  
136  -147.2139885550048  
137  -147.2534430336255  
138  -147.2840219439723  
139  -147.3170413483526  
140  -147.3376648641714  
141  -147.3857839003549  
142  -147.4048629065696  
143  -147.4302453415009  
144  -147.47346486719042  
145  -147.48443896704833  
146  -147.53795297777972  
147  -147.5559259680634  
148  -147.58393867588052  
149  -147.61103249204047  
150  -147.64688473450138  
151  -147.66872784992225  
152  -147.69316347114824  
153  -147.71817521048914  
154  -147.7484451294439  
155  -147.77343246140126  
156  -147.80336334202545  
157  -147.82799275133894  
158  -147.8453587769925  
159  -147.87981683618926  
160  -147.8928934857823  
161  -147.91221377342973  
162  -147.94130271721582  
163  -147.95941870943804  
164  -147.99945567794637  
165  -148.0148124657073  
166  -148.04709639227409  
167  -148.06211832621756  
168  -148.086832706191  
169  -148.11325595998414  
170  -148.1409665295839  
171  -148.16444260411913  
172  -148.1888370975503  
173  -148.21738626935462  
174  -148.24894806081238  
175  -148.28008678787208  
176  -148.30424166186887  
177  -148.33412204128024  
178  -148.369511340552  
179  -148.4042709872866  
180  -148.43654027549397  
181  -148.47068829289796  
182  -148.49998741230633  
183  -148.52682406896486  
184  -148.560044292019  
185  -148.58103426018673  
186  -148.60158083190117  
187  -148.62460380913907  
188  -148.64280373433587  
189  -148.6708846164037  
190  -148.69047104286153  
191  -148.7079707793736  
192  -148.72732661638122  
193  -148.74422847549016  
194  -148.76277205505158  
195  -148.78043787516285  
196  -148.79572546179878  
197  -148.81404448655903  
198  -148.8335284364204  
199  -148.85479576408156  
200  -148.87389445267047  
201  -148.89366713374596  
202  -148.91356275790594  
203  -148.93466497491522  
204  -148.95869315665064  
205  -148.98053013133412  
206  -149.00086294060688  
207  -149.02122261365952  
208  -149.04315219641424  
209  -149.06606517772028  
210  -149.08599104923422  
211  -149.11230908518968  
212  -149.13451784594469  
213  -149.1607757681765  
214  -149.18337707130434  
215  -149.2045292117004  
216  -149.22358260769778  
217  -149.2586762536593  
218  -149.27538724037547  
219  -149.29904087967867  
220  -149.324830599161  
221  -149.35705163196783  
222  -149.37644014411651  
223  -149.39897137090634  
224  -149.41759134501808  
225  -149.44133502336504  
226  -149.4615332819319  
227  -149.48015924902649  
228  -149.49834372027829  
229  -149.52174331323653  
230  -149.5391381790446  
231  -149.55693118215123  
232  -149.57201016117853  
233  -149.59597848532687  
234  -149.6086195434875  
235  -149.62450731523836  
236  -149.64020386192163  
237  -149.66042077010238  
238  -149.67578868618517  
239  -149.69148899547565  
240  -149.7043088753274  
241  -149.7210509556384  
242  -149.73363756630047  
243  -149.7462300438848  
244  -149.76112917721196  
245  -149.77907383429815  
246  -149.78951669028504  
247  -149.8050338981126  
248  -149.81432635669074  
249  -149.82974994110575  
250  -149.84215535107379  
251  -149.85179991607313  
252  -149.86971250684445  
253  -149.87512501526967  
254  -149.89462436534447  
255  -149.9023713891232  
256  -149.9136690469421  
257  -149.9261693100847  
258  -149.94062740528273  
259  -149.95010454707182  
260  -149.96448351456186  
261  -149.97266596497474  
262  -149.9836150896445  
263  -149.9971677670787  
264  -150.00573387287199  
265  -150.01603760269748  
266  -150.03588765385618  
267  -150.0444344668456  
268  -150.05594458561922  
269  -150.0719872285985  
270  -150.07705972377047  
271  -150.09642771066203  
272  -150.102881753786  
273  -150.1160929424775  
274  -150.1272714586864  
275  -150.14219231071849  
276  -150.1505920259408  
277  -150.1592974481719  
278  -150.1724655164063  
279  -150.18023554523992  
280  -150.19590035204058  
281  -150.20378499299883  
282  -150.21341246476229  
283  -150.2266510406615  
284  -150.24190366874925  
285  -150.25314408345835  
286  -150.26739027047435  
287  -150.27725698292605  
288  -150.28786787747228  
289  -150.3066406962442  
290  -150.3161343734178  
291  -150.331521669365  
292  -150.3454316295199  
293  -150.35318944848214  
294  -150.36610233562456  
295  -150.3745768002406  
296  -150.38483408309085  
297  -150.39155677857465  
298  -150.3984454271771  
299  -150.41070210760415  
300  -150.4180185328359  
301  -150.42868580710416  
302  -150.4355827260333  
303  -150.44262252160584  
304  -150.45030202798876  
305  -150.46139312020892  
306  -150.46731890456462  
307  -150.47497778522626  
308  -150.48321084163345  
309  -150.4932538538916  
310  -150.50164584893497  
311  -150.51064908692854  
312  -150.51874263494315  
313  -150.5268741096009  
314  -150.53920572731278  
315  -150.54669996348318  
316  -150.5537226341868  
317  -150.56596128633552  
318  -150.57499258070777  
319  -150.57890167539006  
320  -150.59797048384937  
321  -150.60328978577007  
322  -150.61232833058807  
323  -150.61974955262613  
324  -150.63039327298608  
325  -150.6373589351095  
326  -150.6430475344205  
327  -150.6502302686619  
328  -150.65820261764546  
329  -150.6639405047118  
330  -150.67105821882083  
331  -150.67683232759333  
332  -150.6819061261239  
333  -150.69123963659416  
334  -150.69555109218282  
335  -150.6996955767084  
336  -150.70864949207305  
337  -150.71347259588254  
338  -150.70912371196212  
339  -150.7190305634163  
340  -150.72798209455527  
341  -150.7329683156305  
342  -150.74056071637636  
343  -150.74527208734938  
344  -150.7505141397414  
345  -150.7567422730831  
346  -150.761019973967  
347  -150.76886445274465  
348  -150.77715934259038  
349  -150.7814301229959  
350  -150.78831544960556  
351  -150.79302332715054  
352  -150.79894493986916  
353  -150.80714934914377  
354  -150.8111991387858  
355  -150.81738002845694  
356  -150.82671489797616  
357  -150.83011484403377  
358  -150.83712644246398  
359  -150.83884905171  
360  -150.8476909913067  
361  -150.85152859997856  
362  -150.85576429960742  
363  -150.8623198064636  
364  -150.86916638299053  
365  -150.8797708094924  
366  -150.88431156514895  
367  -150.89104220067875  
368  -150.8937525177159  
369  -150.9010316834177  
370  -150.90583886789813  
371  -150.91060122075146  
372  -150.9191117468235  
373  -150.90196201242696  
374  -150.92412530295059  
375  -150.93336931192584  
376  -150.94065627983065  
377  -150.94999053847988  
378  -150.9581024218772  
379  -150.9672884719111  
380  -150.97789583413828  
381  -150.98592877032797  
382  -150.99701283562297  
383  -151.0098862876912  
384  -151.01869025336958  
385  -151.02965151392112  
386  -151.0338160916866  
387  -151.0529998578803  
388  -151.06107160153172  
389  -151.0713633498807  
390  -151.08859519247565  
391  -151.0936459930011  
392  -151.12380436085257  
393  -151.1340302878932  
394  -151.152328238893  
395  -151.16207356379576  
396  -151.1836525448899  
397  -151.19502239443995  
398  -151.20497346944765  
399  -151.21944041864325  
400  -151.22486711573848  
401  -151.24066912658685  
402  -151.24562712941918  
403  -151.2565229381892  
404  -151.26670401403914  
405  -151.27756967597216  
406  -151.28260964564188  
407  -151.29234246745133  
408  -151.29541133063125  
409  -151.30390677642745  
410  -151.3088976798541  
411  -151.3137827018621  
412  -151.32225017754422  
413  -151.31242831618474  
414  -151.3268440529337  
415  -151.33451429325333  
416  -151.33977672327586  
417  -151.34519148998115  
418  -151.35032662856887  
419  -151.35414065679112  
420  -151.35929581113655  
421  -151.36268398536976  
422  -151.3667786673166  
423  -151.37172698734676  
424  -151.37511755236144  
425  -151.37848486601362  
426  -151.38461653770264  
427  -151.38740117826418  
428  -151.3915950420979  
429  -151.39778989716686  
430  -151.4046299680823  
431  -151.41058001390002  
432  -151.41783931465642  
433  -151.42345263965652  
434  -151.43189349211178  
435  -151.44072941166172  
436  -151.45045822124948  
437  -151.45656401250918  
438  -151.4681690992009  
439  -151.47412214544704  
440  -151.48417346772192  
441  -151.49237384127645  
442  -151.50066665833373  
443  -151.51573363745152  
444  -151.50078653220834  
445  -151.5240254374232  
446  -151.53370626220268  
447  -151.541466805449  
448  -151.54940756606547  
449  -151.55717410957413  
450  -151.56586602201025  
451  -151.57323498722678  
452  -151.57909627801817  
453  -151.5837230163918  
454  -151.59289681050004  
455  -151.59706212668303  
456  -151.60280144547613  
457  -151.60967804936035  
458  -151.61645982986732  
459  -151.62134852018767  
460  -151.62764990306718  
461  -151.6317770223203  
462  -151.6367818314969  
463  -151.64369956599194  
464  -151.64915616995717  
465  -151.65235617936725  
466  -151.66122078312895  
467  -151.66471262956023  
468  -151.66918553935488  
469  -151.67294929348674  
470  -151.6794315833343  
471  -151.68638257298113  
472  -151.69048231564923  
473  -151.6981045337849  
474  -151.70204464199793  
475  -151.70777560332334  
476  -151.71393066774803  
477  -151.724372975438  
478  -151.73056679869256  
479  -151.73614751056226  
480  -151.74258073016435  
481  -151.75139440082256  
482  -151.7618084509288  
483  -151.76970882494845  
484  -151.7778102874619  
485  -151.78504628622895  
486  -151.79534943225806  
487  -151.80364791047694  
488  -151.81166812881406  
489  -151.824330230851  
490  -151.8312991529751  
491  -151.84125235474235  
492  -151.84681296191482  
493  -151.86223704213026  
494  -151.86638059256518  
495  -151.87522695168232  
496  -151.8788353364478  
497  -151.8882971068239  
498  -151.8940186309505  
499  -151.89986509615923  
500  -151.90818047997445  
501  -151.91363078068332  
502  -151.92250743715974  
503  -151.92681920802423  
504  -151.93329350731324  
505  -151.94327687584874  
506  -151.95026474520805  
507  -151.95681070567392  
508  -151.9629252122528  
509  -151.96904435927098  
510  -151.97294621797556  
511  -151.98521017917344  
512  -151.98929491866267  
513  -151.99554165535483  
514  -152.00385294543372  
515  -152.01185917592326  
516  -152.01887670840384  
517  -152.02523081091766  
518  -152.03061702019326  
519  -152.0386351756773  
520  -152.04462150662698  
521  -152.05011477081598  
522  -152.0558205003218  
523  -152.06055428469347  
524  -152.0660600129026  
525  -152.0703302281879  
526  -152.07503666917313  
527  -152.07989694547462  
528  -152.08788941795197  
529  -152.09085947648651  
530  -152.09579797365367  
531  -152.09897981225973  
532  -152.10425648610857  
533  -152.10817108304582  
534  -152.11126617006215  
535  -152.11710961686416  
536  -152.1172907636021  
537  -152.12091305990205  
538  -152.12498231981954  
539  -152.12897133240995  
540  -152.13312853338746  
541  -152.13779949982847  
542  -152.14165707478415  
543  -152.14582819379027  
544  -152.1489730300983  
545  -152.15333985577553  
546  -152.15749560784906  
547  -152.1618840095525  
548  -152.16493784152146  
549  -152.16995719778006  
550  -152.1713584069749  
551  -152.1778306555146  
552  -152.18098263898543  
553  -152.18484901441545  
554  -152.1900325345413  
555  -152.19138072135314  
556  -152.19962643596415  
557  -152.2023150969665  
558  -152.20702530658414  
559  -152.2133368148133  
560  -152.22034391823584  
561  -152.2259603379586  
562  -152.2337863682782  
563  -152.2384040953188  
564  -152.24376564027105  
565  -152.25261744213438  
566  -152.25711975927453  
567  -152.264736928086  
568  -152.26736048399198  
569  -152.2780765645699  
570  -152.28243108009747  
571  -152.28860273149763  
572  -152.2948394580863  
573  -152.30236714478824  
574  -152.30920808020448  
575  -152.3158176173776  
576  -152.3219581308031  
577  -152.32775619342587  
578  -152.33640588839475  
579  -152.34192020597564  
580  -152.3471582201981  
581  -152.35646764692314  
582  -152.36188412786052  
583  -152.37000599374628  
584  -152.37917526832345  
585  -152.38467320698334  
586  -152.39374948315205  
587  -152.39736319118106  
588  -152.40639882472456  
589  -152.41069179429255  
590  -152.41577502509733  
591  -152.4248875599665  
592  -152.42771395874985  
593  -152.43841726387507  
594  -152.44180259221676  
595  -152.44712105312252  
596  -152.45163520897566  
597  -152.4581623674671  
598  -152.46271997568374  
599  -152.46669715550595  
600  -152.47277791918142  
601  -152.47902804589776  
602  -152.4827378069994  
603  -152.48885364144576  
604  -152.49027298346272  
605  -152.49571756070878  
606  -152.49873483482602  
607  -152.5016011390853  
608  -152.50621802773713  
609  -152.49876012532954  
610  -152.50861167786735  
611  -152.51343258767724  
612  -152.51685001423752  
613  -152.52158571078658  
614  -152.52367697438848  
615  -152.52685796837477  
616  -152.5293439532304  
617  -152.53194155647154  
618  -152.53558479024753  
619  -152.53953627883996  
620  -152.5418098625242  
621  -152.5454927122189  
622  -152.54747742076603  
623  -152.55026116233827  
624  -152.55283773119015  
625  -152.55471393481503  
626  -152.55732583717736  
627  -152.560749308548  
628  -152.56286239673668  
629  -152.56572103576514  
630  -152.56720025021812  
631  -152.57000005104408  
632  -152.57241460835664  
633  -152.57434861257528  
634  -152.57833768735267  
635  -152.57370549816685  
636  -152.58000208371482  
637  -152.58220610849045  
638  -152.5838667005992  
639  -152.58632117655316  
640  -152.58758512175407  
641  -152.5899948556535  
642  -152.5914897099908  
643  -152.59310056231246  
644  -152.59590484621145  
645  -152.59622940036553  
646  -152.59784149905192  
647  -152.60004745496175  
648  -152.60213793133602  
649  -152.60424703782436  
650  -152.60624648761737  
651  -152.60912278257211  
652  -152.61109587614652  
653  -152.6128620520543  
654  -152.61561627334004  
655  -152.6189803777042  
656  -152.62191504569282  
657  -152.6249390386633  
658  -152.62768123434736  
659  -152.63060580705275  
660  -152.63508026004678  
661  -152.6376445497742  
662  -152.6411974717618  
663  -152.64586871118155  
664  -152.6493157249951  
665  -152.65180341624801  
666  -152.6582367094449  
667  -152.66136664378286  
668  -152.66544256169453  
669  -152.67200196113373  
670  -152.67662211178947  
671  -152.6833882599368  
672  -152.69228052846708  
673  -152.69731553360694  
674  -152.7051622479693  
675  -152.70959757276125  
676  -152.71684191917458  
677  -152.72222239884  
678  -152.72710796001547  
679  -152.7362046878646  
680  -152.74201236389416  
681  -152.75119259808145  
682  -152.75642391527552  
683  -152.76238117547967  
684  -152.76435337742575  
685  -152.77570954797426  
686  -152.77972830315588  
687  -152.7845782251378  
688  -152.79099177990676  
689  -152.79675302950096  
690  -152.80191427703355  
691  -152.80619639017416  
692  -152.81062073057976  
693  -152.81225641318792  
694  -152.82033263769677  
695  -152.82273653645666  
696  -152.82668574994648  
697  -152.8319658337022  
698  -152.83617218263603  
699  -152.84150530697144  
700  -152.84513894572646  
701  -152.84887055691448  
702  -152.8521529899156  
703  -152.85842459084938  
704  -152.86137991805012  
705  -152.8648787965791  
706  -152.8698535590395  
707  -152.87307190859758  
708  -152.87815084757594  
709  -152.88059458717532  
710  -152.88405777373796  
711  -152.88629493277654  
712  -152.89119777238645  
713  -152.8934938368455  
714  -152.8966499514886  
715  -152.9009394449089  
716  -152.9052431479431  
717  -152.90868907771258  
718  -152.9130044009765  
719  -152.9163170649301  
720  -152.92091029634844  
721  -152.92599431139584  
722  -152.93009533994334  
723  -152.93325138310178  
724  -152.93849975863031  
725  -152.94135932343596  
726  -152.94435792775056  
727  -152.9491164659323  
728  -152.95206687929996  
729  -152.95485970138694  
730  -152.96184918833845  
731  -152.96435772189886  
732  -152.96842371912496  
733  -152.97266741586196  
734  -152.97806640848148  
735  -152.98257562625776  
736  -152.98730136713743  
737  -152.99168165785943  
738  -152.996583018247  
739  -153.00413629727316  
740  -153.00895677152496  
741  -153.01625430324592  
742  -153.02276354019347  
743  -153.03047041652835  
744  -153.03603430002065  
745  -153.04315874113948  
746  -153.04903584410704  
747  -153.05645516859045  
748  -153.06221018638269  
749  -153.06743493109957  
750  -153.07080792880325  
751  -153.07912447768345  
752  -153.0826791209359  
753  -153.0871452516364  
754  -153.09384104131084  
755  -153.0943775616624  
756  -153.09825713081332  
757  -153.10250329205874  
758  -153.10618505759538  
759  -153.10975549230253  
760  -153.11385374833478  
761  -153.11756405706402  
762  -153.1212983792882  
763  -153.1243111854589  
764  -153.12674599459615  
765  -153.1304658803928  
766  -153.13228318706732  
767  -153.13477805922832  
768  -153.13718786924832  
769  -153.13897977779948  
770  -153.14309204924237  
771  -153.13910092699632  
772  -153.1451475504982  
773  -153.14777483231697  
774  -153.14970523208322  
775  -153.15209236775567  
776  -153.15426173350207  
777  -153.15638655069517  
778  -153.15874739744265  
779  -153.1603584305565  
780  -153.16300854288727  
781  -153.16493735676806  
782  -153.166807686643  
783  -153.16902751974663  
784  -153.17075816851255  
785  -153.17302791385092  
786  -153.17548706561794  
787  -153.17781853979798  
788  -153.17999475055026  
789  -153.18292661664861  
790  -153.18524482852976  
791  -153.1883862412756  
792  -153.19197815655528  
793  -153.19498648675847  
794  -153.19770368837328  
795  -153.20296962276436  
796  -153.20685333025918  
797  -153.2106983754715  
798  -153.2169196937576  
799  -153.22094318167845  
800  -153.2271840380719  
801  -153.23097274013563  
802  -153.23636251283205  
803  -153.23977966601188  
804  -153.24390185806027  
805  -153.24607988704787  
806  -153.25123519815025  
807  -153.25385711782576  
808  -153.2569098690064  
809  -153.26069015241373  
810  -153.26429757427272  
811  -153.26710993220584  
812  -153.2695201675418  
813  -153.27176852237636  
814  -153.27487983306722  
815  -153.2770988838577  
816  -153.279055771201  
817  -153.28090830431302  
818  -153.28301196505512  
819  -153.2849906216565  
820  -153.28667288461625  
821  -153.28853249362626  
822  -153.29065697860395  
823  -153.2924223599633  
824  -153.2942026438856  
825  -153.2959826780069  
826  -153.298159190009  
827  -153.3000848535528  
828  -153.30212892839543  
829  -153.3040533769005  
830  -153.3062066429583  
831  -153.30839791545333  
832  -153.3106373435526  
833  -153.31353964155085  
834  -153.31602283878493  
835  -153.31869721817893  
836  -153.32097547692985  
837  -153.324297248003  
838  -153.32629330990926  
839  -153.32978101439988  
840  -153.33270403569685  
841  -153.3352598464007  
842  -153.3400654986259  
843  -153.34347456882745  
844  -153.3470488507892  
845  -153.34978442289653  
846  -153.35305629484841  
847  -153.35674130230538  
848  -153.36148723414124  
849  -153.3646542163018  
850  -153.36837253482955  
851  -153.3732049047972  
852  -153.37797022288783  
853  -153.38175204652686  
854  -153.38719286671346  
855  -153.39059132831684  
856  -153.39457614948873  
857  -153.40068558764239  
858  -153.4036940633603  
859  -153.40674711863426  
860  -153.41297664037745  
861  -153.41564961660575  
862  -153.42009524321927  
863  -153.4215996420644  
864  -153.42690566112694  
865  -153.42884198590744  
866  -153.43178230812927  
867  -153.43551017198916  
868  -153.43835392380805  
869  -153.4411013612445  
870  -153.44351894847557  
871  -153.4460678708408  
872  -153.44844486476913  
873  -153.45191830962062  
874  -153.45357703234748  
875  -153.45579589865864  
876  -153.4591840526002  
877  -153.46259522758047  
878  -153.46494069886631  
879  -153.46765681328864  
880  -153.46968540398845  
881  -153.4720403394607  
882  -153.47529932136888  
883  -153.47788638266834  
884  -153.4792429775716  
885  -153.48327032408358  
886  -153.4835951789914  
887  -153.48500730290047  
888  -153.48669906454145  
889  -153.49045055815967  
890  -153.49211978063525  
891  -153.4935399863519  
892  -153.49669481123283  
893  -153.49878545258497  
894  -153.5016213412627  
895  -153.5040770960176  
896  -153.50549761781107  
897  -153.5080340531732  
898  -153.51001679376213  
899  -153.51312015227884  
900  -153.51550988219267  
901  -153.51739540978338  
902  -153.51972327171262  
903  -153.5237473117311  
904  -153.52605544389712  
905  -153.52845564597234  
906  -153.53132010368694  
907  -153.53488447774873  
908  -153.53743029390625  
909  -153.54015234468395  
910  -153.54273800689248  
911  -153.54547455661887  
912  -153.54872635955235  
913  -153.55053381539636  
914  -153.55262512357464  
915  -153.55683454646558  
916  -153.55836711135404  
917  -153.5601500819042  
918  -153.56216276945955  
919  -153.56443210739099  
920  -153.56787808402396  
921  -153.5606657993616  
922  -153.5696412779377  
923  -153.57312799746865  
924  -153.5757971636457  
925  -153.5793927058483  
926  -153.58192035563812  
927  -153.58482300051764  
928  -153.58815891494044  
929  -153.59048462147186  
930  -153.59368135887456  
931  -153.59916862803186  
932  -153.60176866654487  
933  -153.60524398313467  
934  -153.60866485487432  
935  -153.61314715496414  
936  -153.61689247983895  
937  -153.62022014857945  
938  -153.6238450995315  
939  -153.6278248162674  
940  -153.63292409132345  
941  -153.63684085154446  
942  -153.6398458456864  
943  -153.64709140729448  
944  -153.65123845699244  
945  -153.6549264437331  
946  -153.6624158984232  
947  -153.66751963451105  
948  -153.66777041824568  
949  -153.6726041312531  
950  -153.68026418303816  
951  -153.6868548925528  
952  -153.6936949212499  
953  -153.70049803483738  
954  -153.70590116136052  
955  -153.71441937649863  
956  -153.71805763127327  
957  -153.7239416024726  
958  -153.7289128851295  
959  -153.73290755337703  
960  -153.73994633381713  
961  -153.74638551344046  
962  -153.75158374994666  
963  -153.75717708309247  
964  -153.76110576604515  
965  -153.76657873215075  
966  -153.77292967819665  
967  -153.77665344950577  
968  -153.78309296791699  
969  -153.78891838406327  
970  -153.79429094695186  
971  -153.79899054293307  
972  -153.80395238887687  
973  -153.80986286634968  
974  -153.81502659647455  
975  -153.82017600980458  
976  -153.8255536867247  
977  -153.83124136488618  
978  -153.83602253731016  
979  -153.84045376962177  
980  -153.84517890615817  
981  -153.8495419073745  
982  -153.85315915746145  
983  -153.85725461957085  
984  -153.86047100226673  
985  -153.86471281784645  
986  -153.86699714886072  
987  -153.8695541459982  
988  -153.87360712865637  
989  -153.877069633157  
990  -153.87918997363525  
991  -153.8823596839976  
992  -153.88462639195484  
993  -153.8875583838934  
994  -153.89143751669783  
995  -153.8937183082475  
996  -153.89614145588246  
997  -153.90053795946932  
998  -153.90318368774555  
999  -153.90688529712955  
1000  -153.90998001269648  
1001  -153.91307823808012  
1002  -153.91486000590956  
1003  -153.91806588344903  
1004  -153.9195903535646  
1005  -153.9221574518423  
1006  -153.92369476747191  
1007  -153.92539227401397  
1008  -153.92836864947216  
1009  -153.92943804642925  
1010  -153.93195390244185  
1011  -153.93286261330607  
1012  -153.9342315374435  
1013  -153.9355991879395  
1014  -153.93745395965476  
1015  -153.93862679781017  
1016  -153.9397863092908  
1017  -153.94118020570616  
1018  -153.94264013243114  
