0  -0.9266335644095015  
1  -14.496829600671362  
2  -31.63294176289141  
3  -57.46899240645836  
4  -54.6562393492705  
5  -70.76127773466123  
6  -85.71954480732961  
7  -96.50429021068717  
8  -104.43883305540247  
9  -109.26827111441473  
10  -113.61616740173488  
11  -116.55236659690387  
12  -118.48013307163342  
13  -120.32657919279106  
14  -121.78776884989458  
15  -123.30906737510786  
16  -125.08877199451574  
17  -126.44198421538849  
18  -127.87633843469794  
19  -129.03477215800453  
20  -129.84692996902604  
21  -130.75176660695536  
22  -131.13296463003408  
23  -131.7603209448291  
24  -132.06156356481674  
25  -132.39840349685753  
26  -132.5569586528112  
27  -132.9516037437589  
28  -133.1966364641309  
29  -133.51512233864094  
30  -133.94000522162187  
31  -134.0059810722145  
32  -134.53859929963676  
33  -134.73035324899809  
34  -134.9240548399681  
35  -135.25261218906402  
36  -135.31179784551114  
37  -135.6587243023885  
38  -135.7744559325763  
39  -135.93741798520927  
40  -136.11442830936207  
41  -136.30083614063395  
42  -136.422876663199  
43  -136.59608357954934  
44  -136.79579755071262  
45  -137.0806166643698  
46  -137.5162942749722  
47  -137.91120135485326  
48  -138.40918121275368  
49  -138.79641076738196  
50  -139.01967405021313  
51  -139.2137372561484  
52  -139.46826867307294  
53  -139.7914010467586  
54  -140.14321299662998  
55  -140.48348187101422  
56  -140.61944269387283  
57  -140.89293477842278  
58  -141.02861765361024  
59  -141.2008407613095  
60  -141.29367955632114  
61  -141.4595844475244  
62  -141.59667010550405  
63  -141.75422892479676  
64  -142.09933067803016  
65  -141.9436183945198  
66  -142.30618399676757  
67  -142.71713061957232  
68  -142.99637848994163  
69  -143.12589881431873  
70  -143.19751465854122  
71  -143.28536276434062  
72  -143.37253412124724  
73  -143.47850614870623  
74  -143.5749060242651  
75  -143.6759617789468  
76  -143.8020766694114  
77  -143.9105468202683  
78  -144.00735584223625  
79  -144.0909559903713  
80  -144.1440901320143  
81  -144.23003442744854  
82  -144.26948695918796  
83  -144.39361638240305  
84  -144.44524205126933  
85  -144.5144263870313  
86  -144.60512834337018  
87  -144.69819717633985  
88  -144.75982792437551  
89  -144.82598900648304  
90  -144.8712194623191  
91  -144.9178794151925  
92  -144.99015390599558  
93  -145.02620331529923  
94  -145.07452870303464  
95  -145.1406396532091  
96  -145.20008738507858  
97  -145.2300062014066  
98  -145.2782620494689  
99  -145.31447574115464  
100  -145.36025998658144  
101  -145.4015499540957  
102  -145.43822801706483  
103  -145.50376300616443  
104  -145.5667845698867  
105  -145.6195011116758  
106  -145.68559671734593  
107  -145.73185370606927  
108  -145.78835515954157  
109  -145.86039773072702  
110  -145.9007235439257  
111  -145.93760213106285  
112  -146.02961481177397  
113  -146.07304570307988  
114  -146.11943926635024  
115  -146.17969663712313  
116  -146.22926883905154  
117  -146.31809040230374  
118  -146.36353833658274  
119  -146.43554219086468  
120  -146.4773400640144  
121  -146.53478881138912  
122  -146.59668736622302  
123  -146.65746150460188  
124  -146.70762180689516  
125  -146.74613533870092  
126  -146.79908317729516  
127  -146.85022853815252  
128  -146.88473481332917  
129  -146.9241800951481  
130  -146.95433024242922  
131  -147.00186494924313  
132  -147.03635918350585  
133  -147.06619909194518  
134  -147.1250185202909  
135  -147.14915570656754  
136  -147.1923350064963  
137  -147.21320966275678  
138  -147.2463133270626  
139  -147.27470296900722  
140  -147.31843449659553  
141  -147.34180166132896  
142  -147.36912356730605  
143  -147.40466909291243  
144  -147.41006836826983  
145  -147.46299677431566  
146  -147.47814019461524  
147  -147.50444147351405  
148  -147.5394118476577  
149  -147.5712457243128  
150  -147.60210519856707  
151  -147.6318791162599  
152  -147.65440842854133  
153  -147.68097040102876  
154  -147.7145196683963  
155  -147.73124503976538  
156  -147.76123286275825  
157  -147.76999359284846  
158  -147.81210435194677  
159  -147.8286323434885  
160  -147.84946478712484  
161  -147.87952586068963  
162  -147.87437707494416  
163  -147.8999450915719  
164  -147.9268914326117  
165  -147.94701570332487  
166  -147.97295837817867  
167  -147.99856159936465  
168  -148.0196198914638  
169  -148.04813944817505  
170  -148.0657968617827  
171  -148.08360029529223  
172  -148.11654937935722  
173  -148.13340326877807  
174  -148.14909474561716  
175  -148.1882817291593  
176  -148.20614724164292  
177  -148.23228944302875  
178  -148.24726812644255  
179  -148.29695846504245  
180  -148.30849529122767  
181  -148.3391698514283  
182  -148.35235924570262  
183  -148.37854591825138  
184  -148.39472602860928  
185  -148.41601074634795  
186  -148.44843895388416  
187  -148.4457717985606  
188  -148.47040444130621  
189  -148.49529529745118  
190  -148.51863558178326  
191  -148.54165791109153  
192  -148.5684314559542  
193  -148.59238913975364  
194  -148.61402055367748  
195  -148.62948572132882  
196  -148.65437535033422  
197  -148.67707780190855  
198  -148.70144019496766  
199  -148.71790003119918  
200  -148.74122126516957  
201  -148.76367681413114  
202  -148.78326237707634  
203  -148.8035777155177  
204  -148.8197386997268  
205  -148.84624624422423  
206  -148.86618952262182  
207  -148.8863122613002  
208  -148.9085092339058  
209  -148.9267784359661  
210  -148.94685067029033  
211  -148.96886592029347  
212  -148.9841597993336  
213  -149.00282025088953  
214  -149.02292158801325  
215  -149.04041774015548  
216  -149.05695694802904  
217  -149.08185425414547  
218  -149.09714355480546  
219  -149.11295443487288  
220  -149.13733517472497  
221  -149.15258240230136  
222  -149.17139434031787  
223  -149.19475295087565  
224  -149.2144678145345  
225  -149.22793847689823  
226  -149.25683860309255  
227  -149.258509255429  
228  -149.269226686995  
229  -149.2835694383222  
230  -149.31054770816328  
231  -149.32229002642396  
232  -149.33582992162445  
233  -149.36416858698402  
234  -149.37914312921785  
235  -149.40481507375063  
236  -149.42347713723666  
237  -149.4458869875602  
238  -149.4663669303574  
239  -149.483547568872  
240  -149.50415621340292  
241  -149.52315555187482  
242  -149.54541932806384  
243  -149.56605584808358  
244  -149.58968143012703  
245  -149.61036740502448  
246  -149.62981710045443  
247  -149.65521633865788  
248  -149.67727961089696  
249  -149.69930966149204  
250  -149.72400609577917  
251  -149.7460287386728  
252  -149.7721657801621  
253  -149.79723780199936  
254  -149.8224306025508  
255  -149.850050764947  
256  -149.8768117807912  
257  -149.90364587262317  
258  -149.92616084374524  
259  -149.95444337501604  
260  -149.98059971948638  
261  -150.00829933672745  
262  -150.02534742628058  
263  -150.05555245396707  
264  -150.05502013623035  
265  -150.07032074467858  
266  -150.0868008190854  
267  -150.11075700672617  
268  -150.12495992802633  
269  -150.14156437832594  
270  -150.15955217010827  
271  -150.17427440630468  
272  -150.19534396855295  
273  -150.21441170901574  
274  -150.23154622141857  
275  -150.24624828859666  
276  -150.26834620625402  
277  -150.28665372651258  
278  -150.3025551350476  
279  -150.31595514971363  
280  -150.33289571753602  
281  -150.35040839121902  
282  -150.36794584070657  
283  -150.38036948989605  
284  -150.39616046156573  
285  -150.40937415106728  
286  -150.4332848951902  
287  -150.44721461296342  
288  -150.46443393394821  
289  -150.4846226903247  
290  -150.50846256740687  
291  -150.52716480907353  
292  -150.54790058131078  
293  -150.56190595864007  
294  -150.57879689521482  
295  -150.5968324235564  
296  -150.60977661545783  
297  -150.63380135557205  
298  -150.65959777309251  
299  -150.67358339724953  
300  -150.69783997994094  
301  -150.71173063485577  
302  -150.73309500310427  
303  -150.75369637695093  
304  -150.7663941939316  
305  -150.7931369854558  
306  -150.81231741169236  
307  -150.8312925648036  
308  -150.84855433316557  
309  -150.86481607572304  
310  -150.88259028798475  
311  -150.90659567119607  
312  -150.92020129075544  
313  -150.93933008708112  
314  -150.9610717326959  
315  -150.9845083214347  
316  -151.0005066668999  
317  -151.02222551498056  
318  -151.03540998077924  
319  -151.04978324694932  
320  -151.0709989437658  
321  -151.08253908870824  
322  -151.0901160263587  
323  -151.12634906055933  
324  -151.13592357373915  
325  -151.15673361890478  
326  -151.17601847057836  
327  -151.19858796136543  
328  -151.21241223658328  
329  -151.22775857601567  
330  -151.24564122084507  
331  -151.26550478256624  
332  -151.28223456249984  
333  -151.29744870569553  
334  -151.3081543187454  
335  -151.32656423097802  
336  -151.33383895532535  
337  -151.35459069768189  
338  -151.36303055057954  
339  -151.37507711139548  
340  -151.38856450593326  
341  -151.4047821402559  
342  -151.41656067345616  
343  -151.4298774591986  
344  -151.4377004492393  
345  -151.44927165010196  
346  -151.46155950112905  
347  -151.46963330094565  
348  -151.4736363817277  
349  -151.4914694990867  
350  -151.49748572027548  
351  -151.50572738816075  
352  -151.51760041041564  
353  -151.512055991605  
354  -151.52528082225678  
355  -151.53546209436965  
356  -151.54222891546402  
357  -151.5532881579835  
358  -151.56018266069566  
359  -151.56970704955864  
360  -151.57762952376115  
361  -151.58356320125017  
362  -151.59779456607723  
363  -151.57917504569394  
364  -151.60370753335053  
365  -151.61283003442946  
366  -151.62073696454834  
367  -151.63011613593233  
368  -151.63619752301778  
369  -151.6467434801104  
370  -151.65411642809414  
371  -151.660641527086  
372  -151.6695966887749  
373  -151.67990411029342  
374  -151.68648701384168  
375  -151.69541073490674  
376  -151.70193250832617  
377  -151.70811886563106  
378  -151.7177786916607  
379  -151.7227310107614  
380  -151.7299480787865  
381  -151.7355585165431  
382  -151.74401557348085  
383  -151.74769460137534  
384  -151.756010833363  
385  -151.75295050631584  
386  -151.7599485578678  
387  -151.76535989041955  
388  -151.77174688148398  
389  -151.77659009813195  
390  -151.78170300595153  
391  -151.7869462400648  
392  -151.791883684803  
393  -151.7975005318213  
394  -151.80297423487056  
395  -151.8084924005966  
396  -151.81367367268777  
397  -151.8177408956495  
398  -151.8242059955634  
399  -151.8271277991366  
400  -151.83268100369625  
401  -151.83713653263112  
402  -151.84163928770167  
403  -151.8497698000391  
404  -151.84331893114145  
405  -151.8545193775826  
406  -151.86108692172712  
407  -151.86633142095164  
408  -151.8724671714106  
409  -151.87854985664447  
410  -151.88440671460742  
411  -151.89156135078937  
412  -151.89591190016392  
413  -151.90164139522804  
414  -151.90808890593777  
415  -151.9170688570673  
416  -151.9205003132971  
417  -151.92938265359572  
418  -151.93045677437857  
419  -151.94017771946858  
420  -151.9444384014157  
421  -151.9505289609551  
422  -151.9581158582803  
423  -151.95727952233892  
424  -151.96395239186228  
425  -151.97084433129993  
426  -151.97596778615878  
427  -151.98256893033818  
428  -151.9892756085495  
429  -151.9952951484317  
430  -152.0025563980543  
431  -152.00745317240958  
432  -152.01446366860586  
433  -152.0191228581838  
434  -152.02922122349716  
435  -152.03301779486537  
436  -152.04104595199317  
437  -152.04745776116619  
438  -152.0558721489729  
439  -152.0623682772873  
440  -152.0686186719577  
441  -152.0750554027516  
442  -152.081732185096  
443  -152.09076228126776  
444  -152.0954633441976  
445  -152.10103349613192  
446  -152.1099760370892  
447  -152.11415999026386  
448  -152.11824579746056  
449  -152.1258235412575  
450  -152.13003821895495  
451  -152.13109858883016  
452  -152.14202433074308  
453  -152.1448421770798  
454  -152.1492772246687  
455  -152.15398819724084  
456  -152.1596482086938  
457  -152.16415394027277  
458  -152.16824477058356  
459  -152.17195555545905  
460  -152.1758053409013  
461  -152.1804115349556  
462  -152.18449725705992  
463  -152.1874192260912  
464  -152.1925211989084  
465  -152.19531692356793  
466  -152.19798326819267  
467  -152.20166187535145  
468  -152.20444842504216  
469  -152.2070974443423  
470  -152.21277609782393  
471  -152.21501061751573  
472  -152.21797058757812  
473  -152.22053433499926  
474  -152.2244187935714  
475  -152.22765142288466  
476  -152.23032510567154  
477  -152.23414737232324  
478  -152.2382723430747  
479  -152.24114158256774  
480  -152.2453817422472  
481  -152.24805148859573  
482  -152.25048828824572  
483  -152.2543355029189  
484  -152.25651615220497  
485  -152.26056867332196  
486  -152.26058151919358  
487  -152.26268423136645  
488  -152.26571815853154  
489  -152.26905851097675  
490  -152.27168766113223  
491  -152.27446028160526  
492  -152.27693865852115  
493  -152.28004411113386  
494  -152.28281786867436  
495  -152.28525698155016  
496  -152.28898956870654  
497  -152.29150958383457  
498  -152.29384908563628  
499  -152.29840716876254  
500  -152.30063567136224  
501  -152.3031427792164  
502  -152.30869851595168  
503  -152.3110115776242  
504  -152.31293775577987  
505  -152.31668572267554  
506  -152.31945347635832  
507  -152.32436442943626  
508  -152.3289276653117  
509  -152.33229750866224  
510  -152.33588446380855  
511  -152.33898126685835  
512  -152.34359659931738  
513  -152.34695871827174  
514  -152.35012918178927  
515  -152.35344181302412  
516  -152.3565202913421  
517  -152.35993427426712  
518  -152.36302046857372  
519  -152.36558893167896  
520  -152.36895965251946  
521  -152.37198267565955  
522  -152.3749065262782  
523  -152.37773783142705  
524  -152.38106525458204  
525  -152.38431922243979  
526  -152.38706528526893  
527  -152.39037981545917  
528  -152.394274545187  
529  -152.39792005778017  
530  -152.40151663732917  
531  -152.40480125782307  
532  -152.40919309429165  
533  -152.41293575412604  
534  -152.41569917365888  
535  -152.4200349110042  
536  -152.4238744415427  
537  -152.42883456974974  
538  -152.4331160057462  
539  -152.4370315657426  
540  -152.44325842770868  
541  -152.44999245318587  
542  -152.45420750512136  
543  -152.46126542896354  
544  -152.46556700913436  
545  -152.47093829992966  
546  -152.47746413999246  
547  -152.48175594178196  
548  -152.48424682660794  
549  -152.4949281718256  
550  -152.49800047451555  
551  -152.50383720632624  
552  -152.51038652062974  
553  -152.51718723574444  
554  -152.5219109977647  
555  -152.5285381188833  
556  -152.5336120210267  
557  -152.53925689582115  
558  -152.54880004622632  
559  -152.5536484574632  
560  -152.56123560859209  
561  -152.56356782430387  
562  -152.57378394773727  
563  -152.57786122137455  
564  -152.58410875837578  
565  -152.5912467662023  
566  -152.59125706947032  
567  -152.59657565800407  
568  -152.6030661721383  
569  -152.6086565041606  
570  -152.61535558232595  
571  -152.620965321337  
572  -152.6286880088154  
573  -152.63445651658574  
574  -152.6398555416586  
575  -152.64561778165205  
576  -152.65580797677396  
577  -152.66044759295752  
578  -152.66534178726693  
579  -152.6726547630681  
580  -152.67540278414313  
581  -152.68552238097172  
582  -152.68874933481035  
583  -152.69388460526835  
584  -152.70014344010056  
585  -152.70651599857902  
586  -152.71068055882537  
587  -152.7159114879064  
588  -152.7198388398433  
589  -152.7238918122249  
590  -152.73090908123854  
591  -152.73397778239922  
592  -152.73781692589247  
593  -152.74209737262294  
594  -152.74566055679267  
595  -152.75107325010455  
596  -152.75711600847154  
597  -152.76051659990375  
598  -152.76464841469135  
599  -152.7685412927084  
600  -152.7733538171595  
601  -152.77802906823612  
602  -152.78063369659145  
603  -152.78587222755434  
604  -152.79027697451224  
605  -152.79474343380093  
606  -152.79857173054538  
607  -152.80147278724198  
608  -152.80526071659457  
609  -152.81041218055802  
610  -152.81300983954958  
611  -152.8167613731338  
612  -152.8192726040546  
613  -152.82327918509358  
614  -152.8263182751254  
615  -152.82877519550905  
616  -152.83267440688192  
617  -152.83615904366866  
618  -152.83856707242086  
619  -152.841514818815  
620  -152.84385418502382  
621  -152.8468982886146  
622  -152.84986916464536  
623  -152.85286505721115  
624  -152.85472000659502  
625  -152.85837018898613  
626  -152.85969281342472  
627  -152.86217882122304  
628  -152.8639443497951  
629  -152.8661515055294  
630  -152.8691153335406  
631  -152.8683641071803  
632  -152.87108011282479  
633  -152.8731798707755  
634  -152.8749343061021  
635  -152.8769630373253  
636  -152.87889005912749  
637  -152.88121205707213  
638  -152.8830167556188  
639  -152.88462660239418  
640  -152.8867064369865  
641  -152.8895428644328  
642  -152.89129043604288  
643  -152.893591415492  
644  -152.89563870561648  
645  -152.89846255887724  
646  -152.90112143213082  
647  -152.90344053540727  
648  -152.90566265846388  
649  -152.90907234304785  
650  -152.91126044274097  
651  -152.91371952922762  
652  -152.91639283663105  
653  -152.91984320041738  
654  -152.922468623829  
655  -152.9252611294498  
656  -152.92768150161754  
657  -152.9304228975573  
658  -152.93378320459263  
659  -152.9359432397769  
660  -152.93876397193546  
661  -152.94236805166153  
662  -152.94414934259305  
663  -152.94726721979677  
664  -152.9472699049561  
665  -152.9493769897814  
666  -152.95226783056157  
667  -152.95526239648126  
668  -152.95788621798033  
669  -152.96078802693683  
670  -152.96380649522752  
671  -152.96693896218375  
672  -152.9699401101406  
673  -152.97219934523207  
674  -152.9754737507504  
675  -152.97725935369843  
676  -152.98004265542633  
677  -152.9825354348201  
678  -152.98472176612464  
679  -152.98936859398506  
680  -152.9794357972782  
681  -152.99134186227272  
682  -152.99474412103996  
683  -152.99734597697926  
684  -153.00042921482301  
685  -153.00341999357232  
686  -153.00699978073118  
687  -153.0103470263867  
688  -153.013571511307  
689  -153.01678025566724  
690  -153.02069359110925  
691  -153.02085207718935  
692  -153.02394343818685  
693  -153.02802052280396  
694  -153.0321709823324  
695  -153.0357366520844  
696  -153.03994370567335  
697  -153.04510528340973  
698  -153.0492355550881  
699  -153.05271534620314  
700  -153.05744674647275  
701  -153.0614856391162  
702  -153.0660701216151  
703  -153.07032278641952  
704  -153.07358812182258  
705  -153.0767943472169  
706  -153.08160873992577  
707  -153.08552262597698  
708  -153.0883178873026  
709  -153.09235486128395  
710  -153.09491003166494  
711  -153.0976769686368  
712  -153.1023092218984  
713  -153.10433468749818  
714  -153.10636110792964  
715  -153.109603990079  
716  -153.11151631561964  
717  -153.11420175280796  
718  -153.11836228569894  
719  -153.11973693257207  
720  -153.1227366754019  
721  -153.12368145484044  
722  -153.12702840599133  
723  -153.12832502337366  
724  -153.1301701381736  
725  -153.13239026238432  
726  -153.1349346528421  
727  -153.1365095525505  
728  -153.1383836348791  
729  -153.13998762499216  
730  -153.14158655672165  
731  -153.14392455160473  
732  -153.145498192827  
733  -153.14666384978216  
734  -153.14965912502305  
735  -153.1507644753041  
736  -153.15222812908974  
737  -153.1542995873251  
738  -153.15558577730147  
739  -153.1583045840948  
740  -153.16004087085935  
741  -153.1616818188262  
742  -153.16269967656376  
743  -153.16404906248405  
744  -153.16572114756147  
745  -153.1678138196184  
746  -153.1689395144027  
747  -153.17041570040172  
748  -153.1716379518606  
749  -153.17327586280703  
750  -153.1751419472549  
751  -153.17632781076873  
752  -153.1775119739089  
753  -153.1794235986613  
754  -153.18053907165685  
755  -153.1819617867523  
756  -153.18377372048352  
757  -153.18609275792497  
758  -153.1875000029344  
759  -153.18911946235448  
760  -153.19115879982857  
761  -153.1932928533957  
762  -153.19569270514222  
763  -153.1975460464683  
764  -153.1992138631377  
765  -153.20241314514246  
766  -153.20571684968442  
767  -153.2080132350312  
768  -153.211467949989  
769  -153.21362557311303  
770  -153.21603476628877  
771  -153.22105050666858  
772  -153.22348153570175  
773  -153.22732652046216  
774  -153.2286170164423  
775  -153.2365164104024  
776  -153.23857079169866  
777  -153.2438248198876  
778  -153.248090851878  
779  -153.25279685373275  
780  -153.25663954173592  
781  -153.26143101040165  
782  -153.2655800053634  
783  -153.27045216109664  
784  -153.277345933708  
785  -153.28087461134882  
786  -153.2852416995299  
787  -153.29495583254442  
788  -153.2981638310944  
789  -153.30401610082993  
790  -153.30982374013183  
791  -153.3150590308923  
792  -153.32266307387943  
793  -153.32630502107645  
794  -153.33412375676278  
795  -153.33757303109635  
796  -153.34234807221225  
797  -153.3486281547136  
798  -153.35566239675322  
799  -153.35972369017497  
800  -153.36527549112537  
801  -153.3693270890663  
802  -153.37466310792774  
803  -153.3812800306989  
804  -153.38467662519847  
805  -153.39011443305  
806  -153.39549761245323  
807  -153.4005820509151  
808  -153.404119512638  
809  -153.40848353803358  
810  -153.4118621415419  
811  -153.41543202861533  
812  -153.41870708112896  
813  -153.42173641285396  
814  -153.42459033570967  
815  -153.42879132962403  
816  -153.43085556029982  
817  -153.4340042363226  
818  -153.4363037237445  
819  -153.4405650616637  
820  -153.4426790502082  
821  -153.44497898344306  
822  -153.4484756118431  
823  -153.4504817776982  
824  -153.4540767146548  
825  -153.45567654761416  
826  -153.45804097468798  
827  -153.45992789235385  
828  -153.46337927435857  
829  -153.4651081397086  
830  -153.46726225206032  
831  -153.46969238931638  
832  -153.47262276089762  
833  -153.47486527938537  
834  -153.4773225235272  
835  -153.47951595606327  
836  -153.4816287542378  
837  -153.48449554695347  
838  -153.4860678335499  
839  -153.4877297516189  
840  -153.49077237126465  
841  -153.49221888704125  
842  -153.49517472435372  
843  -153.4961359819834  
844  -153.49861520775275  
845  -153.50002466358478  
846  -153.5014662584057  
847  -153.5039260182184  
848  -153.502093531769  
849  -153.50532124470874  
850  -153.5074093996502  
851  -153.50895182804112  
852  -153.51088893135682  
853  -153.51257873745965  
854  -153.5139848668068  
855  -153.51577321010123  
856  -153.51686254130038  
857  -153.51837617096996  
858  -153.51961076766085  
859  -153.5218197674203  
860  -153.52246354948528  
861  -153.52423569475377  
862  -153.52463125147034  
863  -153.52642020753586  
864  -153.52716598533434  
865  -153.52822131334372  
866  -153.52969608174936  
867  -153.52975276196656  
868  -153.53078389196475  
869  -153.53206240245018  
870  -153.53303549855323  
871  -153.5341760972799  
872  -153.53542884990415  
873  -153.5365825366581  
874  -153.53788273374  
875  -153.5388876744557  
876  -153.54018212726857  
877  -153.54158534858823  
878  -153.5429692993446  
879  -153.54388904498057  
880  -153.54557426664562  
881  -153.54633831011782  
882  -153.54747868300328  
883  -153.548812616314  
884  -153.54978925412567  
885  -153.55170364179213  
886  -153.55287242924575  
887  -153.5542190760197  
888  -153.55512270038065  
889  -153.55637502876925  
890  -153.55818769658367  
891  -153.55987427838832  
892  -153.56121330286535  
893  -153.56311080082497  
894  -153.56442876332846  
895  -153.56652457039874  
896  -153.56763454932815  
897  -153.5693784478018  
898  -153.57076752682528  
899  -153.5723055093329  
900  -153.57437463314116  
901  -153.57626475217475  
902  -153.57785174706518  
903  -153.57959747256575  
904  -153.58103448030153  
905  -153.58291216744826  
906  -153.58503076572393  
907  -153.58615392154877  
908  -153.58770779534322  
909  -153.58919449090928  
910  -153.59136030967295  
911  -153.5929062270235  
912  -153.59401551502577  
913  -153.59622382103254  
914  -153.598783173319  
915  -153.600826085687  
916  -153.60319926522027  
917  -153.6051666251889  
918  -153.60715547986308  
919  -153.61058394614918  
920  -153.61226685158658  
921  -153.6146945907652  
922  -153.6175485282464  
923  -153.61995505892324  
924  -153.62495588542086  
925  -153.62949254640563  
926  -153.6336331018582  
927  -153.6373397952738  
928  -153.64100049667888  
929  -153.6466545579087  
930  -153.65109178221945  
931  -153.65531744844523  
932  -153.65878206922892  
933  -153.66365194973648  
934  -153.6683201697836  
935  -153.67177159229416  
936  -153.6749571763214  
937  -153.67792528874423  
938  -153.68229223531324  
939  -153.68550199016028  
940  -153.68872232406255  
941  -153.6910000963098  
942  -153.6935939956948  
943  -153.6961396444545  
944  -153.6994866753065  
945  -153.70244355322728  
946  -153.70508902065117  
947  -153.70670507044852  
948  -153.71105403556405  
949  -153.71321586938166  
950  -153.71572624140788  
951  -153.71932046354604  
952  -153.721333597754  
953  -153.7250697311494  
954  -153.7267301064751  
955  -153.72938312789194  
956  -153.73094450081706  
957  -153.735362344326  
958  -153.7373485043371  
959  -153.7396007597699  
960  -153.74309332143613  
961  -153.74169422811212  
962  -153.74556821686295  
963  -153.74957098626803  
964  -153.7525535943084  
965  -153.75587724066528  
966  -153.7587098640278  
967  -153.76149857518706  
968  -153.7653952364281  
969  -153.76799939905655  
970  -153.7721548874816  
971  -153.77388005410924  
972  -153.77771527522728  
973  -153.77979121766492  
974  -153.7824223941927  
975  -153.7863353995531  
976  -153.78553753898325  
977  -153.78872579894653  
978  -153.79124920197742  
979  -153.7933505313535  
980  -153.79551457547083  
981  -153.79816215651533  
982  -153.8008574196207  
983  -153.80287921897857  
984  -153.80461548917577  
985  -153.80692630600248  
986  -153.8094759415642  
987  -153.8118936919911  
988  -153.81408673697194  
989  -153.81635683705767  
990  -153.81836874049654  
991  -153.82105489305252  
992  -153.8232360734166  
993  -153.8259937562478  
994  -153.82805586547107  
995  -153.8302852515871  
996  -153.83199066107218  
997  -153.83496555004106  
998  -153.83561151333734  
999  -153.8393729402034  
1000  -153.84097042668617  
1001  -153.84301567421284  
1002  -153.84565753244817  
1003  -153.84393824654293  
1004  -153.84747908198244  
1005  -153.85031788400877  
1006  -153.85233883436544  
1007  -153.85458463277482  
1008  -153.85660236638313  
1009  -153.8585121007478  
1010  -153.8614378273771  
1011  -153.86307201606655  
1012  -153.8651846086015  
1013  -153.8676856985229  
1014  -153.8696682846489  
1015  -153.87101540105851  
1016  -153.87320519285367  
1017  -153.8743092233539  
1018  -153.87577859826445  
1019  -153.87796185184013  
1020  -153.8791835100164  
1021  -153.87913484994775  
1022  -153.88048869579566  
1023  -153.88238352166726  
1024  -153.8838045226283  
