0  -3.29294097082186  
1  -16.43386604206094  
2  -3.7713993813771585  
3  -33.029506185750925  
4  -54.069562363941515  
5  -57.33958179804213  
6  -78.82923771380943  
7  -88.31484356355666  
8  -101.44406613936953  
9  -107.5749373467997  
10  -113.38216696731374  
11  -118.9596874914965  
12  -122.95670371639152  
13  -126.55998220575322  
14  -128.5692225868998  
15  -130.83900137480708  
16  -132.28104829657354  
17  -133.2185109626194  
18  -134.15894896738033  
19  -134.5013420898597  
20  -134.93557355491072  
21  -135.11233583764286  
22  -135.4561795861261  
23  -135.717336357605  
24  -135.97473710893777  
25  -136.13277982421184  
26  -136.33971323380968  
27  -136.47324541115864  
28  -136.66431403940567  
29  -136.85031897323995  
30  -136.97247392084728  
31  -137.19622657619627  
32  -137.3774811505773  
33  -137.51031066328642  
34  -137.70259828536268  
35  -137.85983724658152  
36  -138.02241422439016  
37  -138.1706578595903  
38  -138.2865747616594  
39  -138.459995600601  
40  -138.54245017458493  
41  -138.7552743383331  
42  -138.84782127754343  
43  -138.9590616677565  
44  -139.05101667666017  
45  -139.2022136057363  
46  -139.30534888008413  
47  -139.40741237355226  
48  -139.64444627440366  
49  -139.83076312157334  
50  -140.24785534967017  
51  -140.8704401221268  
52  -141.31023861205074  
53  -141.7506042633107  
54  -141.97613313666832  
55  -142.11113510425344  
56  -142.30885857403322  
57  -142.43139470074564  
58  -142.5515236995589  
59  -142.65394333399826  
60  -142.74707704384812  
61  -142.86043945410137  
62  -142.9711809594442  
63  -143.09070427307438  
64  -143.23354976750173  
65  -143.3360019446275  
66  -143.42739757665976  
67  -143.55057235844396  
68  -143.632711425877  
69  -143.73229901668492  
70  -143.84716119208736  
71  -143.92556102573528  
72  -144.00819939578855  
73  -144.12160763266354  
74  -144.20938536595384  
75  -144.30335561779714  
76  -144.39393345407856  
77  -144.4653693694889  
78  -144.53807694868428  
79  -144.646306456044  
80  -144.7377753832833  
81  -144.81172740748232  
82  -144.91720255832226  
83  -144.98049480769896  
84  -145.06570939168233  
85  -145.15812646380175  
86  -145.22443255709152  
87  -145.282954094084  
88  -145.3755108759816  
89  -145.4149721462911  
90  -145.4748679743291  
91  -145.52703283433672  
92  -145.58038664048001  
93  -145.63179104874837  
94  -145.6776051140008  
95  -145.78567951822316  
96  -145.8293560165457  
97  -145.91876955102342  
98  -145.96861880499688  
99  -146.02834106683156  
100  -146.09622352848749  
101  -146.15525646718677  
102  -146.21182216103608  
103  -146.25200744995746  
104  -146.3098739154618  
105  -146.36899893934702  
106  -146.42561741629706  
107  -146.47742215519423  
108  -146.54781609532074  
109  -146.60311608999035  
110  -146.6561889203062  
111  -146.71548920627978  
112  -146.75133235095265  
113  -146.79428019098629  
114  -146.86128665819402  
115  -146.9014434758871  
116  -146.95166313262882  
117  -147.0142412618115  
118  -147.06456697608834  
119  -147.09639247854392  
120  -147.15562350166027  
121  -147.18766453884214  
122  -147.22356064018592  
123  -147.27717590789763  
124  -147.3102699948207  
125  -147.3385217270433  
126  -147.40322407211283  
127  -147.42748043834212  
128  -147.47388629511667  
129  -147.5102735800728  
130  -147.56018263447035  
131  -147.5929813616007  
132  -147.62117532131077  
133  -147.65727560634343  
134  -147.7005386643479  
135  -147.73389049808515  
136  -147.78039962763003  
137  -147.794167540298  
138  -147.83986203244106  
139  -147.86700305192517  
140  -147.89366257564728  
141  -147.93455597678403  
142  -147.88118766807978  
143  -147.95829776516246  
144  -147.99504035684765  
145  -148.02274532180456  
146  -148.05954422607977  
147  -148.0815842314693  
148  -148.1153630048314  
149  -148.1398095197264  
150  -148.15998653466784  
151  -148.20468748611688  
152  -148.1518078666085  
153  -148.22261691613468  
154  -148.26054227736515  
155  -148.28662987460055  
156  -148.30855044101264  
157  -148.3259170999599  
158  -148.35139040674153  
159  -148.376780406725  
160  -148.40090008609837  
161  -148.4330171812894  
162  -148.45258144364772  
163  -148.47705322012362  
164  -148.4795513520347  
165  -148.49744857157123  
166  -148.52677614627936  
167  -148.55577018650172  
168  -148.58200773658072  
169  -148.61278494698348  
170  -148.6451309400184  
171  -148.67878546954697  
172  -148.7070131022185  
173  -148.73796228208812  
174  -148.78076105736795  
175  -148.80980294824033  
176  -148.8384641448505  
177  -148.8702647776048  
178  -148.8959797109556  
179  -148.92473868291404  
180  -148.9585977096854  
181  -148.97614658962942  
182  -149.00229077066277  
183  -149.0110032580524  
184  -149.04319348199448  
185  -149.05672498527625  
186  -149.07346228607915  
187  -149.10190942782972  
188  -149.08376395596778  
189  -149.1170889215416  
190  -149.13831862876577  
191  -149.15337895132603  
192  -149.17016500768554  
193  -149.18580971975948  
194  -149.19968369756984  
195  -149.21699263339886  
196  -149.2304394873876  
197  -149.24592414854575  
198  -149.2672434640793  
199  -149.2844442958907  
200  -149.2974683730039  
201  -149.31855174164028  
202  -149.33076428283172  
203  -149.346063440409  
204  -149.36417980344447  
205  -149.3767443555937  
206  -149.38880674108114  
207  -149.4150200941176  
208  -149.42601406655075  
209  -149.4427786055961  
210  -149.4466499108711  
211  -149.46928018801165  
212  -149.47929467160856  
213  -149.49118619677967  
214  -149.51083532819965  
215  -149.53573991705824  
216  -149.56061686383995  
217  -149.57308808960158  
218  -149.58573687964767  
219  -149.59740754870265  
220  -149.6109892161815  
221  -149.6318138604666  
222  -149.64026064809877  
223  -149.64919224436676  
224  -149.67322993175802  
225  -149.68569242497176  
226  -149.6946054189343  
227  -149.72171356326817  
228  -149.73006434404348  
229  -149.74589802775216  
230  -149.75793366489938  
231  -149.77568560074383  
232  -149.791064037957  
233  -149.804395385862  
234  -149.829647913526  
235  -149.85563369135858  
236  -149.87292926638918  
237  -149.8949614372012  
238  -149.90866602527078  
239  -149.92404349666108  
240  -149.944035880397  
241  -149.9557062893473  
242  -149.97782298360502  
243  -150.0017210536216  
244  -150.01363595287583  
245  -150.02948201365183  
246  -150.04760653200685  
247  -150.06691286637817  
248  -150.0812743479751  
249  -150.09640323229706  
250  -150.11145471752712  
251  -150.12667206628726  
252  -150.14041824283922  
253  -150.1521540819775  
254  -150.16552287262513  
255  -150.1816101163114  
256  -150.19585451751814  
257  -150.20740230121385  
258  -150.22008492973788  
259  -150.23577285507787  
260  -150.2504657373559  
261  -150.26256431697374  
262  -150.27699918521046  
263  -150.2935019377285  
264  -150.30763566515003  
265  -150.32116084563566  
266  -150.33454952013523  
267  -150.35042488870104  
268  -150.36285535756343  
269  -150.37426771647154  
270  -150.3844857061928  
271  -150.39763700147412  
272  -150.41128537621904  
273  -150.42284380573847  
274  -150.43288950626507  
275  -150.4482463596371  
276  -150.4579148129246  
277  -150.46766395390557  
278  -150.48655141068244  
279  -150.49409180077762  
280  -150.50375241456774  
281  -150.51901765945598  
282  -150.52669858603468  
283  -150.535727079437  
284  -150.5513762283376  
285  -150.55960232638645  
286  -150.5714457668548  
287  -150.58439676273454  
288  -150.59610634230938  
289  -150.60288284603865  
290  -150.61305843345735  
291  -150.6214849018687  
292  -150.63232514876722  
293  -150.64092346451582  
294  -150.64703569969635  
295  -150.66063517384418  
296  -150.6706363643247  
297  -150.67941673281965  
298  -150.68784990311045  
299  -150.69570638646994  
300  -150.70838804281857  
301  -150.7202330692154  
302  -150.72826150307426  
303  -150.73988816011544  
304  -150.74952651284372  
305  -150.76101645351437  
306  -150.77347070277492  
307  -150.78181948444004  
308  -150.79441519822177  
309  -150.80471759085526  
310  -150.8148207885384  
311  -150.8247870372132  
312  -150.83351079179738  
313  -150.8450794036629  
314  -150.8553476977209  
315  -150.86608791156036  
316  -150.8763209911813  
317  -150.88675353303395  
318  -150.89687449830868  
319  -150.90605803450956  
320  -150.91696536241176  
321  -150.92743177624968  
322  -150.93686246398264  
323  -150.94635926068577  
324  -150.9555808177915  
325  -150.9648433824506  
326  -150.97336486812745  
327  -150.98326037401876  
328  -150.9892858100268  
329  -151.00137404720056  
330  -151.00617940908518  
331  -151.01472728879787  
332  -151.0232046336776  
333  -151.03352553906345  
334  -151.04200091904528  
335  -151.04995861088665  
336  -151.05688602930144  
337  -151.06359186427042  
338  -151.0729020270745  
339  -151.07798239101186  
340  -151.08310029841545  
341  -151.09400337028345  
342  -151.0982232836261  
343  -151.10241323523834  
344  -151.1114277381756  
345  -151.11575968630805  
346  -151.11680784353806  
347  -151.12198347420582  
348  -151.13115253896265  
349  -151.13671266718706  
350  -151.14360935449076  
351  -151.14889533284034  
352  -151.15398395894286  
353  -151.16088548341625  
354  -151.165638630244  
355  -151.17298251634085  
356  -151.17769044035848  
357  -151.181596027516  
358  -151.18735350525267  
359  -151.1922729097567  
360  -151.19790789498794  
361  -151.20397814217358  
362  -151.20901385516788  
363  -151.21413818423966  
364  -151.22026387882138  
365  -151.22521528501164  
366  -151.23222663110303  
367  -151.23832402444168  
368  -151.2447454501391  
369  -151.24997134246445  
370  -151.25671977535768  
371  -151.2628744125153  
372  -151.26921865920613  
373  -151.2738064066548  
374  -151.28042386273844  
375  -151.28465197282767  
376  -151.2924737378788  
377  -151.29737158707434  
378  -151.30194710617045  
379  -151.3092560640403  
380  -151.30621381223557  
381  -151.3141759495674  
382  -151.32089841777452  
383  -151.32588735128456  
384  -151.33170218598315  
385  -151.33650924791095  
386  -151.3422896870158  
387  -151.34804606102435  
388  -151.35258043855035  
389  -151.35765694866697  
390  -151.36352212106925  
391  -151.36811815104394  
392  -151.37400985155034  
393  -151.37701730190014  
394  -151.38524107351597  
395  -151.3890952562713  
396  -151.39356854372687  
397  -151.4015498701295  
398  -151.40349821802886  
399  -151.41482320537466  
400  -151.41819817844362  
401  -151.42464662328976  
402  -151.42825093815438  
403  -151.43631283914647  
404  -151.44015062119146  
405  -151.44421493909744  
406  -151.45053298566611  
407  -151.4401496363855  
408  -151.4541031666631  
409  -151.46041438356355  
410  -151.46502063706183  
411  -151.4706990880777  
412  -151.4760576093059  
413  -151.48113122570504  
414  -151.48775388563618  
415  -151.49314424863078  
416  -151.49724267354355  
417  -151.50480346676093  
418  -151.50909561609765  
419  -151.5142113702364  
420  -151.52128062117075  
421  -151.52549988278346  
422  -151.53714332172552  
423  -151.54066465789427  
424  -151.55105785490193  
425  -151.55514741397428  
426  -151.562425871453  
427  -151.57086847815438  
428  -151.58057362593155  
429  -151.58740540575465  
430  -151.59528988644226  
431  -151.60135191482263  
432  -151.60916671537652  
433  -151.62051460622425  
434  -151.6270778218286  
435  -151.6331665082433  
436  -151.6442396726765  
437  -151.6509942785213  
438  -151.65953631466076  
439  -151.66618315044022  
440  -151.6709780794763  
441  -151.67759760570837  
442  -151.68496436429925  
443  -151.68979378356903  
444  -151.69557815296028  
445  -151.7005999119887  
446  -151.706384742953  
447  -151.71199871392884  
448  -151.71623150206125  
449  -151.72041246685765  
450  -151.7261888894807  
451  -151.7294383953892  
452  -151.7342767738969  
453  -151.73566901106716  
454  -151.74279625986335  
455  -151.74544144767316  
456  -151.74859097850074  
457  -151.7537117362989  
458  -151.75263579460983  
459  -151.75742980622744  
460  -151.76362584321976  
461  -151.7673917392603  
462  -151.77201560587469  
463  -151.77597285282044  
464  -151.7799324548451  
465  -151.7865441565463  
466  -151.79018765549253  
467  -151.79401504120315  
468  -151.80076353326285  
469  -151.80422442410708  
470  -151.80828640012913  
471  -151.8150777104492  
472  -151.82018459927096  
473  -151.8230600842612  
474  -151.83034720903495  
475  -151.8350794156158  
476  -151.84138827991467  
477  -151.8496177409088  
478  -151.85637061385506  
479  -151.86148897401384  
480  -151.87007501018988  
481  -151.87612890294852  
482  -151.88163927212875  
483  -151.88876812435598  
484  -151.89467865066  
485  -151.9009961453363  
486  -151.91047340341837  
487  -151.9149292336527  
488  -151.92243740316914  
489  -151.9299055954959  
490  -151.93921755090065  
491  -151.94531794905376  
492  -151.9522511932017  
493  -151.958009913322  
494  -151.96712122155228  
495  -151.9750440197821  
496  -151.98189039903258  
497  -151.99376861215865  
498  -151.9929367103313  
499  -152.0006992371706  
500  -152.0077219540651  
501  -152.01384527237633  
502  -152.02120951975098  
503  -152.03077636692868  
504  -152.03992282034474  
505  -152.04733570119078  
506  -152.05330348281046  
507  -152.06061392979373  
508  -152.06880655875636  
509  -152.07580013497358  
510  -152.08129925702815  
511  -152.08889950890824  
512  -152.09437621806134  
513  -152.1016771566976  
514  -152.10932733569516  
515  -152.11531948156102  
516  -152.12016528498262  
517  -152.12830115014418  
518  -152.13457300120524  
519  -152.13856072526758  
520  -152.14672719051785  
521  -152.15077807893033  
522  -152.1557992933231  
523  -152.1629526483724  
524  -152.1667673163911  
525  -152.17132600248476  
526  -152.17736747217006  
527  -152.1813683216841  
528  -152.18597313627976  
529  -152.19197181051388  
530  -152.19501865921984  
531  -152.19825219281307  
532  -152.20215808850406  
533  -152.2056488288836  
534  -152.2094115741522  
535  -152.21327133894854  
536  -152.21624401239148  
537  -152.21897488638285  
538  -152.22172591117905  
539  -152.22582951000098  
540  -152.22829982648642  
541  -152.23095477145006  
542  -152.23456332327723  
543  -152.23808128132342  
544  -152.2402889185455  
545  -152.24332913400627  
546  -152.24531390944583  
547  -152.24746679616837  
548  -152.25046950778034  
549  -152.2521872970149  
550  -152.2550960476048  
551  -152.2559362187927  
552  -152.26022315233607  
553  -152.26163137623553  
554  -152.263703546604  
555  -152.26617329794186  
556  -152.26451741352872  
557  -152.26793844561578  
558  -152.27070213985982  
559  -152.272779006832  
560  -152.27555982486848  
561  -152.276149835441  
562  -152.2797925231593  
563  -152.2813265673538  
564  -152.28331939039353  
565  -152.28597483593455  
566  -152.28583849813182  
567  -152.28800269806064  
568  -152.29039667472094  
569  -152.29213274280687  
570  -152.2939814598806  
571  -152.29610767360987  
572  -152.29844819097585  
573  -152.300673169587  
574  -152.30243452732734  
575  -152.30501409095993  
576  -152.30709541339115  
577  -152.308770115542  
578  -152.311494838265  
579  -152.31278283041343  
580  -152.3143482054694  
581  -152.31617802260345  
582  -152.31736861187275  
583  -152.31974990880886  
584  -152.32220839869044  
585  -152.3235902304546  
586  -152.32551412612634  
587  -152.3269699982842  
588  -152.3287656566323  
589  -152.3314448364959  
590  -152.33281616534734  
591  -152.33437951249488  
592  -152.3373807542576  
593  -152.3388519721863  
594  -152.34048690226948  
595  -152.3433804526357  
596  -152.34483906919863  
597  -152.34726029221744  
598  -152.34872850528865  
599  -152.35123152584293  
600  -152.35278143351687  
601  -152.35461061407412  
602  -152.3558296461909  
603  -152.35861566106195  
604  -152.3600797375653  
605  -152.36164449554607  
606  -152.36457423442596  
607  -152.36190959682926  
608  -152.36623564913185  
609  -152.36911073343592  
610  -152.37114053955776  
611  -152.37387521848672  
612  -152.3755751779377  
613  -152.37827519973683  
614  -152.3804839630566  
615  -152.3826165336163  
616  -152.38460658821765  
617  -152.38754804769175  
618  -152.38945341246279  
619  -152.39189691966115  
620  -152.39312498225718  
621  -152.39659687188293  
622  -152.398955171475  
623  -152.40109960715327  
624  -152.40495221492543  
625  -152.4031805932463  
626  -152.40781437964398  
627  -152.41310338154818  
628  -152.41703938858194  
629  -152.4219450982647  
630  -152.42623092931217  
631  -152.43039280094132  
632  -152.43718399454184  
633  -152.44099523315998  
634  -152.44522480676804  
635  -152.45380485759975  
636  -152.45787446471635  
637  -152.46201630045604  
638  -152.4680790644221  
639  -152.47258669656756  
640  -152.4804041231687  
641  -152.48766982285377  
642  -152.49225956088574  
643  -152.49698095471007  
644  -152.50117061810644  
645  -152.5064978833477  
646  -152.512849114594  
647  -152.51588743420479  
648  -152.51855390739314  
649  -152.5249576996095  
650  -152.52656140851485  
651  -152.52909525975608  
652  -152.5315254847423  
653  -152.53437596018398  
654  -152.53801539599732  
655  -152.53163456111454  
656  -152.53977915467144  
657  -152.5430442043402  
658  -152.5451249709825  
659  -152.5477555592609  
660  -152.54967579208153  
661  -152.5512929927695  
662  -152.5532848600253  
663  -152.55457419024614  
664  -152.55631154188154  
665  -152.55873837889638  
666  -152.55964626978582  
667  -152.56126872764193  
668  -152.56253267929569  
669  -152.56417315275883  
670  -152.5656570940608  
671  -152.5667981083689  
672  -152.5684019523095  
673  -152.5703230887745  
674  -152.57145795310757  
675  -152.57288965401793  
676  -152.57431020366099  
677  -152.5758463595466  
678  -152.57819597779542  
679  -152.5795665444744  
680  -152.58082845278872  
681  -152.583784312851  
682  -152.58528242705532  
683  -152.58759700859073  
684  -152.58917609366532  
685  -152.59215909472846  
686  -152.59343058842956  
687  -152.59575353401567  
688  -152.5953403476157  
689  -152.5970330652824  
690  -152.5990164616269  
691  -152.60123559343893  
692  -152.6030153304386  
693  -152.60488895830096  
694  -152.6070477495629  
695  -152.60933392068378  
696  -152.6120649898356  
697  -152.6147138459256  
698  -152.61797219332752  
699  -152.62051619650265  
700  -152.6236581265947  
701  -152.62733265196454  
702  -152.63032380059914  
703  -152.63309565596577  
704  -152.6383997915213  
705  -152.6398580187386  
706  -152.6429187116302  
707  -152.64579859844048  
708  -152.64874400369595  
709  -152.65353721195876  
710  -152.64580521752077  
711  -152.656260275622  
712  -152.6609219032629  
713  -152.66444341062854  
714  -152.66905785207476  
715  -152.67328395731587  
716  -152.67751174961708  
717  -152.68338753689468  
718  -152.68714600359885  
719  -152.6922136257058  
720  -152.6959977440341  
721  -152.70267180856172  
722  -152.7055506171541  
723  -152.71140422819497  
724  -152.71149437741065  
725  -152.7147322167363  
726  -152.71939554704747  
727  -152.7249177215396  
728  -152.72873271208056  
729  -152.73292235145988  
730  -152.73692221335398  
731  -152.74139347287536  
732  -152.7458034048516  
733  -152.75059061845042  
734  -152.75597118187267  
735  -152.76051134672176  
736  -152.765869392629  
737  -152.77442949062993  
738  -152.77894714321852  
739  -152.78526316496  
740  -152.7903034193144  
741  -152.79872279164903  
742  -152.8061138090476  
743  -152.81211510312522  
744  -152.82206946531775  
745  -152.83194958138932  
746  -152.8401416534779  
747  -152.85033524271788  
748  -152.8591464037673  
749  -152.87213375084  
750  -152.88484683107356  
751  -152.89800642573817  
752  -152.90611540312955  
753  -152.92293929693102  
754  -152.92802107736588  
755  -152.94229758061155  
756  -152.94879810460932  
757  -152.95934434718356  
758  -152.97330115154935  
759  -152.98498656713394  
760  -152.9937233752936  
761  -153.0010249814649  
762  -153.00771584356366  
763  -153.01746145079815  
764  -153.02384887025823  
765  -153.03055488823412  
766  -153.03506582994888  
767  -153.04332216479654  
768  -153.04422783249558  
769  -153.04833621862667  
770  -153.05431982151907  
771  -153.0600173488616  
772  -153.06506518117334  
773  -153.07021828732937  
774  -153.0744009545083  
775  -153.07870967375976  
776  -153.0818466380785  
777  -153.08551878016598  
778  -153.08804167257878  
779  -153.09113360425158  
780  -153.09328677457287  
781  -153.09573533370317  
782  -153.09780974114085  
783  -153.1010238499155  
784  -153.10308657657367  
785  -153.10506415313563  
786  -153.10640103080647  
787  -153.1090133532787  
788  -153.11097703569226  
789  -153.11271043973744  
790  -153.11601844339754  
791  -153.11013034653956  
792  -153.1175617219628  
793  -153.1205089547853  
794  -153.1226884504077  
795  -153.1254291353295  
796  -153.12775538536278  
797  -153.12970059469674  
798  -153.13230904267652  
799  -153.13426961765663  
800  -153.13620400510322  
801  -153.13891515233223  
802  -153.141074373984  
803  -153.14252964102113  
804  -153.145688450558  
805  -153.14763534524326  
806  -153.15097267469127  
807  -153.1537736963051  
808  -153.15626528503557  
809  -153.1592656228562  
810  -153.16226996758917  
811  -153.1659896852831  
812  -153.1701860405351  
813  -153.17332643769177  
814  -153.17624975662562  
815  -153.18099325069454  
816  -153.1826674518527  
817  -153.18534073654615  
818  -153.18839981354736  
819  -153.19070722680098  
820  -153.19488994303666  
821  -153.1975988678175  
822  -153.20040926636705  
823  -153.20220632870445  
824  -153.20467077279466  
825  -153.2067448874302  
826  -153.21038230632544  
827  -153.21199050792822  
828  -153.21405238836775  
829  -153.2170122002673  
830  -153.21851557284955  
831  -153.2215267523325  
832  -153.22280383232018  
833  -153.22439972428683  
834  -153.22678032455005  
835  -153.22930999507466  
836  -153.2308634933985  
837  -153.2330020178179  
838  -153.23466420010806  
839  -153.23613591216812  
840  -153.23905626086446  
841  -153.24027901033782  
842  -153.2415987425402  
843  -153.24400868470448  
844  -153.24531023832174  
845  -153.24332175011904  
846  -153.2468693498039  
847  -153.24962077682  
848  -153.25148249427994  
849  -153.25362949671555  
850  -153.2555087683849  
851  -153.25737873974256  
852  -153.25957854333393  
853  -153.26094638886406  
854  -153.26233597983006  
855  -153.2651123235497  
856  -153.26623696630944  
857  -153.2677001166394  
858  -153.26871370817264  
859  -153.27021598443812  
860  -153.27142987789745  
861  -153.27331198672832  
862  -153.27456699168326  
863  -153.27571534954657  
864  -153.27746680947692  
865  -153.27783933874778  
866  -153.28011312926003  
867  -153.28083153877412  
868  -153.28209219502415  
869  -153.28335795429626  
870  -153.28493739489682  
871  -153.2859611857135  
872  -153.28728720979672  
873  -153.28791123439646  
874  -153.28927077301208  
875  -153.29022545122868  
876  -153.29099382773072  
877  -153.29255834859626  
878  -153.292351964512  
879  -153.29368661281725  
880  -153.29503832760142  
881  -153.2960642764657  
882  -153.29719210373491  
883  -153.29809058286713  
884  -153.29931174119142  
885  -153.3002477312522  
886  -153.3011963690756  
887  -153.30274173707699  
888  -153.30423488950356  
889  -153.30516951751858  
890  -153.30644525671647  
891  -153.30732858515287  
892  -153.3084421554193  
893  -153.30997952086375  
894  -153.31082830975262  
895  -153.31145009230346  
896  -153.31314674650403  
897  -153.31387209445595  
898  -153.31472848618094  
899  -153.31649002880127  
900  -153.31730191593982  
901  -153.31810915002006  
902  -153.32014332067328  
903  -153.3207043425242  
904  -153.32194480565119  
905  -153.32228249684235  
906  -153.3239761648187  
907  -153.32475026101955  
908  -153.32573488833089  
909  -153.32722659208852  
910  -153.32659655388036  
911  -153.32826000645508  
912  -153.3297849078923  
913  -153.33086853452332  
914  -153.33223184053946  
915  -153.33364531402555  
916  -153.33496653756177  
917  -153.3369053483102  
918  -153.3382388268804  
919  -153.3394686712368  
920  -153.34237785499153  
921  -153.34368415194  
922  -153.34540101176793  
923  -153.34891261389302  
924  -153.35062861653182  
925  -153.35274854004845  
926  -153.35762263801442  
927  -153.35904331575253  
928  -153.3614932614253  
929  -153.3643761365124  
930  -153.36751394061073  
931  -153.37239318597196  
932  -153.3611665061579  
933  -153.37454498042493  
934  -153.37900470910932  
935  -153.38253840063095  
936  -153.38660170763114  
937  -153.38947460929995  
938  -153.39264619955608  
939  -153.3959230188068  
940  -153.39809048758295  
941  -153.398259286493  
942  -153.40102901365344  
943  -153.4054025819518  
944  -153.40790910579062  
945  -153.4105325851417  
946  -153.41232716279802  
947  -153.41506629732493  
948  -153.41757673607276  
949  -153.41934550349407  
950  -153.42201232467605  
951  -153.42503829105652  
952  -153.42675311489918  
953  -153.42889923130778  
954  -153.4302721645861  
955  -153.43209942827295  
956  -153.43416432120114  
957  -153.43524706518733  
958  -153.4385111610415  
959  -153.43849416239192  
960  -153.4401705150031  
961  -153.4413428784656  
962  -153.44274120799932  
963  -153.44401959319958  
964  -153.44565497351337  
965  -153.44724619262988  
966  -153.44843131027977  
967  -153.44946798713298  
968  -153.4511787583127  
969  -153.452387438436  
970  -153.4536590420556  
971  -153.45486230566004  
972  -153.4559941985013  
973  -153.45706293790087  
974  -153.45826399126173  
975  -153.45935606710765  
976  -153.46036362368378  
977  -153.4614074058911  
978  -153.46244053543276  
979  -153.46325935991356  
980  -153.46402261536247  
981  -153.46492978709279  
982  -153.4656344762412  
983  -153.46655378979327  
984  -153.46740600101714  
985  -153.46818681432333  
986  -153.4687296420025  
987  -153.4698102588806  
988  -153.47049054083715  
989  -153.4711638859856  
990  -153.4719433098057  
991  -153.47263506207346  
992  -153.47302723513286  
993  -153.47424467223132  
994  -153.47474519085907  
995  -153.4754233104904  
996  -153.47629114834174  
997  -153.47719898460198  
998  -153.4779451067159  
999  -153.47879259150625  
1000  -153.47956652817908  
1001  -153.48061182360834  
1002  -153.48133474568357  
1003  -153.4819640985022  
1004  -153.4828560516492  
1005  -153.483694397386  
1006  -153.4846686571867  
1007  -153.4856474136258  
1008  -153.48654115689038  
1009  -153.48753047494324  
1010  -153.48861904413835  
1011  -153.48943291373573  
1012  -153.49039224095714  
1013  -153.4912738607379  
1014  -153.4922272828092  
1015  -153.4930551394756  
1016  -153.49436969765932  
1017  -153.49522961390784  
1018  -153.49603032940436  
1019  -153.49713098149874  
1020  -153.49846346019768  
1021  -153.4994463481033  
1022  -153.5003759475297  
1023  -153.50121466384468  
1024  -153.50216643201284  
1025  -153.5034929715707  
1026  -153.50382408842236  
