0  -2.1542261581091533  
1  -15.850262550472605  
2  -3.0665901074164674  
3  -31.40059754927643  
4  -53.085134372604614  
5  -57.9509933819466  
6  -80.18536498005216  
7  -89.69215699738815  
8  -101.71664521737915  
9  -108.4871694484265  
10  -113.91346544836284  
11  -119.95199507352737  
12  -123.0617044685668  
13  -125.79892779240842  
14  -128.13935916759098  
15  -130.4555978197786  
16  -132.1371671086005  
17  -134.07407372796644  
18  -134.79879990982823  
19  -135.56829104319178  
20  -136.29228826405964  
21  -136.60526418211379  
22  -136.97375659695237  
23  -137.2113551085002  
24  -137.45944274462045  
25  -137.76888771178068  
26  -138.10338472638034  
27  -138.38855982032487  
28  -138.87575021785892  
29  -139.23854362965872  
30  -139.73250565012341  
31  -140.2331370607523  
32  -140.44027728107665  
33  -140.68190928629446  
34  -140.94831918560203  
35  -141.1243632285512  
36  -141.28352132743922  
37  -141.59102561519725  
38  -141.7437929121537  
39  -141.90458366793396  
40  -142.08722050896918  
41  -142.21979572577916  
42  -142.40154147940066  
43  -142.55971264056532  
44  -142.66413537594752  
45  -142.79880795672133  
46  -142.91200015581137  
47  -143.0364791908363  
48  -143.16683985635996  
49  -143.26395709720737  
50  -143.3529827656071  
51  -143.50915703943974  
52  -143.56804878656547  
53  -143.66630743177745  
54  -143.7423647882465  
55  -143.853038013326  
56  -143.92231163740865  
57  -143.99473554517348  
58  -144.08997408379366  
59  -144.17260784101728  
60  -144.23827110839343  
61  -144.30275848864488  
62  -144.355567597858  
63  -144.431480116023  
64  -144.4957868943922  
65  -144.55916923685098  
66  -144.60610005408927  
67  -144.6880602537861  
68  -144.75008289900663  
69  -144.7962316710805  
70  -144.857519915232  
71  -144.90813097139  
72  -144.97551720245443  
73  -145.03364050318405  
74  -145.09107167610267  
75  -145.1392479971087  
76  -145.20279032871116  
77  -145.25787041263368  
78  -145.30238027523714  
79  -145.3679395818391  
80  -145.4099530156831  
81  -145.45697796040017  
82  -145.51967540302914  
83  -145.56578944205182  
84  -145.636082652271  
85  -145.69167364315814  
86  -145.73069660807442  
87  -145.788690321431  
88  -145.83083534656916  
89  -145.87554410814602  
90  -145.9202863064621  
91  -145.95780527924308  
92  -146.00443300750408  
93  -146.06045444345014  
94  -146.0916319262772  
95  -146.13761011290185  
96  -146.16452492351883  
97  -146.21222768504862  
98  -146.2405156170629  
99  -146.2701759937965  
100  -146.32277490300376  
101  -146.2730781572081  
102  -146.34926395397443  
103  -146.39275103386944  
104  -146.4280171287118  
105  -146.46692434076525  
106  -146.50060309806045  
107  -146.53246760448062  
108  -146.57472702806925  
109  -146.60080111328958  
110  -146.6401542457431  
111  -146.68635330000163  
112  -146.73115233161053  
113  -146.7590364151646  
114  -146.79995594044564  
115  -146.8278004851414  
116  -146.85934045268803  
117  -146.89403649660593  
118  -146.91875880023682  
119  -146.94606818660344  
120  -146.99514464387428  
121  -147.01772935288074  
122  -147.05748444199014  
123  -147.09160217320465  
124  -147.14280623531047  
125  -147.17121681074045  
126  -147.20429547801632  
127  -147.24898507584328  
128  -147.2951811849801  
129  -147.33595654968627  
130  -147.37597500616835  
131  -147.40852811708777  
132  -147.45660065937182  
133  -147.5002548570805  
134  -147.5413126601992  
135  -147.57365049259354  
136  -147.62422803571906  
137  -147.66626653655462  
138  -147.70318523793912  
139  -147.74983081385  
140  -147.7786431955457  
141  -147.81353970144872  
142  -147.87220921140394  
143  -147.9012481085643  
144  -147.93114211201  
145  -147.975459713429  
146  -148.00043585836613  
147  -148.02536582036157  
148  -148.0908855423922  
149  -148.11075641977519  
150  -148.14825983213439  
151  -148.1564070389597  
152  -148.21295124065603  
153  -148.23595189111165  
154  -148.2622509748818  
155  -148.29872906003195  
156  -148.26853100274192  
157  -148.3246713477688  
158  -148.3703200528174  
159  -148.40017603616263  
160  -148.4377484637169  
161  -148.45777344411877  
162  -148.48417376276888  
163  -148.51009370327716  
164  -148.53104279384434  
165  -148.56933483343641  
166  -148.5872127915289  
167  -148.618444784539  
168  -148.6364938953417  
169  -148.6596331799967  
170  -148.6835896381137  
171  -148.72054497768744  
172  -148.7411119741621  
173  -148.7655956546661  
174  -148.79547197300306  
175  -148.82924627572712  
176  -148.8576700820115  
177  -148.88455377596284  
178  -148.90521864731352  
179  -148.9385930039342  
180  -148.9539019009343  
181  -148.98922611335615  
182  -149.00480206485656  
183  -149.02787952793437  
184  -149.06138142388443  
185  -149.08979489541926  
186  -149.1206599552591  
187  -149.14579900180223  
188  -149.1699748215964  
189  -149.1711830190136  
190  -149.1946502727722  
191  -149.22973320225302  
192  -149.25321738332642  
193  -149.2809124549515  
194  -149.30601650011758  
195  -149.32973187270642  
196  -149.36115182409034  
197  -149.38307066672832  
198  -149.40220525845888  
199  -149.44149106879297  
200  -149.447634201318  
201  -149.4724847991284  
202  -149.48660325584103  
203  -149.50617254840105  
204  -149.5294988696317  
205  -149.50103983272538  
206  -149.54470847999684  
207  -149.57385632696986  
208  -149.59396083203973  
209  -149.61719555142375  
210  -149.6334555558558  
211  -149.6468076124649  
212  -149.67111301897955  
213  -149.68363462294477  
214  -149.69797575843302  
215  -149.72110101147  
216  -149.7326264638459  
217  -149.7455044886999  
218  -149.7726572344393  
219  -149.78363682071108  
220  -149.7953530694163  
221  -149.82078824355852  
222  -149.83519846733847  
223  -149.83903642864607  
224  -149.88109063013613  
225  -149.8939914505478  
226  -149.91092877251154  
227  -149.93106814711956  
228  -149.9553382662287  
229  -149.97469862604063  
230  -149.99466928468144  
231  -150.0106309805154  
232  -150.0331840899589  
233  -150.05061544323334  
234  -150.067826995456  
235  -150.08722552899334  
236  -150.10489608949817  
237  -150.11640983295231  
238  -150.14469842820424  
239  -150.15679263200988  
240  -150.17302164184326  
241  -150.18923121108577  
242  -150.20999089049096  
243  -150.22254786064926  
244  -150.23566289797242  
245  -150.24810320986282  
246  -150.26291009765038  
247  -150.2778984475886  
248  -150.28997033179397  
249  -150.3044753397619  
250  -150.31748993437432  
251  -150.33282072662897  
252  -150.3448671856946  
253  -150.3588743134701  
254  -150.37112509312192  
255  -150.38110847687733  
256  -150.3898470710939  
257  -150.40717436047532  
258  -150.4099145348799  
259  -150.427092562428  
260  -150.43453263499592  
261  -150.44527970641445  
262  -150.4598516790638  
263  -150.46860113376962  
264  -150.48557860468537  
265  -150.49281908608893  
266  -150.50333591722003  
267  -150.5134476496811  
268  -150.5292724134513  
269  -150.5393578539287  
270  -150.5495912769759  
271  -150.56094872127304  
272  -150.57502425520815  
273  -150.58657750626926  
274  -150.60280762086933  
275  -150.613483444099  
276  -150.62371042277638  
277  -150.63870860411237  
278  -150.64886256802376  
279  -150.65951798825984  
280  -150.68337836813936  
281  -150.69093730757905  
282  -150.70824369456557  
283  -150.70997920729187  
284  -150.71886042062178  
285  -150.73158296010314  
286  -150.74509648010343  
287  -150.75595003545413  
288  -150.76934231781348  
289  -150.78491643574822  
290  -150.79029046836936  
291  -150.80702590524265  
292  -150.8133620405142  
293  -150.82555570297038  
294  -150.83745816113478  
295  -150.8507674879823  
296  -150.86142425569528  
297  -150.8720019503829  
298  -150.88005633566868  
299  -150.89061903180655  
300  -150.9006291810399  
301  -150.90806063696277  
302  -150.91486995600576  
303  -150.9269445129385  
304  -150.93321196961492  
305  -150.94152882266508  
306  -150.9496426836025  
307  -150.9603843848927  
308  -150.96762636543858  
309  -150.97519404782525  
310  -150.98549835059669  
311  -150.99760026932844  
312  -151.00735266493894  
313  -151.0179266020037  
314  -151.0259524839465  
315  -151.0335772729455  
316  -151.0480086027945  
317  -151.05477050358644  
318  -151.0620057470175  
319  -151.07220958390016  
320  -151.07992535370727  
321  -151.09695377848243  
322  -151.067478533458  
323  -151.1046144036532  
324  -151.11833509793402  
325  -151.1284028394786  
326  -151.1417800245888  
327  -151.1500491966192  
328  -151.15850362355147  
329  -151.16746664513687  
330  -151.17373863103703  
331  -151.17809728967376  
332  -151.19308026443687  
333  -151.1978261469593  
334  -151.20507896246878  
335  -151.21413527838618  
336  -151.2236019236025  
337  -151.23040994230172  
338  -151.2381928227108  
339  -151.24368419574304  
340  -151.25011908625902  
341  -151.25868803273895  
342  -151.26391650019232  
343  -151.26779196435513  
344  -151.27853522468018  
345  -151.28275244035663  
346  -151.2877338407255  
347  -151.29773029378654  
348  -151.30210443536663  
349  -151.31062056973582  
350  -151.31516738202362  
351  -151.3205488647509  
352  -151.3261645181636  
353  -151.33074066195755  
354  -151.33616362814436  
355  -151.34348631859964  
356  -151.34758800399695  
357  -151.3529543903883  
358  -151.35827659153995  
359  -151.36484850569136  
360  -151.370446326447  
361  -151.37554113774968  
362  -151.3803869353217  
363  -151.38643239455237  
364  -151.391826302958  
365  -151.397137992368  
366  -151.4005759605266  
367  -151.4076555789583  
368  -151.41029051221136  
369  -151.41664834077585  
370  -151.4213312550844  
371  -151.42590431364485  
372  -151.4332883450628  
373  -151.41425234239782  
374  -151.43740722147376  
375  -151.44524173685195  
376  -151.45137077829696  
377  -151.45789019742313  
378  -151.4639870328489  
379  -151.4700509935954  
380  -151.47904497209993  
381  -151.48637982114698  
382  -151.4922215021889  
383  -151.50263861052875  
384  -151.50966796904748  
385  -151.5166825828611  
386  -151.5289558046573  
387  -151.53437815650796  
388  -151.54074519097713  
389  -151.5516720016465  
390  -151.56218953919935  
391  -151.5664570417044  
392  -151.5792323708473  
393  -151.58644811795176  
394  -151.5948282928429  
395  -151.60301795821965  
396  -151.61170422622882  
397  -151.61870366616552  
398  -151.62791402350638  
399  -151.63624398159925  
400  -151.64411820003204  
401  -151.65332541300359  
402  -151.66537802451418  
403  -151.67236245831785  
404  -151.6799660024442  
405  -151.68667304616503  
406  -151.69634388307733  
407  -151.70797932487125  
408  -151.71575800389246  
409  -151.71887696425  
410  -151.73445585383794  
411  -151.74014179578268  
412  -151.74799553438925  
413  -151.75789456955437  
414  -151.76797364236293  
415  -151.77679369862634  
416  -151.78417324775037  
417  -151.79077795110342  
418  -151.79848705993697  
419  -151.808078099215  
420  -151.81247042484242  
421  -151.81936294803367  
422  -151.82047698114596  
423  -151.83175076328212  
424  -151.8356902968648  
425  -151.8408174760999  
426  -151.84862045884714  
427  -151.84202005328416  
428  -151.85373080062215  
429  -151.86330329683423  
430  -151.87010067952357  
431  -151.87853120309728  
432  -151.88491761003706  
433  -151.890736044871  
434  -151.90079840281183  
435  -151.90692904975333  
436  -151.9155226680064  
437  -151.92598014624545  
438  -151.93595938936872  
439  -151.9419145113905  
440  -151.95266936916067  
441  -151.96137403748963  
442  -151.96735980587894  
443  -151.97660554880272  
444  -151.98211915506937  
445  -151.9891329730946  
446  -151.99825424078588  
447  -152.0026981538899  
448  -152.00783025678297  
449  -152.01692519473494  
450  -152.02116560804518  
451  -152.026067107228  
452  -152.03527044014075  
453  -152.03950756110459  
454  -152.04489213907686  
455  -152.05325423071795  
456  -152.05836852093327  
457  -152.06329738484084  
458  -152.06930796953802  
459  -152.07394005165816  
460  -152.07710592405766  
461  -152.085317599465  
462  -152.08863681808188  
463  -152.09414547697668  
464  -152.1001596925463  
465  -152.10710858907242  
466  -152.1118207357371  
467  -152.1171415087502  
468  -152.1217939175701  
469  -152.1265226773156  
470  -152.13342373219064  
471  -152.13699360068458  
472  -152.14069575411645  
473  -152.14950496420158  
474  -152.15226547883566  
475  -152.15561138390456  
476  -152.16226406625069  
477  -152.16553561634458  
478  -152.16635120000407  
479  -152.17004417222486  
480  -152.17636921733236  
481  -152.17974676600832  
482  -152.18414081453946  
483  -152.1874799367861  
484  -152.19046969142022  
485  -152.19499036387424  
486  -152.1976998788154  
487  -152.2022466574674  
488  -152.2049346434345  
489  -152.20944654324273  
490  -152.21176992803086  
491  -152.21460592544645  
492  -152.21623297460349  
493  -152.22067663641565  
494  -152.22314437055064  
495  -152.22582307816927  
496  -152.23000224065103  
497  -152.22529371510362  
498  -152.23242287042027  
499  -152.23650366603098  
500  -152.23942370631264  
501  -152.2438034687001  
502  -152.24738654878797  
503  -152.2509456016503  
504  -152.25602471230246  
505  -152.25931584983712  
506  -152.26490073072813  
507  -152.27031851848093  
508  -152.27357281619493  
509  -152.27884953630075  
510  -152.2830892908134  
511  -152.28810121405354  
512  -152.29348979079825  
513  -152.29732152381658  
514  -152.3016967176196  
515  -152.30961835647  
516  -152.31339380203383  
517  -152.31900071891667  
518  -152.32216040144294  
519  -152.32980056039048  
520  -152.3341275035141  
521  -152.33850964639907  
522  -152.34569106767287  
523  -152.34388497460955  
524  -152.3507156427509  
525  -152.35734975975546  
526  -152.36222168157624  
527  -152.36827060784347  
528  -152.3730885235652  
529  -152.37925503202612  
530  -152.38422991902345  
531  -152.3881971228179  
532  -152.39617730702358  
533  -152.39992518315395  
534  -152.40585359735803  
535  -152.40915909561744  
536  -152.41346467357792  
537  -152.4167130847544  
538  -152.423503034421  
539  -152.42648813165061  
540  -152.42997083680018  
541  -152.43443373609907  
542  -152.43707025874087  
543  -152.44267301038812  
544  -152.445148504966  
545  -152.44811896794755  
546  -152.4514231089077  
547  -152.4561460539664  
548  -152.45884885774706  
549  -152.46155431144814  
550  -152.46530021824597  
551  -152.46825065376433  
552  -152.4720481226636  
553  -152.47454587076325  
554  -152.4773582080954  
555  -152.48154873577553  
556  -152.4855897736658  
557  -152.4878510729038  
558  -152.49176609244338  
559  -152.4938243297983  
560  -152.49690161749012  
561  -152.50095430658035  
562  -152.50329676063186  
563  -152.50569564649115  
564  -152.5106754103681  
565  -152.51267291307758  
566  -152.51580367627523  
567  -152.51920141772314  
568  -152.523611214942  
569  -152.52712716285964  
570  -152.53011674730513  
571  -152.53372432558464  
572  -152.53805914655774  
573  -152.54209466839131  
574  -152.5458007085316  
575  -152.55026691208806  
576  -152.55540809119034  
577  -152.56045668406003  
578  -152.56600020357033  
579  -152.57097475006023  
580  -152.57544461039768  
581  -152.58230916951604  
582  -152.58695416593773  
583  -152.59184449936848  
584  -152.59978886853088  
585  -152.60327468843352  
586  -152.60742505968483  
587  -152.6125155474903  
588  -152.62243519882907  
589  -152.62489972597123  
590  -152.63137314599973  
591  -152.63208388513965  
592  -152.6354904690792  
593  -152.64005949294435  
594  -152.64646303731544  
595  -152.65075540268322  
596  -152.6554362533619  
597  -152.66156882145793  
598  -152.66661525693553  
599  -152.6720251643097  
600  -152.67736391353216  
601  -152.6827391105645  
602  -152.6889489522461  
603  -152.6950555447275  
604  -152.70221239134  
605  -152.70855804247287  
606  -152.71731391853857  
607  -152.72455523193943  
608  -152.73257174747567  
609  -152.73800439316582  
610  -152.74546080770185  
611  -152.75144591832282  
612  -152.76202807237308  
613  -152.76997272718026  
614  -152.77647154550095  
615  -152.78423876294138  
616  -152.79397433088  
617  -152.80120846670067  
618  -152.80922943724738  
619  -152.81504687507797  
620  -152.82205924911588  
621  -152.82937435976328  
622  -152.83497866951242  
623  -152.83831943955275  
624  -152.85060750804683  
625  -152.85420525003394  
626  -152.86005448110913  
627  -152.86687930303646  
628  -152.8745043120306  
629  -152.8798721665048  
630  -152.88617882830695  
631  -152.890947711401  
632  -152.8951431916685  
633  -152.90363347828597  
634  -152.90704324857884  
635  -152.91104205929233  
636  -152.91787243946587  
637  -152.92147580203317  
638  -152.926330684687  
639  -152.93550074979078  
640  -152.93876339143364  
641  -152.94288659836664  
642  -152.94746105702978  
643  -152.95296579935854  
644  -152.95834681667176  
645  -152.96179643164828  
646  -152.9675430133888  
647  -152.97284202422745  
648  -152.97814294762549  
649  -152.98344018003485  
650  -152.9887933559296  
651  -152.9958819193021  
652  -153.0024051106228  
653  -153.00968221464748  
654  -153.01643446000537  
655  -153.02386248621346  
656  -153.0315486422346  
657  -153.03880603527054  
658  -153.04756013914607  
659  -153.0548273622863  
660  -153.0626126465751  
661  -153.0709499027286  
662  -153.08084596944428  
663  -153.0898997904174  
664  -153.09688738493054  
665  -153.10474078836793  
666  -153.1133354265232  
667  -153.12208263638348  
668  -153.1294099007096  
669  -153.13542101248723  
670  -153.14264736580355  
671  -153.15005368608934  
672  -153.1566471136474  
673  -153.1633938612042  
674  -153.16897701598214  
675  -153.17356171296103  
676  -153.17958118403837  
677  -153.18517100636845  
678  -153.19104311622488  
679  -153.19613763950366  
680  -153.19993321870433  
681  -153.20675393277108  
682  -153.21099715446869  
683  -153.2171992522207  
684  -153.220809764917  
685  -153.22507225307194  
686  -153.22904818884157  
687  -153.23512328639893  
688  -153.23874370666007  
689  -153.24269507377178  
690  -153.24595821660978  
691  -153.2506845229338  
692  -153.2547002218183  
693  -153.25833300498198  
694  -153.26149661326193  
695  -153.26656351947486  
696  -153.26984704422648  
697  -153.27312186245095  
698  -153.27720470061874  
699  -153.28172958833582  
700  -153.28477389849346  
701  -153.2885940999311  
702  -153.2917283846461  
703  -153.29432857176704  
704  -153.29886640344458  
705  -153.3008265615575  
706  -153.3030600747909  
707  -153.30669622042382  
708  -153.30866355078078  
709  -153.31018648005588  
710  -153.315940569127  
711  -153.31751435260372  
712  -153.31953191627693  
713  -153.32232170418868  
714  -153.32586368118672  
715  -153.32861617807714  
716  -153.33115868032374  
717  -153.33341899992817  
718  -153.3362035600196  
719  -153.3391218462459  
720  -153.34144949805201  
721  -153.34383247683692  
722  -153.34653052459166  
723  -153.34927790911078  
724  -153.3528695611515  
725  -153.35536913456016  
726  -153.35826682299674  
727  -153.3625311158813  
728  -153.36525517807925  
729  -153.3676559476137  
730  -153.37286408602228  
731  -153.37526294166236  
732  -153.3779476362299  
733  -153.38327135219967  
734  -153.38584680009197  
735  -153.3879854518758  
736  -153.3949901090621  
737  -153.39732029092568  
738  -153.40193030621015  
739  -153.40627114816783  
740  -153.41198571057913  
741  -153.4163581228844  
742  -153.42091377968146  
743  -153.42504243483506  
744  -153.42973354582554  
745  -153.43424544213434  
746  -153.4380031001584  
747  -153.4424987135236  
748  -153.44618702593914  
749  -153.44943373572352  
750  -153.4529528746552  
751  -153.4562331872354  
752  -153.4592907914295  
753  -153.46192152778207  
754  -153.4649244190981  
755  -153.46783034125443  
756  -153.47136726241726  
757  -153.47336144135284  
758  -153.47595570291406  
759  -153.47836689868006  
760  -153.481981687469  
761  -153.48411331982214  
762  -153.4864692048329  
763  -153.4894341235469  
764  -153.4926069839009  
765  -153.49506775789948  
766  -153.49867222364426  
767  -153.5013466515195  
768  -153.5038029852676  
769  -153.50800192683724  
770  -153.51051885504216  
771  -153.5127647340973  
772  -153.5186478184905  
773  -153.5205237768951  
774  -153.5231038005389  
775  -153.5261430942668  
776  -153.52923983219117  
777  -153.53360293075093  
778  -153.51864197314984  
779  -153.53556166063362  
780  -153.5402940343574  
781  -153.54342575467618  
782  -153.54699714158957  
783  -153.54949365068614  
784  -153.5515124862173  
785  -153.55521465602743  
786  -153.5571828947394  
787  -153.55997683137778  
788  -153.56215092734308  
789  -153.5647357913876  
790  -153.5668362698879  
791  -153.5693290164122  
792  -153.57172303668955  
793  -153.57449847722432  
794  -153.5766517918432  
795  -153.57879248292167  
796  -153.57975750622552  
797  -153.58430764634858  
798  -153.58611509377025  
799  -153.58858161848116  
800  -153.59211541757523  
801  -153.59152583710159  
802  -153.59485109466186  
803  -153.59834379696767  
804  -153.60089868393078  
805  -153.6041007919919  
806  -153.6073668811907  
807  -153.6106400346454  
808  -153.6150444259871  
809  -153.61751109364894  
810  -153.62020192627844  
811  -153.62527485924485  
812  -153.62756776924235  
813  -153.63010956995637  
814  -153.63443590750074  
815  -153.63675250818378  
816  -153.63656927655921  
817  -153.6396008478066  
818  -153.64392586429145  
819  -153.64672045304548  
820  -153.65006347135892  
821  -153.65228734968204  
822  -153.6550460563312  
823  -153.65828493132852  
824  -153.66063697140945  
825  -153.66098145176716  
826  -153.66302457722912  
827  -153.66640352963094  
828  -153.66858614252627  
829  -153.67137335336022  
830  -153.67383792484173  
831  -153.67601249281776  
832  -153.6796145338599  
833  -153.6812438360838  
834  -153.6831892114416  
835  -153.6857698861648  
836  -153.6875263138246  
837  -153.6909616495786  
838  -153.69386488917166  
839  -153.69576347200268  
840  -153.6977396011056  
841  -153.69996673409324  
842  -153.70248081341364  
843  -153.7053569283044  
844  -153.7067170695617  
845  -153.70902916535516  
846  -153.71091061246935  
847  -153.71313348951017  
848  -153.71525646542727  
849  -153.71689556062935  
850  -153.71945739439724  
851  -153.72220963057507  
852  -153.72398261109885  
853  -153.72637608266007  
854  -153.72847585679042  
855  -153.73069280083806  
856  -153.7334781259245  
857  -153.73542511753078  
858  -153.73843264787118  
859  -153.74063127075559  
860  -153.74385337574955  
861  -153.74588550069632  
862  -153.74855029531068  
863  -153.7514895053524  
864  -153.7549768866389  
865  -153.75709896347067  
866  -153.7595995911083  
867  -153.7617421376757  
868  -153.76431519950395  
869  -153.7675406800136  
870  -153.76911196749884  
871  -153.77080889976062  
872  -153.77384009906422  
873  -153.77508216466433  
874  -153.77643248517785  
875  -153.77835771936694  
876  -153.77949371692517  
877  -153.78029958124807  
878  -153.78273349408778  
879  -153.78363334962268  
880  -153.78479187916733  
881  -153.78617765494045  
882  -153.78776974542424  
883  -153.78884131901793  
884  -153.7901898925305  
885  -153.79102632033906  
886  -153.79186414511418  
887  -153.79325588385518  
888  -153.7939861532212  
889  -153.7952100095158  
890  -153.79552921718917  
891  -153.79725798000516  
892  -153.7978903164722  
893  -153.7988247027088  
894  -153.7998436967494  
895  -153.80101759418412  
896  -153.80194564121544  
897  -153.80309646091104  
898  -153.8038218913076  
899  -153.80463355589194  
900  -153.80613856979227  
901  -153.80680725646818  
902  -153.80767915322082  
903  -153.80919521945466  
904  -153.8102703274892  
905  -153.8109997815803  
906  -153.81214240041427  
907  -153.81315591683898  
908  -153.8142103418545  
909  -153.8154864820147  
910  -153.8166327764408  
911  -153.81783088104532  
912  -153.81873647970292  
913  -153.8202414696986  
914  -153.8212401728754  
915  -153.82235916717875  
916  -153.82391803235498  
917  -153.82562373203672  
918  -153.8267656631116  
919  -153.82827310216857  
920  -153.82960905013525  
921  -153.8308392765433  
922  -153.83336031137165  
923  -153.83387974914248  
924  -153.83555718503084  
925  -153.83684062719263  
926  -153.83828997336744  
927  -153.84031235061897  
928  -153.83923452077264  
929  -153.84185286813343  
930  -153.84471065201262  
931  -153.84661813738134  
932  -153.84853805157618  
933  -153.85025700414528  
934  -153.85198690465643  
935  -153.85428232190253  
936  -153.85613146317823  
937  -153.8578483672515  
938  -153.86051751123375  
939  -153.8623441999475  
940  -153.86507962448505  
941  -153.86657524818074  
942  -153.86929519135776  
943  -153.87108916597884  
944  -153.87359153239018  
945  -153.8770830849287  
946  -153.8784251983225  
947  -153.88275940623856  
948  -153.88450196043692  
949  -153.8873012432905  
950  -153.88921415844285  
951  -153.89329817999328  
952  -153.8957706705585  
953  -153.89820648190985  
954  -153.90249977631683  
955  -153.90365649161856  
956  -153.91009592610854  
957  -153.9120397272245  
958  -153.915727185487  
959  -153.92016265986945  
960  -153.92556293076643  
961  -153.92960004254147  
962  -153.93477938941828  
963  -153.9390645983603  
964  -153.94399887149163  
965  -153.95151225843858  
966  -153.9554313027459  
967  -153.96092126661281  
968  -153.96836833723737  
969  -153.97514473606688  
970  -153.97921705224542  
971  -153.98743643454065  
972  -153.99087881332738  
973  -153.99711029610674  
974  -154.00243658241243  
975  -154.00719959511605  
976  -154.01616749417195  
977  -153.99085031870996  
978  -154.0197273851539  
979  -154.0266816553456  
980  -154.03236306475347  
981  -154.03803173662158  
982  -154.0428368585556  
983  -154.0460608775806  
984  -154.05168862748383  
985  -154.05492931552973  
986  -154.05883391032597  
987  -154.06279966791664  
988  -154.06579069714255  
989  -154.07014025107253  
990  -154.07524888720735  
991  -154.07788092798208  
992  -154.0819148422562  
993  -154.08503100489492  
994  -154.0888705989184  
995  -154.09293994616812  
996  -154.09529221650604  
997  -154.09870348895723  
998  -154.10248373606495  
999  -154.10577325572092  
1000  -154.10805128149266  
1001  -154.11154373721206  
1002  -154.11368592366534  
1003  -154.11679160266905  
1004  -154.11979884121837  
1005  -154.12184486140535  
1006  -154.12518744801423  
1007  -154.12898927887852  
1008  -154.13108139594462  
1009  -154.1340838950946  
1010  -154.1358354150889  
1011  -154.13855338559765  
1012  -154.14163821132647  
1013  -154.14362051310732  
1014  -154.1485412713417  
1015  -154.14771086005553  
1016  -154.1513788133275  
1017  -154.1542852711222  
1018  -154.15720185405155  
1019  -154.15983937763383  
1020  -154.16311830633722  
