#all on



6    -161.56           17.5229     7.0330
8    -162.693            18.5065985        7.74439
10    -163.679             19.3373        8.230928
14   -164.2417              22.614     9.002245
18    -164.86            23.33999    9.5002245
26    -165.37702             25.33999   10



#4  14.0  6.062205808819713  14.379378367071261
#6  17.509775004326936  7.033021283684  17.522949268639266
#8  18.0  7.744394416207356  18.506555530751324
#10  19.28771237954945  8.230924596442597  19.337377994559493
#14  21.614709844115207  9.002245295769749  22.614739495023457
#18  22.84962500721156  9.596830414220305  23.339997840938572



