# only first layer 
#uni_h="on"


10     -161.2264             14.80288      6.0353369895
30     -164.6698         19.00070068       7.78007363
50      -166.1572        21.339            8.7006137
62       -166.587179       22.18           9.009
80       -167.10955718        23.15          9.555



#10  12.643856189774725  6.077860432018427  14.802112418586066
#30  17.813781191217036  7.8768528321375335  19.2708975405473
#50  19.28771237954945  8.733813557894202  21.27250221687081
#62  19.90839262077375  9.099759932314477  22.182913194213263
#80  20.96578428466209  9.518659224190868  23.158234923803487
#100  21.931568569324174  9.887473809364225  24.017583236532644
#120  22.720671786825555  10.191369539773607  24.761745995593625


