0  -155.92815369580333  
1  -161.30717756187323  
2  -162.7361626415155  
3  -162.812998588196  
4  -162.8486465101318  
5  -162.9083067660668  
6  -162.97309969336686  
7  -163.06365753467898  
8  -163.24195285589468  
9  -163.2503501159168  
10  -163.30098740483047  
11  -163.32831982034014  
12  -163.34831334872217  
13  -163.35982884227684  
14  -163.37258221468215  
15  -163.40895353381097  
16  -163.4283470097651  
17  -163.45352383751722  
18  -163.4748795834406  
19  -163.48275088446061  
20  -163.48896538401638  
21  -163.49776727189465  
22  -163.50200380448814  
23  -163.5111911889096  
24  -163.5185856301218  
25  -163.52889244517522  
26  -163.53566649489179  
27  -163.54165298797298  
28  -163.54840399775443  
29  -163.55631472604418  
30  -163.5620031104586  
31  -163.56807096860425  
32  -163.57301206593635  
33  -163.57809176997924  
34  -163.58668641643223  
35  -163.5927877298993  
36  -163.60154769678485  
37  -163.60623409849168  
38  -163.61516097976354  
39  -163.61947110192108  
40  -163.6264188038547  
41  -163.6361891157731  
42  -163.64222042967094  
43  -163.65296650644297  
44  -163.65879144998553  
45  -163.66575379484567  
46  -163.67429185079973  
47  -163.6854651628241  
48  -163.69143658458972  
49  -163.6983922082178  
50  -163.7047872191836  
51  -163.71354523486414  
52  -163.72412083442723  
53  -163.73054874144887  
54  -163.7373214247256  
55  -163.74486080007216  
56  -163.75092916401843  
57  -163.75575885654038  
58  -163.76478414664007  
59  -163.7705863224715  
60  -163.77731806246084  
61  -163.78657696242237  
62  -163.78456296371465  
63  -163.792390008125  
64  -163.79862620317402  
65  -163.80392845697926  
66  -163.81073490098942  
67  -163.817724978612  
68  -163.8236963470074  
69  -163.8293638567057  
70  -163.83305430517657  
71  -163.8391367374458  
72  -163.8433909733896  
73  -163.85155515709033  
74  -163.85460853178466  
75  -163.85948878069095  
76  -163.86279818403239  
77  -163.86960141704944  
78  -163.8735542378816  
79  -163.87775631266152  
80  -163.88362913492853  
81  -163.886836318585  
82  -163.89199306715494  
83  -163.89421729758226  
84  -163.89786110148953  
85  -163.9000878981692  
86  -163.9053769059089  
87  -163.90757251235314  
88  -163.9102749305257  
89  -163.91447401968506  
90  -163.9179703847814  
91  -163.9218716963304  
92  -163.92413800779946  
93  -163.92659759890174  
94  -163.92856405361564  
95  -163.93310066371023  
96  -163.9350445088488  
97  -163.93762292005013  
98  -163.94078777095487  
99  -163.94364842560384  
100  -163.9457540678765  
101  -163.9487334638057  
102  -163.95123213515183  
103  -163.9545140058909  
104  -163.9572687265614  
105  -163.95942328088125  
106  -163.96134096195277  
107  -163.96525440489907  
108  -163.96564664684476  
109  -163.96876119851643  
110  -163.9700596676739  
111  -163.97196890735265  
112  -163.97436454055597  
113  -163.9740415196888  
114  -163.97626426083556  
115  -163.97963094300073  
116  -163.9818454094952  
117  -163.98379094255583  
118  -163.98553755873039  
119  -163.9868632431654  
120  -163.99004500918593  
121  -163.99050487379426  
122  -163.99297146319137  
123  -163.9943184325645  
124  -163.9959406088211  
125  -163.99822951764867  
126  -163.99786127364803  
127  -163.99977965976967  
128  -164.00194453671833  
129  -164.0033735300787  
130  -164.0050619551195  
131  -164.0067755244088  
132  -164.00807915683723  
133  -164.0098032944347  
134  -164.01087500884572  
135  -164.0127715678524  
136  -164.01408759545663  
137  -164.01519242281108  
138  -164.01739903735574  
139  -164.01658284288706  
140  -164.0186871349302  
141  -164.02097975902316  
142  -164.02239119861645  
143  -164.02380803145056  
144  -164.02498492754276  
145  -164.02594181484488  
146  -164.02759700096954  
147  -164.02890897315683  
148  -164.03045474585687  
149  -164.03175487140135  
150  -164.03295966217402  
151  -164.03371375057125  
152  -164.0352507199894  
153  -164.03582360022372  
154  -164.03731964047722  
155  -164.03820547627242  
156  -164.0391307939347  
157  -164.04052652186468  
158  -164.04163238749234  
159  -164.0427997930411  
160  -164.04364531812084  
161  -164.04460587011107  
162  -164.04475514370128  
163  -164.0455060766587  
164  -164.04670688363873  
165  -164.04766908310216  
166  -164.04874208797406  
167  -164.04937886929355  
168  -164.05051766861268  
169  -164.05122452024187  
170  -164.05188238222982  
171  -164.0528854179367  
172  -164.05394700273555  
173  -164.05467404127654  
174  -164.05582801628736  
175  -164.05619008982634  
176  -164.05700912185617  
177  -164.05764304328724  
178  -164.05818873846127  
179  -164.0592109751867  
180  -164.05732243757774  
181  -164.05966706160874  
182  -164.06050385522772  
183  -164.06110127121536  
184  -164.06193607016326  
185  -164.06253780052685  
186  -164.06307757266944  
187  -164.06364724511715  
188  -164.0640928196603  
189  -164.06477253156814  
190  -164.06549267229906  
191  -164.06593380500152  
192  -164.06664084794423  
193  -164.06674109648606  
194  -164.06763669936205  
195  -164.06797710803886  
196  -164.06837524592586  
197  -164.06897459799433  
198  -164.06924939444733  
199  -164.07026929240544  
200  -164.070579113398  
201  -164.07109676303904  
202  -164.07161987991245  
203  -164.0722849434463  
204  -164.07286775955657  
205  -164.07357190713415  
206  -164.07399043203225  
207  -164.07475315245236  
208  -164.07533382853936  
209  -164.07596364621085  
210  -164.07715532236568  
211  -164.07761255937243  
212  -164.07900157580642  
213  -164.07953615974415  
214  -164.08036099517565  
215  -164.0815527212208  
216  -164.0829393793121  
217  -164.0840709415555  
218  -164.085289133624  
219  -164.0861416321681  
220  -164.0870867198329  
221  -164.08881021731315  
222  -164.0896155076035  
223  -164.0907126405407  
224  -164.09164734781956  
225  -164.09275534918362  
226  -164.0931935755654  
227  -164.09454360178452  
228  -164.09464632342946  
229  -164.09528618669802  
230  -164.09574436732092  
231  -164.09647391529336  
232  -164.09668365764796  
233  -164.09719785951066  
234  -164.09751660005088  
235  -164.09783338676502  
236  -164.09842286298527  
237  -164.09802839981162  
238  -164.09868315524176  
239  -164.0991549417296  
240  -164.09958025062517  
241  -164.10010184828872  
242  -164.1004203863906  
243  -164.10068379508223  
244  -164.10097442813594  
245  -164.10121958088232  
246  -164.10145184940808  
247  -164.10191038642841  
248  -164.10207947712524  
249  -164.10234059425926  
250  -164.10268720754064  
251  -164.10295189340277  
252  -164.10347175786913  
253  -164.10374487719687  
254  -164.10404798216032  
255  -164.10461267792655  
256  -164.1048751353854  
257  -164.105573419123  
258  -164.1058796149331  
259  -164.10625842081254  
260  -164.10682234806086  
261  -164.10748663503364  
262  -164.10802730876185  
263  -164.10888042985866  
264  -164.10945214413647  
265  -164.1101641347684  
266  -164.1113465343216  
267  -164.11193918197083  
268  -164.11212927601238  
269  -164.11281049790756  
270  -164.11390123006726  
271  -164.11462579588624  
272  -164.11577770033745  
273  -164.11675166776863  
274  -164.117712423696  
275  -164.11851429225766  
276  -164.11909624780787  
277  -164.1205172732489  
278  -164.1216643890146  
279  -164.12240066223248  
280  -164.1232256726844  
281  -164.12384819421652  
282  -164.12460272755158  
283  -164.12534749643697  
284  -164.1259142768154  
285  -164.12654121905007  
286  -164.12729485077875  
287  -164.12777611624296  
288  -164.12811614909742  
289  -164.12857791490657  
290  -164.12891494116505  
291  -164.12931624762086  
292  -164.1296566529704  
293  -164.12992270754603  
294  -164.1301084959849  
295  -164.13033597430658  
296  -164.13052367823818  
297  -164.1307542957743  
298  -164.13095940704255  
299  -164.13111985944772  
300  -164.1312564850144  
301  -164.13142885351522  
302  -164.13155417305305  
303  -164.13168053028673  
304  -164.1318430109909  
305  -164.13196318070186  
306  -164.13209777354967  
307  -164.1322458223681  
308  -164.13232956468033  
309  -164.1324208684266  
310  -164.13255437326256  
311  -164.13264526060533  
312  -164.1327345891537  
313  -164.13289865760797  
314  -164.13296531339546  
315  -164.13306543388387  
316  -164.13312911292272  
317  -164.13327129940967  
318  -164.13336451848426  
319  -164.13344700333437  
320  -164.13358295887136  
321  -164.13363716106917  
322  -164.13381412846417  
323  -164.13387967678014  
324  -164.13398558463876  
325  -164.13412805500693  
326  -164.13427131829297  
327  -164.13436076220196  
328  -164.1344881065841  
329  -164.13458190738487  
330  -164.13469052193065  
331  -164.13492136453445  
332  -164.1349726396133  
333  -164.1350965123772  
334  -164.13518905682176  
335  -164.13531436015896  
336  -164.13549080312035  
337  -164.13534264146696  
338  -164.1356060005506  
339  -164.13577871064305  
340  -164.13590158277657  
341  -164.13608905004284  
342  -164.13622470489943  
343  -164.13638910082517  
344  -164.13653003231695  
345  -164.13663638928406  
346  -164.13685707347798  
347  -164.13709790554591  
348  -164.13722808391788  
349  -164.13739331690073  
350  -164.137510209608  
351  -164.13766891283026  
352  -164.13792145944493  
353  -164.13803070618752  
354  -164.1382114237186  
355  -164.13836263621607  
356  -164.1385745541605  
357  -164.13867496200328  
358  -164.13884232342747  
359  -164.1389594041482  
360  -164.13917564933257  
361  -164.13929857457777  
362  -164.13939914826273  
363  -164.13957516481528  
364  -164.13964226412367  
365  -164.1399212613157  
366  -164.14001728013292  
367  -164.140146804705  
368  -164.14029372453084  
369  -164.14045156458567  
370  -164.14055486567176  
371  -164.1407227662297  
372  -164.14080498931096  
373  -164.14094421176216  
374  -164.14108653588735  
375  -164.14118606638567  
376  -164.14137518200963  
377  -164.14155965913682  
378  -164.14167045489017  
379  -164.1418299464185  
380  -164.14191038791327  
381  -164.14204151784335  
382  -164.14219045669813  
383  -164.14228101597956  
384  -164.14252621684767  
385  -164.14226028037868  
386  -164.14264374028238  
387  -164.14280933894312  
388  -164.1429496392411  
389  -164.14308150292885  
390  -164.1432180877864  
391  -164.1433716035027  
392  -164.14349501627134  
393  -164.14364265853519  
394  -164.14378336572076  
395  -164.1439153234803  
396  -164.14400226222625  
397  -164.14415275658763  
398  -164.14417207516018  
399  -164.14436587339875  
400  -164.14443681707803  
401  -164.1445444208535  
402  -164.14469179307932  
403  -164.1446866610084  
404  -164.14479314506193  
405  -164.14490847273598  
406  -164.14499692211092  
407  -164.14510086568802  
408  -164.14521086050863  
409  -164.14530668308166  
410  -164.14541157590048  
411  -164.14549345016434  
412  -164.14557931979454  
413  -164.14569792025088  
414  -164.14580073904276  
415  -164.14585705286865  
416  -164.1459881003552  
417  -164.1460232163526  
418  -164.1461016737044  
419  -164.14616761475472  
420  -164.14623090360544  
421  -164.14632421005848  
422  -164.14601626341303  
423  -164.1463713558231  
424  -164.1464686256266  
425  -164.14654263552634  
426  -164.14663212683865  
427  -164.14670486098677  
428  -164.1467565251752  
429  -164.14685278266026  
430  -164.14691052965202  
431  -164.14697221597814  
432  -164.14705709491977  
433  -164.14711567392945  
434  -164.14715657239583  
435  -164.1472487653761  
436  -164.14729252018918  
437  -164.14733976606277  
438  -164.14744192450732  
439  -164.14747844453618  
440  -164.14754072880496  
441  -164.1475673378978  
442  -164.14766897335917  
443  -164.1477030230046  
444  -164.1477570839803  
445  -164.1477955856458  
446  -164.14785722126092  
447  -164.14790867460337  
448  -164.1479579738866  
449  -164.14802740720123  
450  -164.14809066189042  
451  -164.1481334471122  
452  -164.1481804991097  
453  -164.14822382600715  
454  -164.14830729423326  
455  -164.1483493571985  
456  -164.1484291292159  
457  -164.1484683118355  
458  -164.14851495407297  
459  -164.14855251083904  
460  -164.14862981248842  
461  -164.14867461369658  
462  -164.14872505826443  
463  -164.14879063458838  
464  -164.14885307596768  
465  -164.14889309081028  
466  -164.14895265857862  
467  -164.14899219829798  
468  -164.14904708747545  
469  -164.14912748151116  
470  -164.14916781878276  
471  -164.1492394265846  
472  -164.1493166147412  
473  -164.14940155182592  
474  -164.14947345949503  
475  -164.149540831459  
476  -164.14959970468556  
477  -164.1496845873258  
478  -164.14974554261792  
479  -164.14983585287465  
480  -164.14992377751528  
481  -164.15006082777398  
482  -164.1501585089496  
483  -164.1502540765814  
484  -164.15043628149394  
485  -164.1506784852216  
486  -164.1509626056406  
487  -164.15138720841594  
488  -164.15178719681515  
489  -164.1523502433793  
490  -164.1531097789635  
491  -164.15388880407787  
492  -164.15475286434287  
493  -164.15559081467376  
494  -164.15677082411372  
495  -164.15709874249166  
496  -164.15954950885975  
497  -164.1603846954857  
498  -164.16145255811728  
499  -164.16285085517873  
500  -164.16412823415234  
501  -164.1648626717133  
502  -164.1662002709162  
503  -164.16658301916576  
504  -164.16754372503974  
505  -164.1681600058895  
506  -164.16866430549396  
507  -164.16946093132387  
508  -164.16888571451688  
509  -164.16986943158494  
510  -164.17034761324155  
511  -164.17070175858424  
512  -164.17118161230374  
513  -164.17157080046542  
514  -164.17188503338446  
515  -164.17223556605515  
516  -164.17246028378858  
517  -164.1727751071851  
518  -164.173021818654  
519  -164.173282779129  
520  -164.17349683522164  
521  -164.17374991537164  
522  -164.1739925234264  
523  -164.17414715723166  
524  -164.17444039363363  
525  -164.17454340236526  
526  -164.174789959594  
527  -164.17494931044885  
528  -164.17511833542238  
529  -164.17545322189514  
530  -164.17562082014723  
531  -164.17598600965567  
532  -164.1761552636908  
533  -164.17645743958968  
534  -164.1766859739849  
535  -164.17711599157684  
536  -164.1773765569369  
537  -164.1776680550976  
538  -164.17812916774582  
539  -164.17833332970181  
540  -164.17891860365955  
541  -164.17921191816677  
542  -164.17959566841952  
543  -164.18027635286654  
544  -164.18095350254086  
545  -164.1816747157817  
546  -164.1826758375011  
547  -164.18356584899408  
548  -164.18410070103624  
549  -164.1862964538889  
550  -164.18711565070882  
551  -164.18838317367337  
552  -164.18962036403295  
553  -164.19103398412844  
554  -164.19218852707053  
555  -164.1931411178068  
556  -164.1939086483271  
557  -164.1946135388412  
558  -164.19564468683112  
559  -164.19568445093643  
560  -164.19623821182694  
561  -164.19684572851332  
562  -164.1976653543111  
563  -164.19807078387015  
564  -164.19858743039043  
565  -164.19932494925968  
566  -164.1996478569776  
567  -164.20002520931703  
568  -164.20042659246974  
569  -164.20082704150212  
570  -164.20125709443812  
571  -164.2016470970773  
572  -164.20182941182674  
573  -164.20208317586162  
574  -164.2023466471326  
575  -164.20263398528334  
576  -164.20286251563152  
577  -164.20298913698076  
578  -164.2031136214768  
579  -164.20335453712454  
580  -164.20346885369116  
581  -164.2035727601047  
582  -164.20365004244886  
583  -164.20375469920117  
584  -164.20389186470828  
585  -164.20397270520073  
586  -164.20411639568084  
587  -164.20419288300488  
588  -164.2042891477318  
589  -164.20435097328178  
590  -164.2045144655829  
591  -164.20457647262782  
592  -164.2046389915845  
593  -164.2047148006857  
594  -164.20479795915983  
595  -164.20487283950797  
596  -164.20494630441732  
597  -164.2050004951296  
598  -164.20508916947242  
599  -164.2051638579076  
600  -164.20525166791103  
601  -164.20532840448763  
602  -164.20540969929246  
603  -164.20549015335496  
604  -164.2055486890229  
605  -164.20564766300632  
606  -164.20570879738966  
607  -164.2058051657441  
608  -164.205864000974  
609  -164.20593013014403  
610  -164.2060454835776  
611  -164.20616230770327  
612  -164.20623587501555  
613  -164.20634044747146  
614  -164.20641919873194  
615  -164.20649940793277  
616  -164.2066578590016  
617  -164.20671302143117  
618  -164.20678512790673  
619  -164.20686912404412  
620  -164.20694878345606  
621  -164.2070817738449  
622  -164.20698103136579  
623  -164.20715688636525  
624  -164.20725054742078  
625  -164.20730565449193  
626  -164.20737127254765  
627  -164.20743323894982  
628  -164.20748769219207  
629  -164.2075403526654  
630  -164.20760355489148  
631  -164.20766718159595  
632  -164.20771871675979  
633  -164.20776118808683  
634  -164.2078020142056  
635  -164.2078584957919  
636  -164.2079149264907  
637  -164.2079448682715  
638  -164.20799286452836  
639  -164.20802518550516  
640  -164.20805611434  
641  -164.20810682657645  
642  -164.20813757854754  
643  -164.20818581927458  
644  -164.20821616300344  
645  -164.20824821722874  
646  -164.2082919066032  
647  -164.20831915520148  
648  -164.20835109507019  
649  -164.20838261250367  
650  -164.208408591345  
651  -164.20843538488717  
652  -164.20847392184444  
653  -164.2084934985566  
654  -164.20852299187933  
655  -164.20853251897356  
656  -164.2085738654521  
657  -164.2085925458089  
658  -164.20861169666884  
659  -164.2086422736473  
660  -164.2086480656393  
661  -164.20871073609817  
662  -164.20872850312938  
663  -164.2087542187164  
664  -164.20878531977985  
665  -164.2087394949431  
666  -164.20880227508823  
667  -164.20883560696447  
668  -164.20886078125963  
669  -164.20889258683533  
670  -164.20891691814714  
671  -164.2089332648451  
672  -164.20895763749098  
673  -164.20897431151525  
674  -164.20899529078574  
675  -164.20903458920927  
676  -164.2090637589129  
677  -164.20907835221672  
678  -164.20909759033677  
679  -164.2091202767146  
680  -164.20914859968428  
681  -164.20917528722572  
682  -164.2091986486511  
683  -164.20922062074268  
684  -164.20923573915312  
685  -164.20926491969084  
686  -164.20928087527855  
687  -164.20930159307943  
688  -164.20932249794203  
689  -164.2093405151762  
690  -164.20937016346022  
691  -164.20940323078932  
692  -164.209422467871  
693  -164.20944786043341  
694  -164.2094650264251  
695  -164.20948591819084  
696  -164.20951573122986  
697  -164.20953010390517  
698  -164.20953264906285  
699  -164.20955311683804  
700  -164.20958482447617  
701  -164.209602283539  
702  -164.2096301881636  
703  -164.20964985465775  
704  -164.20966813625236  
705  -164.20969061160255  
706  -164.20970556103882  
707  -164.20973538515847  
708  -164.209756727332  
709  -164.20977957100033  
710  -164.20980391168735  
711  -164.20982286627324  
712  -164.2098446659921  
713  -164.2098645978791  
714  -164.20988499209432  
715  -164.2099073797826  
716  -164.20992686174176  
717  -164.20994708572184  
718  -164.20996367368738  
719  -164.20998127903263  
720  -164.20999950088535  
721  -164.21002759099483  
722  -164.21004080575057  
723  -164.2100603118573  
724  -164.21007538296143  
725  -164.2100988980741  
726  -164.2101169524525  
727  -164.2101331786634  
728  -164.21015541812622  
729  -164.21018295928735  
730  -164.21020043330694  
731  -164.2102230534175  
732  -164.2102398269011  
733  -164.21026337459648  
734  -164.21028635434087  
735  -164.21030153359843  
736  -164.21032208604643  
737  -164.2103509985578  
738  -164.21036712680313  
739  -164.21039089231212  
740  -164.21040814395909  
741  -164.2104373501292  
742  -164.21045909102543  
743  -164.21047919231899  
744  -164.21051140125564  
745  -164.2105353350853  
746  -164.21056096904925  
747  -164.2105799011501  
748  -164.21060226915586  
749  -164.21062037755092  
750  -164.2106625683178  
751  -164.21067816785342  
752  -164.21069966958797  
753  -164.21072530205797  
754  -164.21075481913445  
755  -164.2107790671046  
756  -164.21080443859304  
757  -164.21082160891777  
758  -164.21083661017082  
759  -164.21086779490193  
760  -164.2108823445905  
761  -164.21090083123033  
762  -164.21092825797353  
763  -164.21094125130986  
764  -164.21097781355  
765  -164.21100473582572  
766  -164.2110209157899  
767  -164.2110364919949  
768  -164.2110513136261  
769  -164.21107051143161  
770  -164.21108863794387  
771  -164.21110266589108  
772  -164.21111523501327  
773  -164.2111341659318  
774  -164.21114490774556  
775  -164.21115787927442  
776  -164.2111715437928  
777  -164.211183272172  
778  -164.2111924912286  
779  -164.2112057088846  
780  -164.2112139550286  
781  -164.2112228207085  
782  -164.2112319765941  
783  -164.21124606327888  
784  -164.21125403256556  
785  -164.2112616250532  
786  -164.21127091396104  
787  -164.21128252401004  
788  -164.21129248606167  
789  -164.2113013610287  
790  -164.21130989354555  
791  -164.2113161036574  
792  -164.21132570309732  
793  -164.21133036310667  
794  -164.2113381960621  
795  -164.2113472240902  
796  -164.21135339297282  
797  -164.21136409717457  
798  -164.21137152261284  
799  -164.21137860123946  
800  -164.21138423102383  
801  -164.21139169893505  
802  -164.2113937627691  
803  -164.2114072153257  
804  -164.2114106306481  
805  -164.2114154221251  
806  -164.21142173784747  
807  -164.21142295843384  
808  -164.21143352654894  
809  -164.21143670633683  
810  -164.21144115344356  
811  -164.21144773919883  
812  -164.21144983316452  
813  -164.2114577152375  
814  -164.21146019702903  
815  -164.21146483786953  
816  -164.21146886524664  
817  -164.2114752693139  
818  -164.2114788238195  
819  -164.21148282615542  
820  -164.21148720547922  
821  -164.21149216729174  
822  -164.21149577823257  
823  -164.21150070127626  
824  -164.21150458368166  
825  -164.21150822201864  
826  -164.21151348869014  
827  -164.2115171803903  
828  -164.2115194212321  
829  -164.21152618460147  
830  -164.21152744013906  
831  -164.21153178434486  
832  -164.21153555944744  
833  -164.21153896228324  
834  -164.21154333024123  
835  -164.2115384020266  
836  -164.2115467627534  
837  -164.21155354671808  
838  -164.21155804729116  
839  -164.21156216335356  
840  -164.21156559117216  
841  -164.21156934587424  
842  -164.21157348642765  
843  -164.21157749122818  
844  -164.21157978459874  
845  -164.21158455307904  
846  -164.21158569261507  
847  -164.21159119336886  
848  -164.2115941192374  
849  -164.21159768645188  
850  -164.21160273206297  
851  -164.21158278165646  
852  -164.2116051447483  
853  -164.21160980998556  
854  -164.21161365576484  
855  -164.21161881273557  
856  -164.21162281354984  
857  -164.21162637007043  
858  -164.2116305584725  
859  -164.21163283146845  
860  -164.21163555646638  
861  -164.21164171800453  
862  -164.21164697701147  
863  -164.21164951288114  
864  -164.2116536411433  
865  -164.21165627866588  
866  -164.21165959179598  
867  -164.21166423050948  
868  -164.2116671302625  
869  -164.21167023641692  
870  -164.21167741978593  
871  -164.21167958888918  
872  -164.21168332380364  
873  -164.21168736113182  
874  -164.21169213556624  
875  -164.2116959024408  
876  -164.21169985387004  
877  -164.21170329089048  
878  -164.2117070164417  
879  -164.21171078984972  
880  -164.21171454440548  
881  -164.21171883860669  
882  -164.2117237301426  
883  -164.21172686267548  
884  -164.2117293977187  
885  -164.21173285433358  
886  -164.21173644609425  
887  -164.21173889609523  
888  -164.21174494454561  
889  -164.2117472486881  
890  -164.2117504394721  
891  -164.21175470751194  
892  -164.21175916801863  
893  -164.21176299834946  
894  -164.21176673421604  
895  -164.21177044622772  
896  -164.2117760752923  
897  -164.2117805802287  
898  -164.21178417985615  
899  -164.21178871007942  
900  -164.21179210752823  
901  -164.2117965571149  
902  -164.211800750532  
903  -164.21180431837422  
904  -164.21180588962875  
905  -164.2118132647521  
906  -164.21181540815786  
907  -164.21181901049943  
908  -164.21182446149425  
909  -164.21182968395024  
910  -164.21183379795744  
911  -164.21183826639253  
912  -164.21184199482562  
913  -164.21184777681034  
914  -164.2118532834715  
915  -164.21185911259383  
916  -164.21186358704568  
917  -164.21186940874512  
918  -164.21187405516667  
919  -164.21187894580066  
920  -164.2118865715415  
921  -164.21189107173677  
922  -164.21189756353292  
923  -164.211904085219  
924  -164.211910998316  
925  -164.21191655695085  
926  -164.2119232900381  
927  -164.2119291723542  
928  -164.21193439887614  
929  -164.21194137154782  
930  -164.21194612436437  
931  -164.21195481445966  
932  -164.21196061439298  
933  -164.21196794652565  
934  -164.21197378647128  
935  -164.21197910655295  
936  -164.21198291422428  
937  -164.2119935552388  
938  -164.21199865219833  
939  -164.2120051526063  
940  -164.2120137730634  
941  -164.2120230428932  
942  -164.2120309612373  
943  -164.21203807612847  
944  -164.21204515797356  
945  -164.2120555200804  
946  -164.21206376684341  
947  -164.21207159295403  
948  -164.21207878655176  
949  -164.21208961334077  
950  -164.2120991561261  
951  -164.21210687486578  
952  -164.21211712540682  
953  -164.2121256685544  
954  -164.21213578244306  
955  -164.21214195471998  
956  -164.21215549794834  
957  -164.21216141898603  
958  -164.2121699736915  
959  -164.21217846395265  
960  -164.2121901591396  
961  -164.21220284102867  
962  -164.21221162267184  
963  -164.21222120607652  
964  -164.21223106250375  
965  -164.21224325750651  
966  -164.21225263187887  
967  -164.2122614910151  
968  -164.21227850476305  
969  -164.21229308111924  
970  -164.21230097457308  
971  -164.21232035093578  
972  -164.2123256784644  
973  -164.21233964744212  
974  -164.21235021293757  
975  -164.21236067680013  
976  -164.21237696138743  
977  -164.21236165401945  
978  -164.2123867339775  
979  -164.21240032446195  
980  -164.21241027863937  
981  -164.21242650200955  
982  -164.21243905525145  
983  -164.21245083052335  
984  -164.2124641061499  
985  -164.21247303244127  
986  -164.2124905377107  
987  -164.21250771687454  
988  -164.2125162704884  
989  -164.21253088329618  
990  -164.21254283242357  
991  -164.21255665861335  
992  -164.21257200402277  
993  -164.21258355865453  
994  -164.21259526274073  
995  -164.21261097302462  
996  -164.2126217497737  
997  -164.212635695859  
998  -164.21264869329013  
999  -164.21266043584734  
1000  -164.21267102497865  
1001  -164.2126753308987  
1002  -164.21269690095983  
1003  -164.21270404622305  
1004  -164.21271398345536  
1005  -164.21272815217938  
1006  -164.21274546453154  
1007  -164.21275986631414  
1008  -164.2127723844653  
1009  -164.2127841006447  
1010  -164.2127992367029  
1011  -164.21281386201443  
1012  -164.21282677272563  
1013  -164.21283838175316  
1014  -164.2128521476426  
1015  -164.21286858536357  
1016  -164.2128857415875  
1017  -164.21290168621144  
1018  -164.2129140014403  
1019  -164.2129300132811  
1020  -164.21294621505328  
1021  -164.21295805256207  
1022  -164.21298202484812  
1023  -164.2129920892532  
1024  -164.21300310627862  
1025  -164.21301661082532  
1026  -164.2130280447946  
1027  -164.21304440164047  
1028  -164.21306691767853  
1029  -164.21307753156321  
1030  -164.21309291713558  
1031  -164.21310303558377  
1032  -164.21312067682038  
1033  -164.2131368826252  
1034  -164.21314733113752  
1035  -164.21317091781123  
1036  -164.21317659452603  
1037  -164.21320632575106  
1038  -164.21321659652  
1039  -164.21323408699172  
1040  -164.213258056064  
1041  -164.21327511127848  
1042  -164.21329298448475  
1043  -164.21330744448025  
1044  -164.21332165507366  
1045  -164.21333302757228  
1046  -164.2133630400182  
1047  -164.21337516859717  
1048  -164.2133895157028  
1049  -164.21340717109197  
1050  -164.21340316798043  
1051  -164.2134208304637  
1052  -164.21344026176206  
1053  -164.21345407886793  
1054  -164.21346931073708  
1055  -164.2134823599246  
1056  -164.21349785638859  
1057  -164.21351260707104  
1058  -164.2135241743611  
1059  -164.213533340821  
1060  -164.21355537232944  
1061  -164.21356473637192  
1062  -164.21357671876115  
1063  -164.21359529650783  
1064  -164.2135926009189  
1065  -164.2136078697462  
1066  -164.21362264425966  
1067  -164.21363376645482  
1068  -164.2136483431945  
1069  -164.2136631432374  
1070  -164.21367908322563  
1071  -164.21369499460272  
1072  -164.213704582597  
1073  -164.21372206876674  
1074  -164.2137395300016  
1075  -164.21375847618282  
1076  -164.2137726014689  
1077  -164.21378642415877  
1078  -164.21379890697446  
1079  -164.21381217464182  
1080  -164.21382855424721  
1081  -164.21384203269756  
1082  -164.21385917364097  
1083  -164.21387425081107  
1084  -164.21388769289388  
1085  -164.21390239083888  
1086  -164.21391231002767  
1087  -164.21392625482508  
1088  -164.21393334874355  
1089  -164.21394403514935  
1090  -164.21395842940802  
1091  -164.2139750721202  
1092  -164.21398470862871  
1093  -164.21399654397592  
1094  -164.214006132521  
1095  -164.21401688112653  
1096  -164.21403337755862  
1097  -164.21404178518355  
1098  -164.21405236674144  
1099  -164.21406666137622  
1100  -164.21408162390887  
1101  -164.21408748772612  
1102  -164.21410538480905  
1103  -164.21410468175804  
1104  -164.21411328181676  
1105  -164.21412177358468  
1106  -164.21413593273533  
1107  -164.2141462601398  
1108  -164.2141570749295  
1109  -164.21417383899995  
1110  -164.21418266722122  
1111  -164.2141944883672  
1112  -164.21420725124332  
1113  -164.21421992441188  
1114  -164.21422677411425  
1115  -164.21424673960277  
1116  -164.21424581186443  
1117  -164.2142560184995  
1118  -164.21426489951816  
1119  -164.21428026782195  
1120  -164.21428723907354  
1121  -164.2142974718962  
1122  -164.21430746017793  
1123  -164.2143147112672  
1124  -164.2143331656505  
1125  -164.2143133145993  
1126  -164.2143431458399  
1127  -164.2143560755356  
1128  -164.21436645126303  
1129  -164.2143786406582  
1130  -164.21439074872015  
1131  -164.21440195624618  
1132  -164.2144141778438  
1133  -164.21442302541726  
1134  -164.21443607468905  
1135  -164.21444189117403  
1136  -164.21445815153817  
1137  -164.2144640388526  
1138  -164.21447427060403  
1139  -164.2144872974279  
1140  -164.21449990306198  
1141  -164.21451036534276  
1142  -164.21451808280847  
1143  -164.2145259328794  
1144  -164.21453758158682  
1145  -164.21454779933765  
1146  -164.2145555266567  
1147  -164.21456457444842  
1148  -164.21457349123207  
1149  -164.21458403619445  
1150  -164.21459385859882  
1151  -164.21460242073766  
1152  -164.21460693094627  
1153  -164.2146217012274  
1154  -164.2146272420628  
1155  -164.21463571591914  
1156  -164.21464763086146  
1157  -164.2146592509298  
1158  -164.2146672662796  
1159  -164.21467810882498  
1160  -164.21468693863298  
1161  -164.2146994776229  
1162  -164.2147044487345  
1163  -164.21471774343811  
1164  -164.21472275654185  
1165  -164.21473352754552  
1166  -164.21474547623455  
1167  -164.21475125775189  
1168  -164.21476763864584  
1169  -164.21477409846165  
1170  -164.21478353589308  
1171  -164.21478757916094  
1172  -164.21480325773604  
1173  -164.2148117786175  
1174  -164.21482058274827  
1175  -164.21483371252117  
1176  -164.21480266541693  
1177  -164.21484115437812  
1178  -164.21485508117928  
1179  -164.2148638823282  
1180  -164.21487582662226  
1181  -164.21488348399342  
1182  -164.2148930858281  
1183  -164.214903345227  
1184  -164.21491077023592  
1185  -164.21492237957446  
1186  -164.2149370737417  
1187  -164.21494384403988  
1188  -164.21495440411758  
1189  -164.21496250480692  
1190  -164.21497313265033  
1191  -164.21498744565176  
1192  -164.2149958414953  
1193  -164.21500801255027  
1194  -164.21501979106355  
1195  -164.21502971953933  
1196  -164.21504275296817  
1197  -164.21505176572236  
1198  -164.21506744396794  
1199  -164.21507613872058  
1200  -164.21508538822988  
1201  -164.21510234901268  
1202  -164.2151184363197  
1203  -164.21512994075073  
1204  -164.21514727164367  
1205  -164.21515835545836  
1206  -164.21517241278988  
1207  -164.21519560683  
1208  -164.21520523749354  
1209  -164.2152176137016  
1210  -164.21524304649105  
1211  -164.2152568817461  
1212  -164.2152500743398  
1213  -164.21527079627714  
1214  -164.2152938753354  
1215  -164.2153121555831  
1216  -164.215332069886  
1217  -164.21535147613832  
1218  -164.21536865793396  
1219  -164.2153952045433  
1220  -164.21541235686385  
1221  -164.2154261438925  
1222  -164.21545941406478  
1223  -164.21547498125742  
1224  -164.21549576962576  
1225  -164.21553117833665  
1226  -164.21555306454349  
1227  -164.21557654650104  
1228  -164.21561148036315  
1229  -164.21563545020277  
1230  -164.2156576883259  
1231  -164.2157060990152  
1232  -164.2157253122863  
1233  -164.21575276435962  
1234  -164.21578102441384  
1235  -164.21582031188254  
1236  -164.21586549112513  
1237  -164.2158964227634  
1238  -164.2159361521734  
1239  -164.21598660154382  
1240  -164.21602498094802  
1241  -164.21607032113567  
1242  -164.2161019967751  
1243  -164.2161545976119  
1244  -164.21619708731131  
1245  -164.21623699930862  
1246  -164.21629837243094  
1247  -164.2163649477386  
1248  -164.21641120776917  
1249  -164.21647690447077  
1250  -164.21652832869108  
1251  -164.21656961278123  
1252  -164.21664650809225  
1253  -164.21668476980105  
1254  -164.2167284842264  
1255  -164.21684377791084  
1256  -164.21687944732926  
1257  -164.2169221338441  
1258  -164.2170212068983  
1259  -164.2170722999882  
1260  -164.2171809112313  
1261  -164.21724409106673  
1262  -164.21729681102372  
1263  -164.21735821299467  
1264  -164.21742478844413  
1265  -164.21752533976974  
1266  -164.21762558456635  
1267  -164.21768912059545  
1268  -164.2177707187177  
1269  -164.21782982581357  
1270  -164.21790165016316  
1271  -164.21801265097466  
1272  -164.21807424072932  
1273  -164.21813589602917  
1274  -164.2182562861265  
1275  -164.2183171841132  
1276  -164.21835740891737  
1277  -164.21844077598936  
1278  -164.21849656058697  
1279  -164.21849447620258  
1280  -164.21854855048576  
1281  -164.21862112179736  
1282  -164.2186711629406  
1283  -164.21872337818095  
1284  -164.21877383258695  
1285  -164.21882375254162  
1286  -164.218880898349  
1287  -164.21892699354885  
1288  -164.2189634519349  
1289  -164.2190182902676  
1290  -164.21905107907787  
1291  -164.21909463342976  
1292  -164.21913192132826  
1293  -164.21918453136635  
1294  -164.2192074291933  
1295  -164.21926238266386  
1296  -164.219271776597  
1297  -164.21933131780398  
1298  -164.2193607906281  
1299  -164.2193965646563  
1300  -164.21943856421788  
1301  -164.2193770552291  
1302  -164.21946562390696  
1303  -164.21950886478766  
1304  -164.21954361249132  
1305  -164.2195894107926  
1306  -164.21959186436  
1307  -164.21961373388683  
1308  -164.21964532512237  
1309  -164.21968095791684  
1310  -164.21971132412634  
1311  -164.21974451854035  
1312  -164.21977558301936  
1313  -164.2198088401413  
1314  -164.21983352250172  
1315  -164.21985753209282  
1316  -164.21988641746748  
1317  -164.2199114953982  
1318  -164.21992745271626  
1319  -164.2199555894316  
1320  -164.21996879189035  
1321  -164.21998841909704  
1322  -164.2200124731153  
1323  -164.2200263011015  
1324  -164.22006041653083  
1325  -164.22006259824727  
1326  -164.22008118825212  
1327  -164.22009791933317  
1328  -164.2201156726112  
1329  -164.2201345899171  
1330  -164.22015991924047  
1331  -164.22018034596294  
1332  -164.22020016918327  
1333  -164.2202208582421  
1334  -164.22024320321938  
1335  -164.2202629121643  
1336  -164.22028838081474  
1337  -164.22030673017085  
1338  -164.22032819615703  
1339  -164.22034934605165  
1340  -164.22038118820132  
1341  -164.2204013050545  
1342  -164.22041961423  
1343  -164.2204479941911  
1344  -164.22043011078614  
1345  -164.22046625936258  
1346  -164.22049243317392  
1347  -164.22051375222676  
1348  -164.22053568422538  
1349  -164.22055868098045  
1350  -164.2205809860008  
1351  -164.22060769759352  
1352  -164.22062627026284  
1353  -164.2206494554204  
1354  -164.22067805126596  
1355  -164.2207005991805  
1356  -164.22071396565545  
1357  -164.22074429196945  
1358  -164.22075945060436  
1359  -164.22077960269897  
1360  -164.22080517571283  
1361  -164.2208179903423  
1362  -164.22083253196635  
1363  -164.22086230747118  
1364  -164.22087792450176  
1365  -164.22089773006434  
1366  -164.22091836846866  
1367  -164.22094433555858  
1368  -164.22096220493304  
1369  -164.22098054753437  
1370  -164.22099711902274  
1371  -164.2210130325724  
1372  -164.22103433791642  
1373  -164.2210493165403  
1374  -164.2210616883964  
1375  -164.22108665174315  
1376  -164.22109827581625  
1377  -164.2211102018522  
1378  -164.22114153806282  
1379  -164.2211523039133  
1380  -164.22116512582897  
1381  -164.22118948504158  
1382  -164.22120053160688  
1383  -164.22121463291285  
1384  -164.22124576174275  
1385  -164.22125460177975  
1386  -164.22127366832098  
1387  -164.22127802690983  
1388  -164.22130266680082  
1389  -164.2213118493082  
1390  -164.22132515664114  
1391  -164.22134809203826  
1392  -164.22132639490798  
1393  -164.22136023301005  
1394  -164.22138182825867  
1395  -164.22139589939417  
1396  -164.22141331859362  
1397  -164.2214247703038  
1398  -164.2214398599799  
1399  -164.22145685639035  
1400  -164.22146920665662  
1401  -164.22148393937894  
1402  -164.2215027999102  
1403  -164.22151181896976  
1404  -164.22152854241955  
1405  -164.22153962996697  
1406  -164.22155526074394  
1407  -164.22156953891894  
1408  -164.2215810386254  
1409  -164.2215974939401  
1410  -164.2216172171028  
1411  -164.22162669612396  
1412  -164.2216410531956  
1413  -164.22164833093228  
1414  -164.2216616914439  
1415  -164.22167320548533  
1416  -164.22168215699557  
1417  -164.22170391216252  
1418  -164.22168957611368  
1419  -164.22171507586387  
1420  -164.22172926292373  
1421  -164.22173957412218  
1422  -164.22175257296215  
1423  -164.22176550460114  
1424  -164.22177648746015  
1425  -164.22179015000887  
1426  -164.2217995304262  
1427  -164.22180984442826  
1428  -164.22182755168927  
1429  -164.2218449106217  
1430  -164.22185287250915  
1431  -164.22187256554685  
1432  -164.2218787544156  
1433  -164.22189169929263  
1434  -164.22190170143614  
1435  -164.2219154608253  
1436  -164.22193253705808  
1437  -164.2218804917217  
1438  -164.22194151309068  
1439  -164.22196192564928  
1440  -164.22197733555626  
1441  -164.2219973922351  
1442  -164.22200241542737  
1443  -164.2220185155668  
1444  -164.22202784718493  
1445  -164.222039951415  
1446  -164.22205725113287  
1447  -164.22202031307145  
1448  -164.22206515569536  
1449  -164.22208100303422  
1450  -164.2220923737839  
1451  -164.22210710755317  
1452  -164.2221180674513  
1453  -164.2221302413179  
1454  -164.22214340038812  
1455  -164.2221518203591  
1456  -164.22215798001034  
1457  -164.22217956858833  
1458  -164.22218610401714  
1459  -164.22219469859067  
1460  -164.22220543592243  
1461  -164.22221818936865  
1462  -164.2222281085375  
1463  -164.2222397476754  
1464  -164.22224918706056  
1465  -164.22226111841346  
1466  -164.22227338292197  
1467  -164.2222862060665  
1468  -164.22229556471018  
1469  -164.2223079401788  
1470  -164.22231823714193  
1471  -164.22232734153832  
1472  -164.22234272437836  
1473  -164.22234726594883  
1474  -164.22235864994974  
1475  -164.2223665302078  
1476  -164.2223750419565  
1477  -164.22238722710617  
1478  -164.2223980819191  
1479  -164.22240727873535  
1480  -164.22241508537311  
1481  -164.22242508318257  
1482  -164.22243251207863  
1483  -164.22244900750226  
1484  -164.22245611033375  
1485  -164.2224664236301  
1486  -164.22247965496138  
1487  -164.22249419948957  
1488  -164.22250491062115  
1489  -164.222517349378  
1490  -164.22252863257256  
1491  -164.2225410224669  
1492  -164.2225604611108  
1493  -164.22255149405038  
1494  -164.22256838558877  
1495  -164.22257940661152  
1496  -164.22259683896993  
1497  -164.22261236311292  
1498  -164.2226271205311  
1499  -164.22264025771696  
1500  -164.22265534344996  
1501  -164.2226658367803  
1502  -164.2226822628257  
1503  -164.2226966881828  
1504  -164.22271695511998  
1505  -164.22272792445656  
1506  -164.22274515022232  
1507  -164.22274771748394  
1508  -164.22277117716774  
1509  -164.22278120964637  
1510  -164.22279440279164  
1511  -164.22281160860052  
1512  -164.22281779620278  
1513  -164.2228411674184  
1514  -164.22284895773865  
1515  -164.2228646947667  
1516  -164.222874010437  
1517  -164.22289742823037  
1518  -164.222908373518  
1519  -164.22291967397823  
1520  -164.2229368365543  
1521  -164.22294794704692  
1522  -164.22296911302308  
1523  -164.22297861989202  
1524  -164.22299232918084  
1525  -164.22300498838229  
1526  -164.22302484927252  
1527  -164.22303538879964  
1528  -164.22304798178118  
1529  -164.2230637212834  
1530  -164.22307864048778  
1531  -164.22308991321955  
1532  -164.22310169721302  
1533  -164.22311206507203  
1534  -164.22312725769987  
1535  -164.22313792347256  
1536  -164.22314686724624  
1537  -164.22315917478656  
1538  -164.22316963266937  
1539  -164.22318183554447  
1540  -164.22319228498736  
1541  -164.22320357076748  
1542  -164.2232149550517  
1543  -164.22322620269804  
1544  -164.22323720926178  
1545  -164.22324914558268  
1546  -164.22325788939455  
1547  -164.22327227050152  
1548  -164.22327530990276  
1549  -164.2232905895261  
1550  -164.22329978310114  
1551  -164.22331012021678  
1552  -164.22332346870698  
1553  -164.223287805207  
1554  -164.2233317651542  
1555  -164.22334925031942  
1556  -164.22336137012607  
1557  -164.22337296715824  
1558  -164.2233838817982  
1559  -164.2233984160347  
1560  -164.2234179520533  
1561  -164.223434184961  
1562  -164.22344096207513  
1563  -164.22345673524333  
1564  -164.22346632892467  
1565  -164.2234790327996  
1566  -164.2234905129052  
1567  -164.22349932603433  
1568  -164.22351846521957  
1569  -164.22353120037948  
1570  -164.2235464970656  
1571  -164.22355665710188  
1572  -164.2235661841666  
1573  -164.22357982991684  
1574  -164.2235975214629  
1575  -164.22360640367248  
1576  -164.22361804819556  
1577  -164.22362614599274  
1578  -164.22363663220963  
1579  -164.22364854182905  
1580  -164.22365713664078  
1581  -164.2236597520722  
1582  -164.2236795540987  
1583  -164.22368575594703  
1584  -164.2236957197697  
1585  -164.2237093331732  
1586  -164.2237103672426  
1587  -164.22371806273054  
1588  -164.22372641870427  
1589  -164.22373355616494  
1590  -164.22374372501346  
1591  -164.22375469743972  
1592  -164.22376489779776  
1593  -164.22377308795117  
1594  -164.22377892256364  
1595  -164.22378992315106  
1596  -164.2237987803137  
1597  -164.22380881396987  
1598  -164.2238159202868  
1599  -164.2238237956246  
1600  -164.22383222330248  
1601  -164.2238421452802  
1602  -164.22384988578423  
1603  -164.22385675635368  
1604  -164.22386107856704  
1605  -164.22387391483608  
1606  -164.22387959029032  
1607  -164.22388784920219  
1608  -164.22390033899035  
1609  -164.22388206740575  
1610  -164.22390696296793  
1611  -164.22391809270064  
1612  -164.22392601405338  
1613  -164.22393662064044  
1614  -164.2239442155489  
1615  -164.22395254147042  
1616  -164.2239629526421  
1617  -164.2239705782511  
1618  -164.22397738100753  
1619  -164.2239919901916  
1620  -164.22399749682023  
1621  -164.22400721417117  
1622  -164.22401880030833  
1623  -164.2240324053996  
1624  -164.2240437841804  
1625  -164.22405576949234  
1626  -164.22406780312184  
1627  -164.22408251615602  
1628  -164.2241001232991  
1629  -164.2241176658933  
1630  -164.22413019091442  
1631  -164.2241581295588  
1632  -164.22416251876047  
1633  -164.22418877720645  
1634  -164.22420629656136  
1635  -164.22423033306836  
1636  -164.22426231098163  
1637  -164.22426636233405  
1638  -164.22429246213682  
1639  -164.22434719818474  
1640  -164.2244010855033  
1641  -164.22445570841742  
1642  -164.22450865785208  
1643  -164.22458974301784  
1644  -164.2246741299839  
1645  -164.22478030936958  
1646  -164.2248927759742  
1647  -164.2250030961438  
1648  -164.22513235934923  
1649  -164.22525697097427  
1650  -164.22540217876534  
1651  -164.225536252649  
1652  -164.22579388899536  
1653  -164.22606885534418  
1654  -164.22619161190258  
1655  -164.22637901103522  
1656  -164.2265886156876  
1657  -164.2267945731251  
1658  -164.22703826739408  
1659  -164.22741609379665  
1660  -164.22764065243913  
1661  -164.22786301301164  
1662  -164.22811392254962  
1663  -164.22839942485325  
1664  -164.2286794198969  
1665  -164.22890310233697  
1666  -164.22920828114843  
1667  -164.22950515577242  
1668  -164.22978750302153  
1669  -164.23003538048155  
1670  -164.23032663469255  
1671  -164.2306099081218  
1672  -164.23092913834265  
1673  -164.23110625858547  
1674  -164.23139037081657  
1675  -164.23154084355681  
1676  -164.23183682131173  
1677  -164.23208759808213  
1678  -164.23229377861168  
1679  -164.23269888477012  
1680  -164.23266705442018  
1681  -164.23296892030376  
1682  -164.23323930862293  
1683  -164.2334773808405  
1684  -164.23370339754402  
1685  -164.23397036057094  
1686  -164.23424446753248  
1687  -164.23451888745032  
1688  -164.23475558316642  
1689  -164.2349498266222  
1690  -164.23520053291816  
1691  -164.23539908420184  
1692  -164.23563102093107  
1693  -164.23581078631116  
1694  -164.23598561197971  
1695  -164.236168572578  
1696  -164.23640029672188  
1697  -164.23636570604504  
1698  -164.23653267448026  
1699  -164.2367072135333  
1700  -164.23691942252455  
1701  -164.23709437453076  
1702  -164.2372619630289  
1703  -164.23741899657594  
1704  -164.23758866719237  
1705  -164.23774168433525  
1706  -164.2379327757844  
1707  -164.23810488962772  
1708  -164.23824671389212  
1709  -164.23839854834623  
1710  -164.2385134296411  
1711  -164.2386886824545  
1712  -164.2387905953683  
1713  -164.23889231061256  
1714  -164.23894747079646  
1715  -164.23911594249046  
1716  -164.2391835241318  
1717  -164.23926214435502  
1718  -164.23938872855177  
1719  -164.23930972810322  
1720  -164.2394662323156  
1721  -164.2395970723343  
1722  -164.23967912466247  
1723  -164.2397940260053  
1724  -164.23988665402462  
1725  -164.23995704160478  
1726  -164.2400381770883  
1727  -164.2400965242854  
1728  -164.24016991431037  
1729  -164.24022985935582  
1730  -164.2403051959905  
1731  -164.24034292372437  
1732  -164.2404013434278  
1733  -164.2404337194754  
1734  -164.24049345462564  
1735  -164.2405428634812  
1736  -164.24058023248074  
1737  -164.24064799014445  
1738  -164.24051551040031  
1739  -164.24067612351885  
1740  -164.24073496393666  
1741  -164.24077490815102  
1742  -164.2408164597595  
1743  -164.24085043006002  
1744  -164.24087878802868  
1745  -164.24092926278024  
1746  -164.24095465676592  
1747  -164.24097350020693  
1748  -164.24100144212565  
1749  -164.24102564540712  
1750  -164.24105007473037  
1751  -164.24109326529236  
1752  -164.24111032701813  
1753  -164.24113437555988  
1754  -164.24116643071562  
1755  -164.24119660991707  
1756  -164.2412264342164  
1757  -164.24124826804862  
1758  -164.2412716700244  
1759  -164.24128011954403  
1760  -164.24132018282504  
1761  -164.24133444574994  
1762  -164.24135150806822  
1763  -164.2413768620434  
1764  -164.24137612679846  
1765  -164.2413949086882  
1766  -164.24142514060065  
1767  -164.2414442599016  
1768  -164.2414673362566  
1769  -164.24148508206474  
1770  -164.24150520372936  
1771  -164.24153221534615  
1772  -164.24154798249677  
1773  -164.24157379065966  
1774  -164.2415971559659  
1775  -164.24162208609297  
1776  -164.24164215592722  
1777  -164.24166162326603  
1778  -164.24168249888822  
1779  -164.2417014612913  
1780  -164.24172429155675  
1781  -164.24174733548935  
1782  -164.24177058946304  
1783  -164.2417886387301  
1784  -164.24180522645824  
1785  -164.24183174096908  
1786  -164.24184916901044  
1787  -164.24187015090664  
1788  -164.241898755926  
1789  -164.24191417404973  
1790  -164.24193049224627  
1791  -164.241958277412  
1792  -164.24197282070529  
1793  -164.24198924563626  
1794  -164.2420149215095  
1795  -164.24203152421435  
1796  -164.2420445501282  
1797  -164.24208144861427  
1798  -164.24209709970037  
1799  -164.24211824783768  
1800  -164.24214404428878  
1801  -164.2421754721671  
1802  -164.2422004681518  
1803  -164.24222890901507  
1804  -164.24224734299324  
1805  -164.24227013440503  
1806  -164.24229515107632  
1807  -164.24231733052002  
1808  -164.24233331174037  
1809  -164.24235543797107  
1810  -164.24237043218758  
1811  -164.2423903940281  
1812  -164.24241282857048  
1813  -164.24242730858117  
1814  -164.24244908009456  
1815  -164.24247483346855  
1816  -164.242486640893  
1817  -164.242506022945  
1818  -164.2425187879972  
1819  -164.24253576715074  
1820  -164.24255268328088  
1821  -164.2425631185437  
1822  -164.242588158954  
1823  -164.24258266789434  
1824  -164.24260127014927  
1825  -164.2426130652385  
1826  -164.2426266913015  
1827  -164.24263870237385  
1828  -164.24265346062455  
1829  -164.2426676264372  
1830  -164.2426791470216  
1831  -164.24268780652267  
1832  -164.24269936452762  
1833  -164.24271186284778  
1834  -164.2427187764649  
1835  -164.24273464805952  
1836  -164.2427321593181  
1837  -164.24274078321827  
1838  -164.24274802243747  
1839  -164.24275964448154  
1840  -164.24276707898287  
1841  -164.2427759598446  
1842  -164.24278662250862  
1843  -164.2427934417405  
1844  -164.24280185415842  
1845  -164.24281181630334  
1846  -164.24281871212645  
1847  -164.2428263045978  
1848  -164.24282646868627  
1849  -164.24283240133806  
1850  -164.24284120545758  
1851  -164.24284988819414  
1852  -164.24285722919942  
1853  -164.24286541914677  
1854  -164.2428738143589  
1855  -164.2428828828312  
1856  -164.24288824113913  
1857  -164.24289516242314  
1858  -164.24290618136905  
1859  -164.2429114666566  
1860  -164.24291804862534  
1861  -164.24292407268103  
1862  -164.2429290905379  
1863  -164.2429383574573  
1864  -164.24294397990553  
1865  -164.24295355722415  
1866  -164.2429583655738  
1867  -164.24296450646298  
1868  -164.24296681666988  
1869  -164.2429796250521  
1870  -164.2429846824061  
1871  -164.24299105771507  
1872  -164.24299955541954  
1873  -164.2430010695901  
1874  -164.24301443675117  
1875  -164.24301785296137  
1876  -164.2430244091662  
1877  -164.24303445269624  
1878  -164.24304206891154  
1879  -164.24305097158174  
1880  -164.24305737323863  
1881  -164.24306395529035  
1882  -164.2430669366816  
1883  -164.24308074506837  
1884  -164.24308491701626  
1885  -164.24309094593588  
1886  -164.2430986786691  
1887  -164.24310244381076  
1888  -164.2431140038279  
1889  -164.24311860342377  
1890  -164.2431247853887  
1891  -164.24313379713058  
1892  -164.24314341035796  
1893  -164.2431500525915  
1894  -164.24315991253624  
1895  -164.2431654419368  
1896  -164.24317310881534  
1897  -164.24318360219408  
1898  -164.24319001934595  
1899  -164.24319916806442  
1900  -164.24321391478128  
1901  -164.2432192121552  
1902  -164.2432276142989  
1903  -164.2432343660478  
1904  -164.24324471384895  
1905  -164.2432532721199  
1906  -164.24325925774508  
1907  -164.24326971153005  
1908  -164.24328163723376  
1909  -164.2432914346693  
1910  -164.24330425528302  
1911  -164.24331250657687  
1912  -164.24331882877985  
1913  -164.24333304190728  
1914  -164.24333783032375  
1915  -164.24334660272396  
1916  -164.24335629123422  
1917  -164.24336418078812  
1918  -164.24337739596768  
1919  -164.24334859234253  
1920  -164.24338419226407  
1921  -164.2433995089379  
1922  -164.24340923429762  
1923  -164.24342025223  
1924  -164.2434288078144  
1925  -164.24343435250458  
1926  -164.24344646162322  
1927  -164.24345189839084  
1928  -164.2434584961783  
1929  -164.24346876667468  
1930  -164.24347540354353  
1931  -164.2434807664864  
1932  -164.24349354846862  
1933  -164.24349738037876  
1934  -164.2435044360327  
1935  -164.24351200644494  
1936  -164.2435207027027  
1937  -164.24352625051546  
1938  -164.24353242020294  
1939  -164.24353823834065  
1940  -164.24354501550565  
1941  -164.2435534808663  
1942  -164.24355766623745  
1943  -164.24356197374053  
1944  -164.24357060268244  
1945  -164.24357441321712  
1946  -164.24357946888333  
1947  -164.2435883923536  
1948  -164.24359078973927  
1949  -164.2435955253639  
1950  -164.24359930027674  
1951  -164.24360437528068  
1952  -164.24361139472336  
1953  -164.24360583899107  
1954  -164.24361582095125  
1955  -164.24362435695147  
1956  -164.24362984097186  
1957  -164.24363544996115  
1958  -164.2436404756256  
1959  -164.2436462784499  
1960  -164.24365116511265  
1961  -164.24365742534889  
1962  -164.24366155983202  
1963  -164.24366734603467  
1964  -164.24366936849992  
1965  -164.2436765806797  
1966  -164.24368085817144  
1967  -164.24368597227206  
1968  -164.2436938345658  
1969  -164.24367812879274  
1970  -164.24369782835075  
1971  -164.2437053375535  
1972  -164.24371043393876  
1973  -164.24371835546543  
1974  -164.2437231465503  
1975  -164.24372943344622  
1976  -164.24373461904148  
1977  -164.2437389430469  
1978  -164.24374752386336  
1979  -164.24375535262845  
1980  -164.24376104086375  
1981  -164.24376819548462  
1982  -164.24377303668587  
1983  -164.2437799148072  
1984  -164.24378566981548  
1985  -164.2437942988913  
1986  -164.24379790852493  
1987  -164.24380816980442  
1988  -164.24380905942127  
1989  -164.2438130680734  
1990  -164.24381998185467  
1991  -164.2438291551675  
1992  -164.2438367196888  
1993  -164.24384400918993  
1994  -164.24385035381837  
1995  -164.2438582540511  
1996  -164.2438645619241  
1997  -164.24387283588047  
1998  -164.24387902334277  
1999  -164.24388559271242  
2000  -164.2438926657679  
2001  -164.24389918757808  
2002  -164.24390517654925  
2003  -164.2439139476707  
2004  -164.24392137183744  
2005  -164.24392951806533  
2006  -164.24393499777088  
2007  -164.24394588242976  
2008  -164.24395173839076  
2009  -164.24395870894145  
2010  -164.243969901835  
2011  -164.24395047927084  
2012  -164.24397575916822  
2013  -164.24398644086466  
2014  -164.24399326920727  
2015  -164.24400133528437  
2016  -164.24400945896068  
2017  -164.24401893904118  
2018  -164.24403341259475  
2019  -164.24404502280265  
2020  -164.24405212258299  
2021  -164.24406878191533  
2022  -164.24407504085264  
2023  -164.24408607577666  
2024  -164.2440972067635  
2025  -164.2441055881555  
2026  -164.24412306370792  
2027  -164.2440951243729  
2028  -164.24413277231858  
2029  -164.24414868010157  
2030  -164.24416019785824  
2031  -164.2441768826629  
2032  -164.24418930185726  
2033  -164.24420302032902  
2034  -164.24422020747454  
2035  -164.24423185377225  
2036  -164.24425226741874  
2037  -164.24426951246164  
2038  -164.24428160400365  
2039  -164.2442976113903  
2040  -164.24431129181698  
2041  -164.24432982169776  
2042  -164.24434848846576  
2043  -164.2443661055826  
2044  -164.244381636339  
2045  -164.24439960970162  
2046  -164.24441661527754  
2047  -164.24443319930901  
2048  -164.24445132250878  
2049  -164.24446721307316  
2050  -164.24448616278778  
2051  -164.24450746465328  
2052  -164.2445230822348  
2053  -164.2445370514743  
2054  -164.24455173329633  
2055  -164.24456546233526  
2056  -164.24458576556927  
2057  -164.24461157280123  
2058  -164.24462414499297  
2059  -164.24463911514243  
2060  -164.24465760681184  
2061  -164.24468473858434  
2062  -164.24470484600988  
2063  -164.24472775177395  
2064  -164.24474211935342  
2065  -164.24475926888024  
2066  -164.24477841814314  
2067  -164.2448106298866  
2068  -164.24483267817584  
2069  -164.2448580398613  
2070  -164.24487777716627  
2071  -164.24490674355067  
2072  -164.24493558893008  
2073  -164.24496579759497  
2074  -164.2450080349218  
2075  -164.24505967549123  
2076  -164.2450999606748  
2077  -164.24514989456785  
2078  -164.24519998717233  
2079  -164.24526791706953  
2080  -164.24540450739403  
2081  -164.24553238944154  
2082  -164.24562391508445  
2083  -164.24588448596717  
2084  -164.2460081948334  
2085  -164.24621447321198  
2086  -164.2464736752744  
2087  -164.24668278112597  
2088  -164.24716563318063  
2089  -164.2475624561152  
2090  -164.24819673975816  
2091  -164.24872235351145  
2092  -164.24920838913707  
2093  -164.2498971231415  
2094  -164.25066238591842  
2095  -164.25150058558626  
2096  -164.25241642712174  
2097  -164.25348107584543  
2098  -164.25474337299235  
2099  -164.25559972524414  
2100  -164.25667209247305  
2101  -164.25775459245142  
2102  -164.2584959723324  
2103  -164.25934870842934  
2104  -164.2601925313654  
2105  -164.2607552809844  
2106  -164.2614690366576  
2107  -164.26192111499387  
2108  -164.26272618147823  
2109  -164.26324017198644  
2110  -164.26365878997524  
2111  -164.26419458149348  
2112  -164.2647531850182  
2113  -164.26509791054664  
2114  -164.2654652177886  
2115  -164.26576896029772  
2116  -164.26600567569508  
2117  -164.26635024787964  
2118  -164.26656319312252  
2119  -164.26671017569913  
2120  -164.2670118609054  
2121  -164.2670945703633  
2122  -164.26724781374682  
2123  -164.2674560338582  
2124  -164.26763745528248  
2125  -164.26790105176119  
2126  -164.26698429929525  
2127  -164.26799701962705  
2128  -164.26821486759223  
2129  -164.26835931010265  
2130  -164.26850348262823  
2131  -164.268622027317  
2132  -164.26869312859822  
2133  -164.26882658259416  
2134  -164.2689137203973  
2135  -164.26900859252615  
2136  -164.269117017234  
2137  -164.26918174323788  
2138  -164.26924320519112  
2139  -164.26932033430225  
2140  -164.26937209918194  
2141  -164.26946766302416  
2142  -164.26955867025785  
2143  -164.26959673137975  
2144  -164.2696502251236  
2145  -164.26969648200097  
2146  -164.26975526274703  
2147  -164.2698172301053  
2148  -164.26985233160164  
2149  -164.2698870547203  
2150  -164.26995543067207  
2151  -164.26999551630692  
2152  -164.27004339536592  
2153  -164.2700872373338  
2154  -164.27012227000515  
2155  -164.27016623045247  
2156  -164.270213643875  
2157  -164.27026467521588  
2158  -164.2703044035286  
2159  -164.27034772340448  
2160  -164.27039310947947  
2161  -164.27043143591186  
2162  -164.27046514249298  
2163  -164.27050867190042  
2164  -164.27053451526587  
2165  -164.2705724479879  
2166  -164.27059498977783  
2167  -164.27062350635674  
2168  -164.27064585496967  
2169  -164.27069053707612  
2170  -164.2707137301322  
2171  -164.27074151022347  
2172  -164.27076932108466  
2173  -164.27080261919448  
2174  -164.27082605989187  
2175  -164.27085661066897  
2176  -164.27087532754297  
2177  -164.27090716998663  
2178  -164.27093070063424  
2179  -164.27095140172997  
2180  -164.2709881817426  
2181  -164.27100520826397  
2182  -164.27103703599178  
2183  -164.27105246502353  
2184  -164.2710751764859  
2185  -164.2710977486174  
2186  -164.27112927486235  
2187  -164.2711454921661  
2188  -164.27116514476444  
2189  -164.27118596265194  
2190  -164.27121123943252  
2191  -164.27123398372729  
2192  -164.2712511402797  
2193  -164.27127019427283  
2194  -164.27128491563482  
2195  -164.27130790894506  
2196  -164.2713316826205  
2197  -164.27135988092226  
2198  -164.271380864858  
2199  -164.27140152988616  
2200  -164.27142025885163  
2201  -164.2714394337433  
2202  -164.27145956674173  
2203  -164.27147567602054  
2204  -164.27148969333768  
2205  -164.27152264330476  
2206  -164.27150450258654  
2207  -164.2715357190341  
2208  -164.2715539313285  
2209  -164.27157904144363  
2210  -164.27159598707865  
2211  -164.27161486164576  
2212  -164.2716443874528  
2213  -164.27166241579957  
2214  -164.27168154331105  
2215  -164.27170053189138  
2216  -164.27171857640968  
2217  -164.27173824760322  
2218  -164.27175681650414  
2219  -164.27177539978385  
2220  -164.27179294859474  
2221  -164.27181049499413  
2222  -164.2718355071066  
2223  -164.27183719297705  
2224  -164.27185016417414  
2225  -164.27187044068728  
2226  -164.2718911211814  
2227  -164.27190950712966  
2228  -164.27192840306193  
2229  -164.27194667921918  
2230  -164.27196521847284  
2231  -164.27198129243826  
2232  -164.2719921750137  
2233  -164.27201075241578  
2234  -164.27202193273854  
2235  -164.27204263058613  
2236  -164.27205687511895  
2237  -164.27206755127267  
2238  -164.27208744444  
2239  -164.27207401887216  
2240  -164.2720996000891  
2241  -164.2721195625319  
2242  -164.27213353802932  
2243  -164.2721509379422  
2244  -164.2721631783119  
2245  -164.27217943812764  
2246  -164.2721958795072  
2247  -164.2722074250827  
2248  -164.27222145792584  
2249  -164.27223904833176  
2250  -164.27225177881667  
2251  -164.27226686929367  
2252  -164.27227766736812  
2253  -164.2722943340141  
2254  -164.27230615441184  
2255  -164.27231797916644  
2256  -164.27233635189725  
2257  -164.27235246587423  
2258  -164.27236409103043  
2259  -164.2723792423938  
2260  -164.27239064847743  
2261  -164.27240670445207  
2262  -164.27242544306685  
2263  -164.2724336807561  
2264  -164.27244929237906  
2265  -164.27245970994167  
2266  -164.27247316975686  
2267  -164.27248834668268  
2268  -164.2725069663989  
2269  -164.27252183739958  
2270  -164.27253797518568  
2271  -164.2725515139221  
2272  -164.2725640674659  
2273  -164.27258419712953  
2274  -164.27259373113168  
2275  -164.2726037895108  
2276  -164.2726309861888  
2277  -164.27264416047836  
2278  -164.2726678044776  
2279  -164.2726799643228  
2280  -164.27269896752586  
2281  -164.27271646569326  
2282  -164.27273194967168  
2283  -164.27274538701715  
2284  -164.272769115259  
2285  -164.27278097188898  
2286  -164.27279507501171  
2287  -164.27281790209403  
2288  -164.27281859058056  
2289  -164.27283528560596  
2290  -164.27285765731318  
2291  -164.27287039785668  
2292  -164.27288434671237  
2293  -164.27290052584468  
2294  -164.2729230396262  
2295  -164.27293442893009  
2296  -164.2729535033392  
2297  -164.27296489108375  
2298  -164.27298078834187  
2299  -164.27300122394314  
2300  -164.2730198488605  
2301  -164.2730376876245  
2302  -164.27305395110463  
2303  -164.2730682728455  
2304  -164.27306706311683  
2305  -164.27308312176473  
2306  -164.27310233217278  
2307  -164.27311412353083  
2308  -164.27312759383918  
2309  -164.27313947116636  
2310  -164.27315450097507  
2311  -164.2731715297567  
2312  -164.2731848707258  
2313  -164.2731872612405  
2314  -164.27321319526732  
2315  -164.27322073348327  
2316  -164.27323407892726  
2317  -164.27325239855693  
2318  -164.27325700753312  
2319  -164.27328466316794  
2320  -164.2732925141496  
2321  -164.27330459232343  
2322  -164.273323081135  
2323  -164.27333957704303  
2324  -164.27335781710394  
2325  -164.27337170941172  
2326  -164.2733846551296  
2327  -164.2733946939896  
2328  -164.27341636382744  
2329  -164.2734259216632  
2330  -164.2734369716296  
2331  -164.27345669296602  
2332  -164.27343559166593  
2333  -164.2734682361311  
2334  -164.27349018634408  
2335  -164.27350745503296  
2336  -164.27352776444778  
2337  -164.27353795296983  
2338  -164.273556458017  
2339  -164.27357146317556  
2340  -164.27358564690186  
2341  -164.27361023979446  
2342  -164.2736186703941  
2343  -164.27364289769795  
2344  -164.2736530510322  
2345  -164.27367057376784  
2346  -164.27369427352485  
2347  -164.27371499918266  
2348  -164.2737298020629  
2349  -164.27374688253593  
2350  -164.27376045638283  
2351  -164.27377748869728  
2352  -164.2738000689955  
2353  -164.27381156451995  
2354  -164.27382611467468  
2355  -164.27384208120503  
2356  -164.27386198202436  
2357  -164.27387624595502  
2358  -164.27389058377213  
2359  -164.2739053878318  
2360  -164.27392353660255  
2361  -164.27393711097858  
2362  -164.2739536005643  
2363  -164.27396666741498  
2364  -164.273980830534  
2365  -164.27399887643386  
2366  -164.2740116428743  
2367  -164.27403101079548  
2368  -164.27404748984395  
2369  -164.27405827193627  
2370  -164.27407083554138  
2371  -164.27408524606804  
2372  -164.27410010597814  
2373  -164.27411938740107  
2374  -164.2741331447244  
2375  -164.27414569067668  
2376  -164.27415982411034  
2377  -164.27417064855098  
2378  -164.27418563909566  
2379  -164.27420218426772  
2380  -164.27421760616363  
2381  -164.27422677316648  
2382  -164.27424177461208  
2383  -164.27425240304106  
2384  -164.27426535780722  
2385  -164.27428346532835  
2386  -164.2742936837531  
2387  -164.27430735004242  
2388  -164.27432111781886  
2389  -164.27433518740824  
2390  -164.27434246879983  
2391  -164.27436058038447  
2392  -164.27436369468174  
2393  -164.27438039956323  
2394  -164.27438803115567  
2395  -164.27439791504392  
2396  -164.2744125904245  
2397  -164.2743996242201  
2398  -164.2744217375426  
2399  -164.27443707705845  
2400  -164.2744478813219  
2401  -164.27445936455265  
2402  -164.2744696224599  
2403  -164.27447832047602  
2404  -164.27449462531388  
2405  -164.27450342199353  
2406  -164.27451220957641  
2407  -164.27452199911716  
2408  -164.27452877270977  
2409  -164.27453519810098  
2410  -164.27455235094544  
2411  -164.2745579142972  
2412  -164.27456614070286  
2413  -164.27457669556347  
2414  -164.2745848557214  
2415  -164.27459583826248  
2416  -164.27460321261188  
2417  -164.27461251334492  
2418  -164.27461586733256  
2419  -164.27462892389818  
2420  -164.27463378332334  
2421  -164.2746403867579  
2422  -164.27465072616968  
2423  -164.2746430895887  
2424  -164.27465716973748  
2425  -164.27466741668482  
2426  -164.27467561271465  
2427  -164.27468458214915  
2428  -164.27469146346942  
2429  -164.2747003061399  
2430  -164.27470951736683  
2431  -164.27471708684655  
2432  -164.27472722131134  
2433  -164.27474066182498  
2434  -164.27474672202953  
2435  -164.27475484393872  
2436  -164.27476115283022  
2437  -164.27476947517405  
2438  -164.27477964225434  
2439  -164.27478691116647  
2440  -164.2747965806107  
2441  -164.27480958445372  
2442  -164.2748160130773  
2443  -164.27482650023967  
2444  -164.27483427310233  
2445  -164.27484586748997  
2446  -164.27485566166666  
2447  -164.2748636249837  
2448  -164.2748738614528  
2449  -164.274885520891  
2450  -164.2748937885944  
2451  -164.27490559181985  
2452  -164.27491238750062  
2453  -164.27492149783043  
2454  -164.27493245892524  
2455  -164.27493972005223  
2456  -164.2749535307808  
2457  -164.27496425470977  
2458  -164.27497148915134  
2459  -164.2749825026202  
2460  -164.27499076267017  
2461  -164.27500175465528  
2462  -164.27501568503922  
2463  -164.27502253850264  
2464  -164.27503118886864  
2465  -164.27504127312307  
2466  -164.2750492368801  
2467  -164.2750629742815  
2468  -164.27507287996497  
2469  -164.27508118136996  
2470  -164.27508897378365  
2471  -164.27509780920747  
2472  -164.27510547440264  
2473  -164.27511963206115  
2474  -164.275125163418  
2475  -164.27513404016992  
2476  -164.27514290529703  
2477  -164.2751532820795  
2478  -164.2751612402599  
2479  -164.27516878089003  
2480  -164.27517853290516  
2481  -164.2751895203809  
2482  -164.27519963493853  
2483  -164.27520675658803  
2484  -164.27521489094556  
2485  -164.2752233238402  
2486  -164.27523299989772  
2487  -164.27524204428974  
2488  -164.27524847068344  
2489  -164.27525812801613  
2490  -164.27526362891882  
2491  -164.27527079303917  
2492  -164.2752794583255  
2493  -164.27528551626853  
2494  -164.27529729882062  
2495  -164.27530623914868  
2496  -164.27531301679926  
2497  -164.2753194784325  
2498  -164.2753262416616  
2499  -164.2753355961814  
2500  -164.27534347403022  
2501  -164.2753514145572  
2502  -164.27535940910158  
2503  -164.27536797091176  
2504  -164.275376205041  
2505  -164.27538264989292  
2506  -164.27538897529382  
2507  -164.27539331849326  
2508  -164.27540585522743  
2509  -164.27541123683156  
2510  -164.27541745535328  
2511  -164.27542761734293  
2512  -164.27543648750108  
2513  -164.27544675982577  
2514  -164.27545351456408  
2515  -164.2754626756581  
2516  -164.2754638120343  
2517  -164.27546978839794  
2518  -164.2754793321501  
2519  -164.2754876040639  
2520  -164.27549654352057  
2521  -164.27550636178432  
2522  -164.27551595227285  
2523  -164.27552577306915  
2524  -164.27553254969618  
2525  -164.2755389775862  
2526  -164.27555507990684  
2527  -164.27556106249764  
2528  -164.27556827984375  
2529  -164.27557764238665  
2530  -164.27558528225128  
2531  -164.2755986116598  
2532  -164.27560934067031  
2533  -164.2756177328077  
2534  -164.27562486748982  
2535  -164.27563319374363  
2536  -164.2756370180544  
2537  -164.27565406671303  
2538  -164.27565899053525  
2539  -164.27566705055213  
2540  -164.27567553722443  
2541  -164.27568669391016  
2542  -164.27569650355056  
2543  -164.27570414618776  
2544  -164.27571170031575  
2545  -164.2757188249284  
2546  -164.27573058956287  
2547  -164.2757367957624  
2548  -164.27574344234088  
2549  -164.27575289160686  
2550  -164.27575790781114  
2551  -164.27576277191253  
2552  -164.27577754945133  
2553  -164.27578201517102  
2554  -164.27578899661813  
2555  -164.27579793730004  
2556  -164.2758080270445  
2557  -164.2758154487366  
2558  -164.27582303544094  
2559  -164.27582888902094  
2560  -164.27583716363935  
2561  -164.27584427427993  
2562  -164.27585206518768  
2563  -164.27585663752114  
2564  -164.27586587775758  
2565  -164.27586943833936  
2566  -164.27588009925466  
2567  -164.2758857218163  
2568  -164.27589113577326  
2569  -164.27589992756742  
2570  -164.27589071198403  
2571  -164.27590566231848  
2572  -164.27591671831112  
2573  -164.27592374299337  
2574  -164.275930877326  
2575  -164.27593755331407  
2576  -164.2759432157261  
2577  -164.27595454609084  
2578  -164.27595887945935  
2579  -164.27596459333216  
2580  -164.27596984728245  
2581  -164.27597555369155  
2582  -164.2759866933004  
2583  -164.27597826686593  
2584  -164.27599224991755  
2585  -164.2759999887398  
2586  -164.2760058667771  
2587  -164.2760127275379  
2588  -164.2760197606589  
2589  -164.27602694875418  
2590  -164.27603470789947  
2591  -164.27604135715765  
2592  -164.2760483269476  
2593  -164.27605668115783  
2594  -164.27606388976318  
2595  -164.27606865529788  
2596  -164.2760784139863  
2597  -164.27608230617554  
2598  -164.2760884642312  
2599  -164.27609538921664  
2600  -164.2761004586215  
2601  -164.27610960115413  
2602  -164.27611413474324  
2603  -164.27612190581308  
2604  -164.27612571456476  
2605  -164.27613157393193  
2606  -164.2761388711775  
2607  -164.27614578021016  
2608  -164.27615191132614  
2609  -164.27616090179617  
2610  -164.27616685513436  
2611  -164.2761761668414  
2612  -164.2761835238073  
2613  -164.27619005583483  
2614  -164.27620073484212  
2615  -164.27620720048313  
2616  -164.2762152807768  
2617  -164.276223083831  
2618  -164.27622975350022  
2619  -164.27623936296757  
2620  -164.2762491077919  
2621  -164.27625586761687  
2622  -164.27626278400805  
2623  -164.2762695171113  
2624  -164.27627889028224  
2625  -164.27629079326366  
2626  -164.2763006040611  
2627  -164.27630569629795  
2628  -164.27631442501533  
2629  -164.27631973122718  
2630  -164.27632837540935  
2631  -164.27633882938204  
2632  -164.27634576840856  
2633  -164.27635840260987  
2634  -164.27636464860765  
2635  -164.27637437982204  
2636  -164.27637939661966  
2637  -164.27638751670997  
2638  -164.27639719164193  
2639  -164.27641026912204  
2640  -164.2764181482705  
2641  -164.2764266008942  
2642  -164.27643241050802  
2643  -164.27644076206548  
2644  -164.2764497469289  
2645  -164.27645543663158  
2646  -164.27646651810963  
2647  -164.27647735622506  
2648  -164.27648249060735  
2649  -164.27649091646566  
2650  -164.27649588716378  
2651  -164.2765041061911  
2652  -164.27651287088025  
2653  -164.27651825742095  
2654  -164.2765304690069  
2655  -164.27650576996052  
2656  -164.276535162227  
2657  -164.2765430896034  
2658  -164.27654966668248  
2659  -164.27655782258893  
2660  -164.27656571979537  
2661  -164.27657273042317  
2662  -164.2765793701516  
2663  -164.27658518760583  
2664  -164.27659132933178  
2665  -164.27659800079033  
2666  -164.27660327410538  
2667  -164.2766087139009  
2668  -164.2766149397737  
2669  -164.27661970492008  
2670  -164.27662224875522  
2671  -164.27663333905966  
2672  -164.27663694567087  
2673  -164.2766426887716  
2674  -164.27664820606827  
2675  -164.27665535152312  
2676  -164.2766607217134  
2677  -164.27666599146198  
2678  -164.276672478592  
2679  -164.27667941732943  
2680  -164.27668483442707  
2681  -164.27669183892644  
2682  -164.2766967738334  
2683  -164.27670197007788  
2684  -164.27670969338558  
2685  -164.27671507374848  
2686  -164.27671917358683  
2687  -164.2767268117526  
2688  -164.27673125728188  
2689  -164.2767389243874  
2690  -164.27674622725667  
2691  -164.27675360405274  
2692  -164.27675851001655  
2693  -164.27676576417292  
2694  -164.27677228535606  
2695  -164.27677945862817  
2696  -164.27678696355534  
2697  -164.2767916348514  
2698  -164.27679912682171  
2699  -164.27680587792415  
2700  -164.27681269406983  
2701  -164.27681852336403  
2702  -164.27682383441774  
2703  -164.27683027593497  
2704  -164.27683579944073  
2705  -164.27684112477405  
2706  -164.2768472952099  
2707  -164.2768529123646  
2708  -164.2768602992892  
2709  -164.27686784666065  
2710  -164.27687363420006  
2711  -164.27687875467163  
2712  -164.27688584823105  
2713  -164.2768908919656  
2714  -164.27689652451733  
2715  -164.2769025895526  
2716  -164.27690665301455  
2717  -164.27691146233468  
2718  -164.27691783555923  
2719  -164.27692299810468  
2720  -164.27692870219738  
2721  -164.2769350719595  
2722  -164.27693972063136  
2723  -164.27694470493958  
2724  -164.27695133758573  
2725  -164.27695630330646  
2726  -164.27696124056712  
2727  -164.27696558320739  
2728  -164.27696980249632  
2729  -164.27697466446958  
2730  -164.2769800145803  
2731  -164.2769860848244  
2732  -164.27699019353636  
2733  -164.27699369619452  
2734  -164.27699874631057  
2735  -164.27700238496155  
2736  -164.27700723034408  
2737  -164.27701379947027  
2738  -164.27701776765934  
2739  -164.27702093162105  
2740  -164.27702694924  
2741  -164.27703126488552  
2742  -164.2770373840447  
2743  -164.27704250361535  
2744  -164.27704721155536  
2745  -164.27705103075178  
2746  -164.27705627171323  
2747  -164.27706139396517  
2748  -164.27706539888126  
2749  -164.2770691506917  
2750  -164.27707300136768  
2751  -164.27707826100988  
2752  -164.27708266444904  
2753  -164.277085854085  
2754  -164.27709025529046  
2755  -164.27709416702007  
2756  -164.27709830454788  
2757  -164.27710356002854  
2758  -164.27710721490052  
2759  -164.27711245230515  
2760  -164.27711590342903  
2761  -164.27711967925143  
2762  -164.2771251705379  
2763  -164.27712943007475  
2764  -164.277133909706  
2765  -164.27713732234574  
2766  -164.27714207451385  
2767  -164.27714593476796  
2768  -164.2771497339834  
2769  -164.27715413459137  
2770  -164.27715703599122  
2771  -164.2771614994745  
2772  -164.27716527418184  
2773  -164.27717053781234  
2774  -164.27717329222602  
2775  -164.27717785198448  
2776  -164.27718142323684  
2777  -164.2771865250314  
2778  -164.27719015346554  
2779  -164.27719332559226  
2780  -164.27719647418547  
2781  -164.2772007798624  
2782  -164.27720437881825  
2783  -164.27720753831872  
2784  -164.2772103560373  
2785  -164.27721429195978  
2786  -164.27721756109298  
2787  -164.2772205693135  
2788  -164.27722402288032  
2789  -164.27722890373113  
2790  -164.27723130713608  
2791  -164.27723451675823  
2792  -164.27723835816255  
2793  -164.27724247856295  
2794  -164.27724562453142  
2795  -164.27724955381055  
2796  -164.277252452537  
2797  -164.27725647951794  
2798  -164.27726093123596  
2799  -164.2772647741537  
2800  -164.27726668012122  
2801  -164.27727138814006  
2802  -164.2772735465668  
2803  -164.2772766850842  
2804  -164.2772796904374  
2805  -164.27728237632354  
2806  -164.27728730555847  
2807  -164.27728037518972  
2808  -164.27728986015237  
2809  -164.2772952336322  
2810  -164.2772986757632  
2811  -164.277301934602  
2812  -164.27730462245376  
2813  -164.27730854599065  
2814  -164.27731139003643  
2815  -164.27731451320534  
2816  -164.27731719675816  
2817  -164.27731983460365  
2818  -164.2773228669977  
2819  -164.277327296266  
2820  -164.2773296919472  
2821  -164.27733273112858  
2822  -164.2773354528902  
2823  -164.2773393603145  
2824  -164.27734229489155  
2825  -164.27734453932834  
2826  -164.27734802878254  
2827  -164.27735217131064  
2828  -164.27735535410076  
2829  -164.27735846109852  
2830  -164.27736146082253  
2831  -164.27736381741843  
2832  -164.2773692021455  
2833  -164.27736813692877  
2834  -164.27737108624737  
2835  -164.27737307081804  
2836  -164.2773776770957  
2837  -164.27737980596942  
2838  -164.27738245094338  
2839  -164.27738645709678  
2840  -164.27738890162482  
2841  -164.27739197433863  
2842  -164.27739512982788  
2843  -164.2773982056989  
2844  -164.27740082163555  
2845  -164.2774045611489  
2846  -164.27740688900923  
2847  -164.27741017165897  
2848  -164.27741262800325  
2849  -164.2774147016208  
2850  -164.2774176977145  
2851  -164.27742168628475  
2852  -164.2774241160226  
2853  -164.27742668278506  
2854  -164.2774278590303  
2855  -164.27743109343902  
2856  -164.27743349989356  
2857  -164.27743564657726  
2858  -164.27743945339427  
2859  -164.27743333991467  
2860  -164.2774413775937  
2861  -164.27744472087124  
2862  -164.2774471210946  
2863  -164.27745102807663  
2864  -164.27745234796825  
2865  -164.27745568816417  
2866  -164.27745736396912  
2867  -164.27745924108922  
2868  -164.27746236196805  
2869  -164.2774581092963  
2870  -164.27746400110004  
2871  -164.2774668085458  
2872  -164.27746912481453  
2873  -164.27747172919067  
2874  -164.2774742264341  
2875  -164.27747681017854  
2876  -164.27747993930134  
2877  -164.27748191210304  
2878  -164.2774848754825  
2879  -164.27748705696368  
2880  -164.2774902650585  
2881  -164.2774920893187  
2882  -164.2774948539969  
2883  -164.2774969995373  
2884  -164.277500535158  
2885  -164.2775026401652  
2886  -164.27750475067515  
2887  -164.27750655216073  
2888  -164.27750939530887  
2889  -164.27751185978113  
2890  -164.27751386615148  
2891  -164.27751653133106  
2892  -164.27751963426323  
2893  -164.27752163765166  
2894  -164.27752411558603  
2895  -164.27752643129674  
2896  -164.2775286558936  
2897  -164.27753211679118  
2898  -164.27753381080694  
2899  -164.2775354070647  
2900  -164.27753757052835  
2901  -164.27753926766906  
2902  -164.27754225181673  
2903  -164.27754484216035  
2904  -164.2775462947003  
2905  -164.27754779876702  
2906  -164.27754948148137  
2907  -164.27755205492875  
2908  -164.2775539360933  
2909  -164.27755575481444  
2910  -164.27755754194303  
2911  -164.27755932486542  
2912  -164.27756135463997  
2913  -164.27756307727276  
2914  -164.2775650925033  
2915  -164.27756689882878  
2916  -164.27756906722206  
2917  -164.27757162677653  
2918  -164.27757334891038  
2919  -164.27757533996197  
2920  -164.27757760876594  
2921  -164.27757932278342  
2922  -164.2775809678949  
2923  -164.27758349885744  
2924  -164.27758491568287  
2925  -164.2775866019608  
2926  -164.2775889321094  
2927  -164.27759048563053  
2928  -164.2775923267603  
2929  -164.27759419186037  
2930  -164.2775960984675  
2931  -164.2775978762111  
2932  -164.27760009240626  
2933  -164.27760191600404  
2934  -164.27760374688484  
2935  -164.27760634384322  
2936  -164.27760844663408  
2937  -164.27761049917643  
2938  -164.27761255953948  
2939  -164.27761419035133  
2940  -164.27761620840897  
2941  -164.2776182144831  
2942  -164.2776199575425  
2943  -164.27762174436845  
2944  -164.27762380504603  
2945  -164.27762565088653  
2946  -164.27762747117302  
2947  -164.2776290437402  
2948  -164.27763137644268  
2949  -164.2776327486847  
2950  -164.27763438532153  
2951  -164.2776368571031  
2952  -164.27763792445643  
2953  -164.27763931180468  
2954  -164.2776408951755  
2955  -164.2776434087722  
2956  -164.27764431759613  
2957  -164.27764667613963  
2958  -164.27764700440505  
2959  -164.27764900416804  
2960  -164.2776498843577  
2961  -164.2776513871583  
2962  -164.27765335835392  
2963  -164.27765149604633  
2964  -164.27765445719538  
2965  -164.27765652611265  
2966  -164.27765792963677  
2967  -164.27765972086362  
2968  -164.27766021532923  
2969  -164.27766202112426  
2970  -164.27766301914684  
2971  -164.27766406810105  
2972  -164.27766566645113  
2973  -164.27766194059805  
2974  -164.27766658962437  
2975  -164.27766863809757  
2976  -164.27767033202178  
2977  -164.2776719627782  
2978  -164.27767301194297  
2979  -164.277674015714  
2980  -164.2776754359324  
2981  -164.27767641567536  
2982  -164.27767705794778  
2983  -164.27767897618273  
2984  -164.27767964784599  
2985  -164.2776808008309  
2986  -164.27768238806723  
2987  -164.27768348564578  
2988  -164.2776848123189  
2989  -164.27768556401554  
2990  -164.27768654259106  
2991  -164.27768832793782  
2992  -164.27769011375733  
2993  -164.27769125109936  
2994  -164.27769263465512  
2995  -164.27769343492398  
2996  -164.2776945288967  
2997  -164.27769670852632  
2998  -164.27769742711584  
2999  -164.27769842951673  
3000  -164.2776997239694  
3001  -164.27770066317325  
3002  -164.2777024907389  
3003  -164.27770419711425  
3004  -164.27770532273655  
3005  -164.27770641920588  
3006  -164.27770756444033  
3007  -164.2777093424737  
3008  -164.27771011410573  
3009  -164.2777115738555  
3010  -164.27771229442462  
3011  -164.27771362097852  
3012  -164.2777152656285  
3013  -164.27771618260033  
3014  -164.27771761008236  
3015  -164.27771840987972  
3016  -164.27771948543463  
3017  -164.27772095695497  
3018  -164.2777226667306  
3019  -164.27772367825096  
3020  -164.2777249756464  
3021  -164.2777257304845  
3022  -164.27772680511956  
3023  -164.2777282174651  
3024  -164.2777288631925  
3025  -164.27772931029  
3026  -164.2777313405793  
3027  -164.27773201653244  
3028  -164.27773288746062  
3029  -164.2777340327326  
3030  -164.27773535036164  
3031  -164.27773624860404  
3032  -164.2777372941101  
3033  -164.27773826854946  
3034  -164.27773940585737  
3035  -164.2777403457008  
3036  -164.27774133998707  
3037  -164.27774193825198  
3038  -164.27774346098462  
3039  -164.2777447041433  
3040  -164.27774610445977  
3041  -164.27774704736618  
3042  -164.27774818618076  
3043  -164.2777491073419  
3044  -164.27775025971025  
3045  -164.27775147933812  
3046  -164.27775253094552  
3047  -164.27775296357876  
3048  -164.27775427285547  
3049  -164.27775471295814  
3050  -164.27775576045832  
3051  -164.27775670552214  
3052  -164.27775747812765  
3053  -164.27775858768874  
3054  -164.27775322954847  
3055  -164.27775913621213  
3056  -164.27776038397573  
3057  -164.27776133342925  
3058  -164.2777622342349  
3059  -164.2777630038783  
3060  -164.2777639094837  
3061  -164.2777649463719  
3062  -164.277765957647  
3063  -164.27776652652548  
3064  -164.27776777526768  
3065  -164.27776828152497  
3066  -164.27776930531522  
3067  -164.27776996346137  
3068  -164.27777064914045  
3069  -164.2777716960106  
3070  -164.27777258196548  
3071  -164.27777336359685  
3072  -164.27777414682615  
3073  -164.2777749035282  
3074  -164.27777554294514  
3075  -164.27777717807152  
3076  -164.27777766316683  
3077  -164.27777838901056  
3078  -164.2777792802788  
3079  -164.27778039529207  
3080  -164.27778141270784  
3081  -164.2777823942118  
3082  -164.27778312774313  
3083  -164.2777840928064  
3084  -164.2777851408991  
3085  -164.2777863588759  
3086  -164.27778716275662  
3087  -164.2777882536387  
3088  -164.27778873162129  
3089  -164.27778973938865  
3090  -164.27779046901577  
3091  -164.27779113967668  
3092  -164.27779225259738  
3093  -164.27779323428027  
3094  -164.2777939806625  
3095  -164.27779467313007  
3096  -164.27779540366026  
3097  -164.27779652056802  
3098  -164.27779754209476  
3099  -164.27779842974124  
3100  -164.27779949004835  
3101  -164.27780022385215  
3102  -164.277801053966  
3103  -164.27780161446955  
3104  -164.27780217044238  
3105  -164.27780305525764  
3106  -164.27780408066513  
3107  -164.27780464629592  
3108  -164.2778055195259  
3109  -164.2778060142725  
3110  -164.27780677529523  
3111  -164.2778075132981  
3112  -164.27780799127535  
3113  -164.27780921223965  
3114  -164.2778088613367  
3115  -164.27780984222926  
3116  -164.2778105311405  
3117  -164.2778112126208  
3118  -164.27781187369644  
3119  -164.2778126087892  
3120  -164.27781318091027  
3121  -164.2778137537994  
3122  -164.27781440454586  
3123  -164.27781509873785  
3124  -164.2778158103687  
3125  -164.27781623374597  
3126  -164.27781667406057  
3127  -164.27781759760384  
3128  -164.27781814180435  
3129  -164.27781860951893  
3130  -164.27781946808685  
3131  -164.27781986122324  
3132  -164.2778203253564  
3133  -164.27782113298852  
3134  -164.27782165692628  
3135  -164.27782238843963  
3136  -164.27782294590534  
3137  -164.27782346747085  
3138  -164.27782395141182  
3139  -164.27782466375228  
3140  -164.27782536275075  
3141  -164.27782594754817  
3142  -164.27782648058496  
3143  -164.27782697627384  
3144  -164.27782758015724  
3145  -164.27782816985754  
3146  -164.2778288092555  
3147  -164.27782930236236  
3148  -164.27782982502427  
3149  -164.27783039061845  
3150  -164.2778309270416  
3151  -164.2778315105661  
3152  -164.2778321847405  
3153  -164.27783264086673  
3154  -164.27783302210884  
3155  -164.27783361068367  
3156  -164.27783409507316  
3157  -164.27783465131938  
3158  -164.27783528328848  
3159  -164.27783564135208  
3160  -164.27783615048176  
3161  -164.27783645391003  
3162  -164.27783706628117  
3163  -164.27783739603944  
3164  -164.27783773324174  
3165  -164.2778383157334  
3166  -164.27783850449893  
3167  -164.2778392046034  
3168  -164.27783949134835  
3169  -164.27783990591834  
3170  -164.2778404388722  
3171  -164.2778409136502  
3172  -164.27784125729548  
3173  -164.27784173314794  
3174  -164.27784206995307  
3175  -164.27784258554402  
3176  -164.27784301798434  
3177  -164.27784350670504  
3178  -164.27784391302896  
3179  -164.2778442974724  
3180  -164.27784465320178  
3181  -164.27784498261238  
3182  -164.27784548498073  
3183  -164.27784590631373  
3184  -164.27784624077498  
3185  -164.27784662331737  
3186  -164.27784700196386  
3187  -164.27784748201984  
3188  -164.2778479673167  
3189  -164.27784826568947  
3190  -164.27784880268385  
3191  -164.27784915401986  
3192  -164.27784945351382  
3193  -164.27784985762628  
3194  -164.27785026164776  
3195  -164.27785061170857  
3196  -164.27785114852134  
3197  -164.27785135438205  
3198  -164.27785171214302  
3199  -164.27785208293375  
3200  -164.2778525181078  
3201  -164.27785288594202  
3202  -164.27785326349775  
3203  -164.27785360565994  
3204  -164.27785393915232  
3205  -164.27785446341775  
3206  -164.27785480641526  
3207  -164.27785524970926  
3208  -164.27785559413053  
3209  -164.2778560579077  
3210  -164.27785628134907  
3211  -164.27785681249583  
3212  -164.27785697992152  
3213  -164.27785750704845  
3214  -164.2778578250827  
3215  -164.2778581736393  
3216  -164.27785866486718  
3217  -164.27785860526495  
3218  -164.27785901660323  
3219  -164.277859625285  
3220  -164.27785998425688  
3221  -164.27786035074348  
3222  -164.27786066965564  
3223  -164.27786101917258  
3224  -164.27786149752737  
3225  -164.27786185288983  
3226  -164.27786210388615  
3227  -164.2778626582015  
3228  -164.27786286469777  
3229  -164.27786326274293  
3230  -164.27786353007212  
3231  -164.2778637935385  
3232  -164.2778643127672  
3233  -164.27786440752317  
3234  -164.27786507684806  
3235  -164.27786525882271  
3236  -164.27786556050367  
3237  -164.2778658419702  
3238  -164.27786620979322  
3239  -164.27786645322652  
3240  -164.2778667190477  
3241  -164.27786700537294  
3242  -164.27786734589685  
3243  -164.2778676914942  
3244  -164.2778679743605  
3245  -164.2778683244887  
3246  -164.27786855162645  
3247  -164.27786890691993  
3248  -164.27786923491527  
3249  -164.2778696383758  
3250  -164.27786995640378  
3251  -164.2778702886139  
3252  -164.27787058435277  
3253  -164.27787091077772  
3254  -164.27787127113575  
3255  -164.2778714968401  
3256  -164.27787186804304  
3257  -164.27787226478702  
3258  -164.27787261140045  
3259  -164.2778728125157  
3260  -164.27787302395362  
3261  -164.2778732588035  
3262  -164.2778735855858  
3263  -164.27787405532987  
3264  -164.27787431977518  
3265  -164.2778745818961  
3266  -164.2778748936117  
3267  -164.2778751571152  
3268  -164.27787548224936  
3269  -164.27787596511132  
3270  -164.2778761812611  
3271  -164.27787644974413  
3272  -164.27787672788384  
3273  -164.27787709317337  
3274  -164.27787752600716  
3275  -164.27787779719185  
3276  -164.2778780983145  
3277  -164.27787846986445  
3278  -164.27787876583236  
3279  -164.27787906295538  
3280  -164.27787932354036  
3281  -164.2778797036998  
3282  -164.27787999877063  
3283  -164.27788024215226  
3284  -164.27788058485376  
3285  -164.27788081565532  
3286  -164.27788119814085  
3287  -164.27788155815318  
3288  -164.27788193187885  
3289  -164.2778821663118  
3290  -164.2778825208582  
3291  -164.27788275886024  
3292  -164.27788309473308  
3293  -164.27788339142052  
3294  -164.27788363789335  
3295  -164.27788395433942  
3296  -164.2778844233543  
3297  -164.27788467611063  
3298  -164.277885020529  
3299  -164.2778852620299  
3300  -164.27788564878767  
3301  -164.27788599074583  
3302  -164.27788628565247  
3303  -164.27788667908686  
3304  -164.27788710875237  
3305  -164.2778873521609  
3306  -164.2778877162348  
3307  -164.27788801185997  
3308  -164.27788829315855  
3309  -164.2778887334793  
3310  -164.27788894198562  
3311  -164.27788918435513  
3312  -164.27788976538355  
3313  -164.27788996361858  
3314  -164.27789021419193  
3315  -164.27789051297103  
3316  -164.27789084891805  
3317  -164.2778912659317  
3318  -164.2778899916511  
3319  -164.27789147126714  
3320  -164.27789188212054  
3321  -164.27789213448614  
3322  -164.27789248921633  
3323  -164.27789276163975  
3324  -164.2778930594861  
3325  -164.27789343136035  
3326  -164.27789365033854  
3327  -164.27789393235244  
3328  -164.27789436500834  
3329  -164.27789454517523  
3330  -164.2778948298419  
3331  -164.2778949968317  
3332  -164.27789542416377  
3333  -164.27789568650573  
3334  -164.2778959605447  
3335  -164.2778964029972  
3336  -164.2778961157578  
3337  -164.27789665296692  
3338  -164.27789696802262  
3339  -164.27789719141802  
3340  -164.27789751985551  
3341  -164.27789778286387  
3342  -164.27789807998468  
3343  -164.27789835786308  
3344  -164.27789856803577  
3345  -164.27789878588027  
3346  -164.2778991786639  
3347  -164.27789935131858  
3348  -164.27789960237044  
3349  -164.27789995860354  
3350  -164.27790023962444  
3351  -164.27790046964154  
3352  -164.27790066400198  
3353  -164.27790087644607  
3354  -164.27790116967753  
3355  -164.27790149130487  
3356  -164.2779016841203  
3357  -164.2779019055989  
3358  -164.27790208623483  
3359  -164.27790234687046  
3360  -164.2779025206177  
3361  -164.27790267896648  
3362  -164.27790299803772  
3363  -164.27790320652792  
3364  -164.27790346320202  
3365  -164.27790362612416  
3366  -164.27790383466564  
3367  -164.2779040352869  
3368  -164.27790430815534  
3369  -164.2779044485052  
3370  -164.27790462450866  
3371  -164.27790488298214  
3372  -164.2779051566797  
3373  -164.27790533794033  
3374  -164.27790556942014  
3375  -164.27790572695184  
3376  -164.27790587949855  
3377  -164.27790619599043  
3378  -164.2779063234231  
3379  -164.27790649162088  
3380  -164.27790677267342  
3381  -164.27790690476948  
3382  -164.27790695328335  
3383  -164.2779074199678  
3384  -164.2779075361343  
3385  -164.27790771002708  
3386  -164.27790795374548  
3387  -164.27790808508738  
3388  -164.27790843555644  
3389  -164.27790854200205  
3390  -164.27790872533558  
3391  -164.2779089678029  
3392  -164.27790923598852  
3393  -164.2779094665161  
3394  -164.2779097193218  
3395  -164.27790988838512  
3396  -164.27791008826662  
3397  -164.277910400812  
3398  -164.277910571662  
3399  -164.27791074755706  
3400  -164.27791093490913  
3401  -164.27791110629227  
3402  -164.27791119239754  
3403  -164.27791153565843  
3404  -164.2779116977463  
3405  -164.27791189792867  
3406  -164.2779121746291  
3407  -164.27791188197688  
3408  -164.27791235211808  
3409  -164.2779126387769  
3410  -164.27791281195087  
3411  -164.2779130498303  
3412  -164.27791326903653  
3413  -164.2779134573919  
3414  -164.27791374913127  
3415  -164.27791391341407  
3416  -164.2779140824917  
3417  -164.27791439526035  
3418  -164.27791456459087  
3419  -164.27791482314262  
3420  -164.27791506210792  
3421  -164.27791520152925  
3422  -164.27791548489444  
3423  -164.27791568207567  
3424  -164.277915866198  
3425  -164.27791605597903  
3426  -164.2779161980827  
3427  -164.27791632578453  
3428  -164.27791663602804  
3429  -164.27791674266146  
3430  -164.27791693665364  
3431  -164.27791714694578  
3432  -164.27791737673408  
3433  -164.27791754320907  
3434  -164.27791775298854  
3435  -164.27791793046794  
3436  -164.27791812889654  
3437  -164.27791834709458  
3438  -164.27791853810376  
3439  -164.27791871006065  
3440  -164.27791897345065  
3441  -164.27791904666944  
3442  -164.2779192864599  
3443  -164.27791941887332  
3444  -164.27791959822096  
3445  -164.27791986922327  
3446  -164.27791964400475  
3447  -164.2779200504  
3448  -164.27792032458336  
3449  -164.27792049449818  
3450  -164.2779206894614  
3451  -164.27792087014177  
3452  -164.27792105536375  
3453  -164.27792133198642  
3454  -164.2779214895617  
3455  -164.27792175866105  
3456  -164.27792201026708  
3457  -164.27792226914673  
3458  -164.27792242208596  
3459  -164.27792262754872  
3460  -164.27792278610178  
3461  -164.27792299154356  
3462  -164.27792318593123  
3463  -164.27792331471412  
3464  -164.277923457615  
3465  -164.27792375658316  
3466  -164.27792388483638  
3467  -164.27792406115097  
3468  -164.277924174595  
3469  -164.2779244294806  
3470  -164.2779245810445  
3471  -164.2779247200562  
3472  -164.27792495406527  
3473  -164.27792461041514  
3474  -164.2779250705851  
3475  -164.27792527890085  
3476  -164.27792544214594  
3477  -164.27792568878556  
3478  -164.2779257566644  
3479  -164.27792598122093  
3480  -164.277926093285  
3481  -164.27792622939288  
3482  -164.27792645883497  
3483  -164.27792614056796  
3484  -164.27792658627158  
3485  -164.27792685169038  
3486  -164.27792703418908  
3487  -164.27792719879136  
3488  -164.2779273431527  
3489  -164.27792750775555  
3490  -164.27792764995777  
3491  -164.2779278515006  
3492  -164.27792793512748  
3493  -164.2779281316035  
3494  -164.2779281618323  
