0  0.592920000785877  
1  -2.372605442958346  
2  -6.1838781479422185  
3  -10.70101043069724  
4  -15.252696454533922  
5  -19.323953150059896  
6  -22.925696936837006  
7  -26.360052125893713  
8  -29.10420710442134  
9  -32.701517752697825  
10  -37.9863317769176  
11  -42.47380575917418  
12  -51.97760132945683  
13  -61.69077062306624  
14  -76.01955979366652  
15  -85.98054686275232  
16  -104.64722609131161  
17  -114.8152892742477  
18  -124.08564342814375  
19  -132.05935231877376  
20  -136.6402100332601  
21  -139.5382491696159  
22  -143.04929231613  
23  -146.18553413242998  
24  -147.96092418026507  
25  -149.59757316475844  
26  -150.71843850467775  
27  -151.34819375250396  
28  -151.66502525435408  
29  -152.06587581901243  
30  -152.27358189263984  
31  -152.5440850665292  
32  -152.77562395452148  
33  -152.86259807273476  
34  -153.11755534938303  
35  -153.29696394445048  
36  -153.49917027253338  
37  -153.62740818805275  
38  -153.77873368070243  
39  -153.88663720773067  
40  -154.00074999495067  
41  -154.13016376470762  
42  -153.76959307005214  
43  -154.16377994990248  
44  -153.89925555839343  
45  -154.19071210312208  
46  -153.87638117580047  
47  -154.19896117604515  
48  -153.92365195873415  
49  -154.24505303066002  
50  -153.9862820497954  
51  -154.3084868601234  
52  -153.9949887636506  
53  -153.96074337294257  
54  -154.3109626982196  
55  -154.35727829784673  
56  -154.0640649639192  
57  -154.0227877627642  
58  -154.35998428792445  
59  -153.99019875515086  
60  -154.36102756188788  
61  -153.975047598394  
62  -154.3614590724405  
63  -153.9648246399712  
64  -154.36164105163922  
65  -153.95798387579094  
66  -154.36171870323466  
67  -153.9534291912138  
68  -154.36175208101966  
69  -154.3677103234376  
70  -153.95240381899208  
71  -154.36771194063277  
72  -153.9517262103048  
73  -154.36771264375506  
74  -153.95127861355283  
75  -154.36771264375506  
76  -154.10745067219517  
77  -154.04865803768013  
78  -153.95479257387072  
79  -154.3677203660111  
80  -153.95330865963692  
81  -154.3677237159179  
82  -153.95232810614294  
83  -154.36772517118496  
84  -154.36793075167523  
85  -153.9514781990924  
86  -154.36793104045026  
87  -154.36849167145374  
88  -154.36868214882375  
89  -154.460423116932  
90  -154.58709403582762  
91  -154.70920705695613  
92  -154.7481809188737  
93  -154.92323991615473  
94  -155.02877220401336  
95  -155.15415373733913  
96  -155.23685902307847  
97  -155.40125920637664  
98  -155.48805207875668  
99  -155.58155343069103  
100  -155.46492153014174  
101  -155.43422182072987  
102  -155.58294293655408  
103  -155.42358908378995  
104  -155.5834937600703  
105  -155.4163488671414  
106  -155.5837204612258  
107  -155.41147909066143  
108  -155.5838157800584  
109  -155.40822683573327  
110  -155.58385637653396  
111  -155.40606412982274  
112  -155.5838738056053  
113  -155.40462979787333  
114  -155.5838813265104  
115  -155.58477144791703  
116  -155.5857467678992  
117  -155.40430380206172  
118  -155.58574714789125  
119  -155.58574752720676  
120  -155.40398727531004  
121  -155.58574752720676  
122  -155.5476732340084  
123  -155.47933222286517  
124  -155.41781778751843  
125  -155.40386324643296  
126  -155.5857475669867  
127  -155.58574758834598  
128  -155.40376680120175  
129  -155.58574760783034  
130  -155.5857476068924  
131  -155.58574760286743  
132  -155.58574760783034  
133  -155.5467761927446  
134  -155.47976156083217  
135  -155.418036755992  
136  -155.40387052569358  
137  -155.58574764067055  
138  -155.40367510466018  
139  -155.5857476331253  
140  -155.58574764067055  
