0  -38.37995194640637  
1  -35.337389641840346  
2  -38.8109667498457  
3  -38.84603051396042  
4  -38.859264875377534  
5  -38.880436321421044  
6  -38.89816116287683  
7  -38.91106964812928  
8  -38.915275861077156  
9  -38.91861247744498  
10  -38.922209104134645  
11  -38.92614578374031  
12  -38.92998465566493  
13  -38.93528094976357  
14  -38.94040795028287  
15  -38.944457010614435  
16  -38.949801445068445  
17  -38.953162188463295  
18  -38.958372164592596  
19  -38.96278119914796  
20  -38.96948533136591  
21  -38.9731948040948  
22  -38.977330584372034  
23  -38.98323693822724  
24  -38.98634304959201  
25  -38.992731859686394  
26  -38.99543192169679  
27  -38.99865172477314  
28  -39.00120422991624  
29  -39.004878775243306  
30  -39.00711337500349  
31  -39.00921822269281  
32  -39.01179302349648  
33  -39.0144023431301  
34  -39.015719318227255  
35  -39.01796425920168  
36  -39.019003974572925  
37  -39.020597852932426  
38  -39.02179140018843  
39  -39.022662384412655  
40  -39.024503697253905  
41  -39.02229971060107  
42  -39.02534578444545  
43  -39.026443985282704  
44  -39.02728683073226  
45  -39.0282043174447  
46  -39.029090348619306  
47  -39.02992350602886  
48  -39.030594000111385  
49  -39.031170022477035  
50  -39.03192622565307  
51  -39.032608631149536  
52  -39.033126198345414  
53  -39.03366444883955  
54  -39.034207700768285  
55  -39.03477703146094  
56  -39.03527900466339  
57  -39.0357110002428  
58  -39.03627351579685  
59  -39.03673776991313  
60  -39.0372071580936  
61  -39.037592117595786  
62  -39.038069924367406  
63  -39.03849172252389  
64  -39.03882977643354  
65  -39.039225651196695  
66  -39.039609482916454  
67  -39.03998993313443  
68  -39.040293232113314  
69  -39.04066803574016  
70  -39.04099064707328  
71  -39.04127452115495  
72  -39.04164253639246  
73  -39.041879113685425  
74  -39.04218674221707  
75  -39.042597438304774  
76  -39.04286842109533  
77  -39.04306781242497  
78  -39.04357903801653  
79  -39.04368619809798  
80  -39.04393596583459  
81  -39.044155856806164  
82  -39.044394331103845  
83  -39.04471712324598  
84  -39.04425286939348  
85  -39.04488742068914  
86  -39.04523240671527  
87  -39.045464405592114  
88  -39.04569415865704  
89  -39.04588680625335  
90  -39.04603235179471  
91  -39.04628172769519  
92  -39.04641497398379  
93  -39.04657965659352  
94  -39.046759597540145  
95  -39.046882820691735  
96  -39.04708807304674  
97  -39.04732442065495  
98  -39.047426719971035  
99  -39.04758116871841  
100  -39.04773737124053  
101  -39.04793145364708  
102  -39.048083536657366  
103  -39.04822022928501  
104  -39.04835790983368  
105  -39.04850485014237  
106  -39.04864538123735  
107  -39.048775649882785  
108  -39.04888794113957  
109  -39.04903644468692  
110  -39.04916730757156  
111  -39.04929058273521  
112  -39.04940128195946  
113  -39.04952263737711  
114  -39.049635816194105  
115  -39.04974891777197  
116  -39.04985668629285  
117  -39.04997592726348  
118  -39.0500801253545  
119  -39.050163580402184  
120  -39.050272501182796  
121  -39.0503723127889  
122  -39.050470816864454  
123  -39.05054744442871  
124  -39.05063869483145  
125  -39.05068530303462  
126  -39.05082145628599  
127  -39.050883113692365  
128  -39.05095830474021  
129  -39.05106317624747  
130  -39.05116800122433  
131  -39.05124252377689  
132  -39.05135056827152  
133  -39.051417652768066  
134  -39.0514898886173  
135  -39.05160071782511  
136  -39.051665301529226  
137  -39.051757390784644  
138  -39.05183843463471  
139  -39.051950530482415  
140  -39.052003582291746  
141  -39.052117600146445  
142  -39.05216525365021  
143  -39.05227053508423  
144  -39.052338636405075  
145  -39.05241074471225  
146  -39.05251982324684  
147  -39.05237539294884  
148  -39.05257466979205  
149  -39.05268170274974  
150  -39.05276620138353  
151  -39.05286286625352  
152  -39.05295083219565  
153  -39.053027553150486  
154  -39.05315404355137  
155  -39.05321260388171  
156  -39.05328586810809  
157  -39.053391441963825  
158  -39.05345698175674  
159  -39.05355758922963  
160  -39.053689179805644  
161  -39.0537463567325  
162  -39.05383373101822  
163  -39.053909750655166  
164  -39.05400701257553  
165  -39.05410580262805  
166  -39.054168653456166  
167  -39.05426875950084  
168  -39.05436856601535  
169  -39.0544651569868  
170  -39.05454508902619  
171  -39.05462342459234  
172  -39.05471256791399  
173  -39.05480341293583  
174  -39.05488996705515  
175  -39.054988709791914  
176  -39.05506979569008  
177  -39.05513917096634  
178  -39.05519509409147  
179  -39.05535490816635  
180  -39.05542200532772  
181  -39.05550041727861  
182  -39.05561422126662  
183  -39.05570942717637  
184  -39.05583330052853  
185  -39.055900761745015  
186  -39.05599095456135  
187  -39.056064717925125  
188  -39.056189941738545  
189  -39.05625606559549  
190  -39.056336515439554  
191  -39.056456925967524  
192  -39.056530726026985  
193  -39.05663799306178  
194  -39.056702561913966  
195  -39.05677379801613  
196  -39.05683571000317  
197  -39.056960496383915  
198  -39.05701499438799  
199  -39.05707850963453  
200  -39.05716240974732  
201  -39.05721567129292  
202  -39.05730602872071  
203  -39.05735232029472  
204  -39.05741158485233  
205  -39.05745256373836  
206  -39.05755058412485  
207  -39.057592087307185  
208  -39.057642881388574  
209  -39.057718838673686  
210  -39.05768482159623  
211  -39.05776641543724  
212  -39.05785167582405  
213  -39.05790984499673  
214  -39.057985549013765  
215  -39.058026084350544  
216  -39.05808420302086  
217  -39.05813754947617  
218  -39.058179244786544  
219  -39.058276340535535  
220  -39.058240797020915  
221  -39.05832865333404  
222  -39.058392101818804  
223  -39.05844976406085  
224  -39.05850746983803  
225  -39.058571374430215  
226  -39.05862828455237  
227  -39.05869811743439  
228  -39.05875077913908  
229  -39.058799673134196  
230  -39.058877585055875  
231  -39.058924486257375  
232  -39.05899021532109  
233  -39.0590621947313  
234  -39.05914876640281  
235  -39.05919028576947  
236  -39.05927727476522  
237  -39.05926318282432  
238  -39.05931977902175  
239  -39.0593678775692  
240  -39.05945227656976  
241  -39.05949679763185  
242  -39.05954779799569  
243  -39.059626530696704  
244  -39.05967409673917  
245  -39.05974834858985  
246  -39.05981034486766  
247  -39.05986129980755  
248  -39.059920015399115  
249  -39.05997052203571  
250  -39.06003321407841  
251  -39.06009028111136  
252  -39.0601352904705  
253  -39.060198670688706  
254  -39.060264098906416  
255  -39.06031008973884  
256  -39.06036654240447  
257  -39.06041747245323  
258  -39.06046988122085  
259  -39.0605293651938  
260  -39.060579470755805  
261  -39.06064298897654  
262  -39.06069797988909  
263  -39.060740128452345  
264  -39.06080845049588  
265  -39.06085273928658  
266  -39.06091514453903  
267  -39.06095458238251  
268  -39.060997110169666  
269  -39.061066031033704  
270  -39.06113443617638  
271  -39.06117486540485  
272  -39.06123811707788  
273  -39.06128231712855  
274  -39.061326535629775  
275  -39.06140423842077  
276  -39.06144166004607  
277  -39.061482642683174  
278  -39.06157987370796  
279  -39.06160977909975  
280  -39.061647706287566  
281  -39.06171215863436  
282  -39.06175623492128  
283  -39.06184051386616  
284  -39.06166675832254  
285  -39.06188651023703  
286  -39.061956535275776  
287  -39.062005241503684  
288  -39.06206298485766  
289  -39.06211526197177  
290  -39.06217248784619  
291  -39.06221950917627  
292  -39.062266240203975  
293  -39.06232229634525  
294  -39.062366237108364  
295  -39.06241705323581  
296  -39.062461663965095  
297  -39.06251362894319  
298  -39.06256160207305  
299  -39.062609649400414  
300  -39.06266479076419  
301  -39.06270210406318  
302  -39.06276264998209  
303  -39.06280651115656  
304  -39.06284769293503  
305  -39.06288974584872  
306  -39.0629303478444  
307  -39.062977909915276  
308  -39.06302146641197  
309  -39.063061478112346  
310  -39.06310250617305  
311  -39.06314374214865  
312  -39.06318604827549  
313  -39.06322140533966  
314  -39.063266998511914  
315  -39.06329029971162  
316  -39.063336126211084  
317  -39.06336696601429  
318  -39.06339867307395  
319  -39.063456795741416  
320  -39.063472619175506  
321  -39.06353087955176  
322  -39.06354981619406  
323  -39.06358590319373  
324  -39.06363305444366  
325  -39.06367682200536  
326  -39.06371279552498  
327  -39.06375185393219  
328  -39.06377973424176  
329  -39.063827973452455  
330  -39.06386496387875  
331  -39.063903520778894  
332  -39.063940646113046  
333  -39.06397139457403  
334  -39.06400795031903  
335  -39.064049772235315  
336  -39.06408099630881  
337  -39.064114332535716  
338  -39.06414762411215  
339  -39.06417759085448  
340  -39.064205958334846  
341  -39.06424263663902  
342  -39.06426386244577  
343  -39.06428936224844  
344  -39.064304589054544  
345  -39.064355108478495  
346  -39.06437531581252  
347  -39.064396243756164  
348  -39.06442965605994  
349  -39.06443907082627  
350  -39.064501553118106  
351  -39.06451823341623  
352  -39.0645500679496  
353  -39.064569921196814  
354  -39.06460842336116  
355  -39.0646328413598  
356  -39.06465692713234  
357  -39.06469154175373  
358  -39.064720714507516  
359  -39.0647488673692  
360  -39.06477296483162  
361  -39.06479682816423  
362  -39.06480283988661  
363  -39.06485439809457  
364  -39.064866918836046  
365  -39.06488905968415  
366  -39.064917817748174  
367  -39.06493707414707  
368  -39.06496589697345  
369  -39.064981066327526  
370  -39.064999818562264  
371  -39.065022223900016  
372  -39.065051464999065  
373  -39.06506733901919  
374  -39.0650853861734  
375  -39.06510172008623  
376  -39.06512200035751  
377  -39.06514481016917  
378  -39.065161015553144  
379  -39.06517880410294  
380  -39.065195438937714  
381  -39.06521298697895  
382  -39.06523012170427  
383  -39.06524490073319  
384  -39.065264741949655  
385  -39.0652679491851  
386  -39.06528828480937  
387  -39.065298758941076  
388  -39.06531363825046  
389  -39.065332244429555  
390  -39.065293904709144  
391  -39.065341822009756  
392  -39.065361725357505  
393  -39.06537625417279  
394  -39.06539237556598  
395  -39.06540414416778  
396  -39.06541445586592  
397  -39.065431729294886  
398  -39.06544092282788  
399  -39.06544978101417  
400  -39.06546854330842  
401  -39.06547648173654  
402  -39.06548605422129  
403  -39.06549682512015  
404  -39.065504768099885  
405  -39.065524448129295  
406  -39.06550126670695  
407  -39.065533381763295  
408  -39.065544936923146  
409  -39.065553261271624  
410  -39.06556391500274  
411  -39.065575233600256  
412  -39.06558633698373  
413  -39.0655968741641  
414  -39.065604053052176  
415  -39.0656162064403  
416  -39.065622484604596  
417  -39.06563417081492  
418  -39.06564097202689  
419  -39.065648998814034  
420  -39.065659638048565  
421  -39.065670975803265  
422  -39.06567781555689  
423  -39.06568692693097  
424  -39.065693774384286  
425  -39.06570148301723  
426  -39.06571321097752  
427  -39.06571795508607  
428  -39.06572335776193  
429  -39.06573708249914  
430  -39.06574229873627  
431  -39.065748633794364  
432  -39.06576076877164  
433  -39.06576627080398  
434  -39.06577864495102  
435  -39.06578907719112  
436  -39.06579703408375  
437  -39.065806682004165  
438  -39.06581403103582  
439  -39.065821656983736  
440  -39.06583313130204  
441  -39.06584090151829  
442  -39.06584642183089  
443  -39.06585657805068  
444  -39.065864460553726  
445  -39.06587608079631  
446  -39.06588576138814  
447  -39.06589379709878  
448  -39.0659026590647  
449  -39.06591280769971  
450  -39.06592185499335  
451  -39.06593168180241  
452  -39.065940595044395  
453  -39.06595246494569  
454  -39.06596449329166  
455  -39.06597518243605  
456  -39.06598510328683  
457  -39.0660028363933  
458  -39.06601086529117  
459  -39.06602176840007  
460  -39.066035409687245  
461  -39.06604863998051  
462  -39.06606756085638  
463  -39.06608852133124  
464  -39.06610250029068  
465  -39.066121905048206  
466  -39.06613618793352  
467  -39.066150659974625  
468  -39.06617935830971  
469  -39.06618964449447  
470  -39.066202043419345  
471  -39.066224970456986  
472  -39.066236654562324  
473  -39.066243707305475  
474  -39.06627496155689  
475  -39.06628431400651  
476  -39.06629528784821  
477  -39.06630830232357  
478  -39.066323057134426  
479  -39.06633543033777  
480  -39.06634466047605  
481  -39.06635570608531  
482  -39.06636755233241  
483  -39.066377791298756  
484  -39.066384381231536  
485  -39.06639793545079  
486  -39.06640119030366  
487  -39.06641251414059  
488  -39.06641848761836  
489  -39.066425636894294  
490  -39.066437075595125  
491  -39.06643770708905  
492  -39.06644485714942  
493  -39.06645306813595  
494  -39.06645964171967  
495  -39.0664678115013  
496  -39.06647623161475  
497  -39.066483957817084  
498  -39.066492124502425  
499  -39.06649846296096  
500  -39.066508988711526  
501  -39.06651582650008  
502  -39.066523590707796  
503  -39.066529939699386  
504  -39.06653715587161  
505  -39.06654206971522  
506  -39.06655189595088  
507  -39.06655659543729  
508  -39.06656252009414  
509  -39.066571178919624  
510  -39.06657310763232  
511  -39.0665848879556  
512  -39.06658836021868  
513  -39.06659410641882  
514  -39.06659884994852  
515  -39.0666067474611  
516  -39.06661206079379  
517  -39.066616792474875  
518  -39.06662325448769  
519  -39.06662967810407  
520  -39.06663449034249  
521  -39.06664010799955  
522  -39.0666442933488  
523  -39.066649955035174  
524  -39.06665551554907  
525  -39.06666192364914  
526  -39.06666493794716  
527  -39.06667127843761  
528  -39.06667115205971  
529  -39.06667439903462  
530  -39.06667807657127  
531  -39.06668498269758  
532  -39.066687955351334  
533  -39.06669141003238  
534  -39.06669609507394  
535  -39.06669928178991  
536  -39.06670293378266  
537  -39.0667096834107  
538  -39.0667122841944  
539  -39.06671601495832  
540  -39.066719464949614  
541  -39.06672414464533  
542  -39.066727189488695  
543  -39.066729769394655  
544  -39.06673317811906  
545  -39.0667369449609  
546  -39.066739922490335  
547  -39.06674286474333  
548  -39.06674563825918  
549  -39.06674897372394  
550  -39.06675225708868  
551  -39.06675538793518  
552  -39.06675733159468  
553  -39.06676147162987  
554  -39.06676278137252  
555  -39.066765995425826  
556  -39.066768440960686  
557  -39.06677076008013  
558  -39.0667745205581  
559  -39.066772520199  
560  -39.06677709170226  
561  -39.06678014295966  
562  -39.06678252910785  
563  -39.066785348646896  
564  -39.066788198289444  
565  -39.06679070757354  
566  -39.06679379605525  
567  -39.06679637280925  
568  -39.066799547817716  
569  -39.06680167688677  
570  -39.06680403727643  
571  -39.06680620342428  
572  -39.06680870617009  
573  -39.06681165420278  
574  -39.06681506441914  
575  -39.066816977993355  
576  -39.06681924586641  
577  -39.06682142237427  
578  -39.06682396183713  
579  -39.06682729437164  
580  -39.06682898819136  
581  -39.06683050320057  
582  -39.066835374875104  
583  -39.06683681697918  
584  -39.066838903304365  
585  -39.06684135464353  
586  -39.06684333319326  
587  -39.06684670804114  
588  -39.06684749748708  
589  -39.06685492179665  
590  -39.06685687351859  
591  -39.06685940962002  
592  -39.06686273484762  
593  -39.06686481346888  
594  -39.066870555392136  
595  -39.06687243749438  
596  -39.066875432169276  
597  -39.0668779941194  
598  -39.066882441600114  
599  -39.06688611575233  
600  -39.066889048908614  
601  -39.06689284900832  
602  -39.06689841132261  
603  -39.06690269984282  
604  -39.06690697892131  
605  -39.06691121149917  
606  -39.066917268680676  
607  -39.06692231274702  
608  -39.066927529770105  
609  -39.06693244471105  
610  -39.06694033850378  
611  -39.06694704627847  
612  -39.06695322800562  
613  -39.06695963880277  
614  -39.066969801821315  
615  -39.06697737069966  
616  -39.06698454362381  
617  -39.06699300156012  
618  -39.06700428283464  
619  -39.067012495018034  
620  -39.06702058249483  
621  -39.06702827345749  
622  -39.06703658704312  
623  -39.06704851025041  
624  -39.06705469441683  
625  -39.06706454726937  
626  -39.067074336920584  
627  -39.06708532102421  
628  -39.067090561531685  
629  -39.06710052539234  
630  -39.06710490570978  
631  -39.067113212449705  
632  -39.067119154755446  
633  -39.06712562751302  
634  -39.06713525304537  
635  -39.067143901657374  
636  -39.06715052768402  
637  -39.06715824054238  
638  -39.06716444601069  
639  -39.06717424484087  
640  -39.06718281957623  
641  -39.06719213630034  
642  -39.067199938537  
643  -39.06721006505449  
644  -39.06721955291288  
645  -39.06722615396274  
646  -39.067237700246466  
647  -39.067246962654565  
648  -39.06725404091274  
649  -39.06726738082306  
650  -39.067273820628266  
651  -39.067282167289655  
652  -39.0672981880313  
653  -39.067306284752426  
654  -39.06732593625802  
655  -39.06733335502821  
656  -39.067355462893  
657  -39.06736706984698  
658  -39.067378221833565  
659  -39.067399837853436  
660  -39.06737934116753  
661  -39.06741172823954  
662  -39.06743352158461  
663  -39.067451526744186  
664  -39.06747104474511  
665  -39.06748949449527  
666  -39.067504759459595  
667  -39.067530078050936  
668  -39.0675450904362  
669  -39.06756167171533  
670  -39.06758971244407  
671  -39.06760517633384  
672  -39.067606088703215  
673  -39.0676241699363  
674  -39.06765302079193  
675  -39.06767042246983  
676  -39.06769440034443  
677  -39.067713260991695  
678  -39.067728944011975  
679  -39.06775634831172  
680  -39.06777288102001  
681  -39.067792273805594  
682  -39.06782330515033  
683  -39.067841719341374  
684  -39.067855286599105  
685  -39.067890101099344  
686  -39.067903071039574  
687  -39.06791932674495  
688  -39.06795759048879  
689  -39.067975689832274  
690  -39.067962275829316  
691  -39.067996118232216  
692  -39.06803028192881  
693  -39.06805571532936  
694  -39.06808651341443  
695  -39.06811033451272  
696  -39.06812879940573  
697  -39.06815717402738  
698  -39.068177131969065  
699  -39.06820355440536  
700  -39.06822386392677  
701  -39.068246918048914  
702  -39.06826116142095  
703  -39.06828626555356  
704  -39.068286986909456  
705  -39.06830005021625  
706  -39.068317373551295  
707  -39.068338236842195  
708  -39.068354931384704  
709  -39.06837427227236  
710  -39.068395436768434  
711  -39.06841436828338  
712  -39.068433744465054  
713  -39.06844928536222  
714  -39.068472448500565  
715  -39.068488312549846  
716  -39.068507545181966  
717  -39.06852550417656  
718  -39.068540521852526  
719  -39.06857253188333  
720  -39.068592252998045  
721  -39.06861424405801  
722  -39.068628328681996  
723  -39.06864366406629  
724  -39.06866252940361  
725  -39.06868358032557  
726  -39.06869819290488  
727  -39.06871325353599  
728  -39.068724292566685  
729  -39.0687473415111  
730  -39.06875732972811  
731  -39.068769996829154  
732  -39.06878828470372  
733  -39.068806946491414  
734  -39.0688198456418  
735  -39.06883537451883  
736  -39.06884669113885  
737  -39.068860054672584  
738  -39.068877638926324  
739  -39.068886491427044  
740  -39.0688941386454  
741  -39.06891611479039  
742  -39.06892151175475  
743  -39.06892998685802  
744  -39.06894055335916  
745  -39.06894813796243  
746  -39.06896178734242  
747  -39.06893642754429  
748  -39.06896876311668  
749  -39.06898063236431  
750  -39.06898895814198  
751  -39.06899910933052  
752  -39.06900669974912  
753  -39.06901354679961  
754  -39.06902467780796  
755  -39.069030994258405  
756  -39.069040343444115  
757  -39.06904921764848  
758  -39.06905843967443  
759  -39.06906469936245  
760  -39.0690733252306  
761  -39.069081025207545  
762  -39.06908861438604  
763  -39.069099245518146  
764  -39.06910579847229  
765  -39.069112615773896  
766  -39.06912629501113  
767  -39.06913254700912  
768  -39.06913947958693  
769  -39.06914967329314  
770  -39.069156221871054  
771  -39.0691712204923  
772  -39.0691804818533  
773  -39.069193579732584  
774  -39.06919939156469  
775  -39.06920751896838  
776  -39.06921342591679  
777  -39.069227559522105  
778  -39.069233790449495  
779  -39.06924086127269  
780  -39.069251906452486  
781  -39.06924472838542  
782  -39.06925882009622  
783  -39.06926996182281  
784  -39.06927752813073  
785  -39.06928673299377  
786  -39.06929478050579  
787  -39.06930251111456  
788  -39.0693129628294  
789  -39.06931957545226  
790  -39.06932694368873  
791  -39.06933715444072  
792  -39.069345986522386  
793  -39.06935154371548  
794  -39.06936238335487  
795  -39.069367019127725  
796  -39.069373364693654  
797  -39.06938192582393  
798  -39.06938812814269  
799  -39.06939944015668  
800  -39.069405701232  
801  -39.0694141829445  
802  -39.06941938753829  
803  -39.06942719355517  
804  -39.069436919889746  
805  -39.06944662901122  
806  -39.06945317815516  
807  -39.06946316559922  
808  -39.06946984229605  
809  -39.069478367961096  
810  -39.069489893498066  
811  -39.069498125587245  
812  -39.069504488265544  
813  -39.06951723178055  
814  -39.06952179753875  
815  -39.06953013426605  
816  -39.06953604056879  
817  -39.06954535205684  
818  -39.06955635468239  
819  -39.06953678650435  
820  -39.06956178763857  
821  -39.06957191753433  
822  -39.06957875930206  
823  -39.0695875198497  
824  -39.069592257669804  
825  -39.06960066057918  
826  -39.069606999903264  
827  -39.069612214193064  
828  -39.069622647710084  
829  -39.069625004329666  
830  -39.06963686315272  
831  -39.069640446704824  
832  -39.06964733506576  
833  -39.06964892334464  
834  -39.069658740289185  
835  -39.069662621845985  
836  -39.06966787661167  
837  -39.069675946134886  
838  -39.06966450283628  
839  -39.06968049410867  
840  -39.06968855030164  
841  -39.069694167601405  
842  -39.069701312534924  
843  -39.06970668678231  
844  -39.069713672706214  
845  -39.06971975995418  
846  -39.06972474521583  
847  -39.0697304654037  
848  -39.06973747595757  
849  -39.06974321953668  
850  -39.06974876110765  
851  -39.069752997343066  
852  -39.06975969416706  
853  -39.06976417829543  
854  -39.06976914130737  
855  -39.06977589258904  
856  -39.06978313286385  
857  -39.06978747574017  
858  -39.069793363887015  
859  -39.069797635954565  
860  -39.06980251138975  
861  -39.06980998347294  
862  -39.06981380082937  
863  -39.06982067286195  
864  -39.069823410504526  
865  -39.06983112118881  
866  -39.06983480667518  
867  -39.069839736391174  
868  -39.06984743284208  
869  -39.069833881182575  
870  -39.06985083870803  
871  -39.06985803787113  
872  -39.06986388965595  
873  -39.06987132835084  
874  -39.069876605798775  
875  -39.069881431561484  
876  -39.06988834035082  
877  -39.06989304672892  
878  -39.069899363464486  
879  -39.0699084811401  
880  -39.06991278875284  
881  -39.0699196219592  
882  -39.06992498318416  
883  -39.06993315497329  
884  -39.06993961599475  
885  -39.0699457800384  
886  -39.06995568447652  
887  -39.06996494125206  
888  -39.069971808138476  
889  -39.06998008771073  
890  -39.06998706464702  
891  -39.06999840292006  
892  -39.070004651672384  
893  -39.07001741328494  
894  -39.070023879963465  
895  -39.07003544057094  
896  -39.070049518697196  
897  -39.07006563092212  
898  -39.0700784974153  
899  -39.07009669442116  
900  -39.070109331113315  
901  -39.07012501156552  
902  -39.07016160534571  
903  -39.07017816008471  
904  -39.07019538680868  
905  -39.070222551158345  
906  -39.070249221874406  
907  -39.07027907157865  
908  -39.07032312932336  
909  -39.07035534307562  
910  -39.070387375928306  
911  -39.07040650787817  
912  -39.07046368216112  
913  -39.07050625824503  
914  -39.07053789841948  
915  -39.0705881127854  
916  -39.070613166281774  
917  -39.070697838867304  
918  -39.070727568279416  
919  -39.07078141001761  
920  -39.0708103194446  
921  -39.07087579079537  
922  -39.070912037571325  
923  -39.070950423042184  
924  -39.07100899939994  
925  -39.07093607290727  
926  -39.07104301045204  
927  -39.071093643054404  
928  -39.07113112169452  
929  -39.07117632772723  
930  -39.07121047379213  
931  -39.071246630163074  
932  -39.07128108919809  
933  -39.07130725751926  
934  -39.07133427252923  
935  -39.07139077531084  
936  -39.071409323859015  
937  -39.07143820830151  
938  -39.07146990594553  
939  -39.07150776903653  
940  -39.071538890367364  
941  -39.07156888115187  
942  -39.07159881038011  
943  -39.071622073313264  
944  -39.07165905672514  
945  -39.07166670016008  
946  -39.07169959027999  
947  -39.071720190814126  
948  -39.07174345023028  
949  -39.07177413303576  
950  -39.07175852035088  
951  -39.07179941292797  
952  -39.07184624001087  
953  -39.07187409305949  
954  -39.07190330518464  
955  -39.07192878281082  
956  -39.071953848868255  
957  -39.071985297276065  
958  -39.07201282123833  
959  -39.07203020035324  
960  -39.07206997435088  
961  -39.07206631131814  
962  -39.07208793463578  
963  -39.07210753247726  
964  -39.07214679980728  
965  -39.07216458923916  
966  -39.072186948817674  
967  -39.07222403200162  
968  -39.0722444643521  
969  -39.07227090448833  
970  -39.07229818480427  
971  -39.07232077699206  
972  -39.07234666410421  
973  -39.07236687781396  
974  -39.07239081980927  
975  -39.072408055769216  
976  -39.07242500773542  
977  -39.072446829959624  
978  -39.07247977750573  
979  -39.072493425518154  
980  -39.07251040252579  
981  -39.072528199324324  
982  -39.07255177856239  
983  -39.072576599292596  
984  -39.07259403333002  
985  -39.07261318435915  
986  -39.0726316234227  
987  -39.07265083337122  
988  -39.072671539436996  
989  -39.07268205103283  
990  -39.07270611548201  
991  -39.0727142897549  
992  -39.07273034262513  
993  -39.07274546888477  
994  -39.07275870979387  
995  -39.072781332308  
996  -39.072742012909956  
997  -39.07279298595301  
998  -39.07281069238964  
999  -39.07282324761028  
1000  -39.072843013655906  
1001  -39.07284980260093  
1002  -39.07286700957638  
1003  -39.07287689795284  
1004  -39.07288852586278  
1005  -39.07290592130139  
1006  -39.07291788833403  
1007  -39.07293114908148  
1008  -39.072940509650465  
1009  -39.07295041018832  
1010  -39.07295847864254  
1011  -39.07297892437745  
1012  -39.07298629195412  
1013  -39.072995765857115  
1014  -39.07300860726625  
1015  -39.073013142293746  
1016  -39.07303263799503  
1017  -39.07303835616681  
1018  -39.07304670228009  
1019  -39.07305904072223  
1020  -39.07307174369312  
1021  -39.073082308042906  
1022  -39.07309341501415  
1023  -39.073101295783715  
1024  -39.07311325706412  
1025  -39.07312271623548  
1026  -39.07313422590837  
1027  -39.073140681580334  
1028  -39.07315124974602  
1029  -39.073151389894974  
1030  -39.073156957507024  
1031  -39.07316447772616  
1032  -39.0731738906591  
1033  -39.07317925565998  
1034  -39.073185681758716  
1035  -39.073192124740444  
1036  -39.07319777794904  
1037  -39.073206083510414  
1038  -39.07321558980735  
1039  -39.07321994029815  
1040  -39.07322704999189  
1041  -39.07323337264679  
1042  -39.07324129739068  
1043  -39.07325002136613  
1044  -39.073255070091655  
1045  -39.07326063952263  
1046  -39.07326952571281  
1047  -39.07327655880166  
1048  -39.07328151224889  
1049  -39.07328966572618  
1050  -39.07329481355693  
1051  -39.07330098035033  
1052  -39.0733083414386  
1053  -39.07331655493494  
1054  -39.073321401324435  
1055  -39.07332820503399  
1056  -39.07333414782448  
1057  -39.07334048949551  
1058  -39.07334789272027  
1059  -39.07335354512015  
1060  -39.073357092506654  
1061  -39.073370070938715  
1062  -39.07336545038646  
1063  -39.07337449637146  
1064  -39.07337835191691  
1065  -39.073387426242924  
1066  -39.073391768719354  
1067  -39.07339730062521  
1068  -39.0734055250395  
1069  -39.07341018963394  
1070  -39.07341970531234  
1071  -39.07342761654701  
1072  -39.07343242225266  
1073  -39.07343882066145  
1074  -39.07344597654543  
1075  -39.073453815888634  
1076  -39.073460564741254  
1077  -39.07346569440392  
1078  -39.07347369364913  
1079  -39.07347476084565  
1080  -39.073486021412386  
1081  -39.07349034349681  
1082  -39.07349519593885  
1083  -39.07350227626116  
1084  -39.07350996591469  
1085  -39.07352237224825  
1086  -39.073527770012184  
1087  -39.07353429785421  
1088  -39.07354229007814  
1089  -39.07354633381886  
1090  -39.073558947572  
1091  -39.07356324933288  
1092  -39.073570398921056  
1093  -39.07358017590804  
1094  -39.07359025799961  
1095  -39.07359776570392  
1096  -39.073606652216796  
1097  -39.073613811341396  
1098  -39.073626451683005  
1099  -39.07363620959295  
1100  -39.07364728634637  
1101  -39.07365544630177  
1102  -39.07366566567716  
1103  -39.07367377025133  
1104  -39.07368601255715  
1105  -39.07369483056903  
1106  -39.07370289709808  
1107  -39.073719869413374  
1108  -39.07370397889801  
1109  -39.07372890458474  
1110  -39.07374220569361  
1111  -39.0737540847694  
1112  -39.073765697396695  
1113  -39.07377799603315  
1114  -39.07378905299653  
1115  -39.07380120483484  
1116  -39.07381013232735  
1117  -39.07382299432053  
1118  -39.0738311001639  
1119  -39.07384870069673  
1120  -39.073854447728245  
1121  -39.07386770247866  
1122  -39.07387656811769  
1123  -39.073890712145904  
1124  -39.07390093987521  
1125  -39.073909722811834  
1126  -39.07392195096638  
1127  -39.073936771058115  
1128  -39.07394893371389  
1129  -39.073963510905  
1130  -39.073975036670646  
1131  -39.073984862514756  
1132  -39.07400170960892  
1133  -39.07400988744061  
1134  -39.074020196852416  
1135  -39.07404060840492  
1136  -39.074046366783065  
1137  -39.07405438976389  
1138  -39.07406541174769  
1139  -39.07407350775394  
1140  -39.07408955864397  
1141  -39.07405571091755  
1142  -39.074097450042  
1143  -39.07410989365121  
1144  -39.07411739195903  
1145  -39.07412858221008  
1146  -39.07413766187366  
1147  -39.0741460076729  
1148  -39.074156126240645  
1149  -39.07416173552378  
1150  -39.074168555087304  
1151  -39.0741775388921  
1152  -39.07418737450797  
1153  -39.074191598520294  
1154  -39.07419992289754  
1155  -39.07420328166418  
1156  -39.07420848661507  
1157  -39.07421363599152  
1158  -39.074218209471006  
1159  -39.07422599338999  
1160  -39.07422411473257  
1161  -39.07423072845787  
1162  -39.07423542541467  
1163  -39.07423953283875  
1164  -39.07424496933885  
1165  -39.074249225090114  
1166  -39.0742547639423  
1167  -39.07425817626186  
1168  -39.07426125478558  
1169  -39.074267754732084  
1170  -39.07426852451711  
1171  -39.07427185864758  
1172  -39.074275994026905  
1173  -39.07427983024058  
1174  -39.07428361825683  
1175  -39.07428843305947  
1176  -39.07429266521804  
1177  -39.074296676573496  
1178  -39.07429971837531  
1179  -39.07430414886334  
1180  -39.074308188506706  
1181  -39.074312304983586  
1182  -39.07431697248104  
1183  -39.07432008714051  
1184  -39.074323777476714  
1185  -39.07432765915948  
1186  -39.074331456961545  
1187  -39.074334980580176  
1188  -39.07433828108546  
1189  -39.074341713246106  
1190  -39.07434550410704  
1191  -39.074349901811715  
1192  -39.074352029995886  
1193  -39.07435500889841  
1194  -39.07435783305195  
1195  -39.07436041219174  
1196  -39.07436423113055  
1197  -39.07436855795152  
1198  -39.074371347225544  
1199  -39.074374597975314  
1200  -39.07437709523426  
1201  -39.07437958059189  
1202  -39.0743843111288  
1203  -39.074386346488  
1204  -39.07438840365086  
1205  -39.0743920597242  
1206  -39.074394109616094  
1207  -39.074394119694446  
1208  -39.07439719380942  
1209  -39.07440101904403  
1210  -39.074402783818286  
1211  -39.07440559838007  
1212  -39.074408042416245  
1213  -39.07441047420418  
1214  -39.07441338686482  
1215  -39.074415032970116  
1216  -39.07441838116564  
1217  -39.07441861765582  
1218  -39.074420246854075  
1219  -39.07442300719547  
1220  -39.07442531358789  
1221  -39.07442724752708  
1222  -39.074429308610256  
1223  -39.0744317775887  
1224  -39.07443396944847  
1225  -39.07443599333821  
1226  -39.07443812369751  
1227  -39.074439760804495  
1228  -39.0744420704233  
1229  -39.0744440225312  
1230  -39.07444578924127  
1231  -39.074447317021175  
1232  -39.07444960123595  
1233  -39.07445147552082  
1234  -39.074452889542485  
1235  -39.074455126768804  
1236  -39.0744565006023  
1237  -39.07445826246048  
1238  -39.07445988242598  
1239  -39.07446105488775  
1240  -39.074462712917835  
1241  -39.074464987858626  
1242  -39.07446608508417  
1243  -39.074467921474714  
1244  -39.0744684735772  
1245  -39.07447079958242  
1246  -39.074472123762426  
1247  -39.074473552576485  
1248  -39.07447577120467  
1249  -39.07447373325549  
1250  -39.07447703719637  
1251  -39.07447906383965  
1252  -39.07448050736985  
1253  -39.07448268020449  
1254  -39.07448346045787  
1255  -39.07448534952775  
1256  -39.07448641239672  
1257  -39.07448753375311  
1258  -39.07448936412535  
1259  -39.0744869611439  
1260  -39.074490268823475  
1261  -39.074491775530525  
1262  -39.07449301434869  
1263  -39.07449438615406  
1264  -39.07449542066504  
1265  -39.074496795725004  
1266  -39.074497903624355  
1267  -39.07449870231432  
1268  -39.074499794618525  
1269  -39.07450129109346  
1270  -39.07450215969361  
1271  -39.07450319079276  
1272  -39.074504068334974  
1273  -39.07450518605553  
1274  -39.074506147382344  
1275  -39.07450714428644  
1276  -39.07450804590052  
1277  -39.074509057837496  
1278  -39.074510006746785  
1279  -39.07451083647714  
1280  -39.07451180345149  
1281  -39.07451304754342  
1282  -39.07451371197077  
1283  -39.074514682209426  
1284  -39.07451537489606  
1285  -39.07451659682196  
1286  -39.07451729223661  
1287  -39.0745180008954  
1288  -39.07451913040385  
1289  -39.074520367741655  
1290  -39.07452135157037  
1291  -39.07452260759378  
1292  -39.074523457813484  
1293  -39.074524407992534  
1294  -39.07452592057001  
1295  -39.074526696881925  
1296  -39.07452736637659  
1297  -39.074529486614125  
1298  -39.074530161657854  
1299  -39.07453107357072  
1300  -39.07453306001384  
1301  -39.07453383139362  
1302  -39.074535377912774  
1303  -39.07453617905876  
1304  -39.07453794339896  
1305  -39.07453875854444  
1306  -39.0745395082409  
1307  -39.074540751848374  
1308  -39.074542058109266  
1309  -39.074542946828124  
1310  -39.074543954571766  
1311  -39.0745447528203  
1312  -39.07454593946118  
1313  -39.0745468505159  
1314  -39.07454828100445  
1315  -39.07454887374039  
1316  -39.074550137436674  
1317  -39.07455121778014  
1318  -39.074552524206524  
1319  -39.074553484945774  
1320  -39.074554567284736  
1321  -39.07455562924001  
1322  -39.074556793384275  
1323  -39.07455834697767  
1324  -39.07455950799401  
1325  -39.07456014413979  
1326  -39.07456165264843  
1327  -39.07456275883778  
1328  -39.07456418556518  
1329  -39.07456565808013  
1330  -39.07456688800416  
1331  -39.07456803794118  
1332  -39.074569529524275  
1333  -39.07457096898878  
1334  -39.074572548290575  
1335  -39.07457377861467  
1336  -39.07457531631701  
1337  -39.0745767056846  
1338  -39.07457875570173  
1339  -39.07458039043017  
1340  -39.07458201813557  
1341  -39.07458365734807  
1342  -39.074585693506656  
1343  -39.07458796205472  
1344  -39.07458975571533  
1345  -39.07459173106882  
1346  -39.07459352063214  
1347  -39.074595816621  
1348  -39.074598778694636  
1349  -39.07460031043831  
1350  -39.07460230117099  
1351  -39.07460464333312  
1352  -39.07460649642682  
1353  -39.074610705504554  
1354  -39.07461397438025  
1355  -39.074617145576546  
1356  -39.07461969154798  
1357  -39.07462242480694  
1358  -39.07462711105487  
1359  -39.07463151880915  
1360  -39.07463494609194  
1361  -39.074638724090015  
1362  -39.07464239450443  
1363  -39.074646127177196  
1364  -39.074650988950545  
1365  -39.074654240674214  
1366  -39.074659075224304  
1367  -39.0746597999657  
1368  -39.07466720507322  
1369  -39.0746688794791  
1370  -39.07467296140043  
1371  -39.07467745634602  
1372  -39.07468156439531  
1373  -39.074685494814794  
1374  -39.0746890500693  
1375  -39.074692189621445  
1376  -39.07469393130226  
1377  -39.07470048378257  
1378  -39.07470254534474  
1379  -39.074706069530556  
1380  -39.07470917693651  
1381  -39.074713092073885  
1382  -39.07471583440848  
1383  -39.07471888640242  
1384  -39.074721518303456  
1385  -39.07472499372311  
1386  -39.074727680889765  
1387  -39.07472998972926  
1388  -39.07473225327905  
1389  -39.07473609843509  
1390  -39.07473812456984  
1391  -39.0747404712164  
1392  -39.07474251740382  
1393  -39.07474567260621  
1394  -39.07474769643017  
1395  -39.07474952178569  
1396  -39.074752524573135  
1397  -39.07475524310046  
1398  -39.074757654841065  
1399  -39.0747597040464  
1400  -39.074761484920856  
1401  -39.07476430412873  
1402  -39.074766356729704  
1403  -39.07476840403377  
1404  -39.074770453731354  
1405  -39.074772708707485  
1406  -39.074774959970505  
1407  -39.0747764062227  
1408  -39.0747785489882  
1409  -39.0747798148122  
1410  -39.07478135591184  
1411  -39.074782885690276  
1412  -39.07478401851917  
1413  -39.07478639743993  
1414  -39.074788384250844  
1415  -39.0747894372496  
1416  -39.07479104767854  
1417  -39.07479226831818  
1418  -39.0747937294399  
1419  -39.07479549669768  
1420  -39.07479648804544  
1421  -39.074797792313184  
1422  -39.074799730906996  
1423  -39.07480158610373  
1424  -39.07480239369842  
1425  -39.07480401475522  
1426  -39.07480433697317  
1427  -39.07480577393133  
1428  -39.074806593763334  
1429  -39.0748075484252  
1430  -39.0748089053759  
1431  -39.07480773282134  
1432  -39.07480970001887  
1433  -39.07481121523511  
1434  -39.07481235333267  
1435  -39.07481344268787  
1436  -39.07481440248655  
1437  -39.074815064288615  
1438  -39.07481612774586  
1439  -39.074816775052845  
1440  -39.07481787598137  
1441  -39.07481881244594  
1442  -39.074819534222684  
1443  -39.074821041629846  
1444  -39.074820603384964  
1445  -39.074821846130966  
1446  -39.0748227038232  
1447  -39.074823460486506  
1448  -39.07482444237077  
1449  -39.07482506229033  
1450  -39.07482611450144  
1451  -39.074826687307755  
1452  -39.07482724849162  
1453  -39.07482826387775  
1454  -39.07482663232177  
1455  -39.0748287706334  
1456  -39.07482960947295  
1457  -39.07483033070994  
1458  -39.07483094988691  
1459  -39.07483163332934  
1460  -39.07483241313996  
1461  -39.074833223299066  
1462  -39.07483375583364  
1463  -39.0748345008386  
1464  -39.07483529990417  
1465  -39.07483610995782  
1466  -39.074836738201434  
1467  -39.074837509210916  
1468  -39.07483813595005  
1469  -39.074838825698876  
1470  -39.074839486709806  
1471  -39.074840153504795  
1472  -39.074840923839226  
1473  -39.07484157033254  
1474  -39.07484222296622  
1475  -39.07484277429189  
1476  -39.07484343216858  
1477  -39.07484403150166  
1478  -39.07484451704632  
1479  -39.07484501422562  
1480  -39.074845756584644  
1481  -39.07484615556828  
1482  -39.074846707324006  
1483  -39.07484717613133  
1484  -39.074847677216646  
1485  -39.07484792357733  
1486  -39.074848687119406  
1487  -39.07484901027049  
1488  -39.0748494487676  
1489  -39.07485005646455  
1490  -39.07484935059917  
1491  -39.07485041235929  
1492  -39.07485099407555  
1493  -39.07485145719428  
1494  -39.07485207295919  
1495  -39.074852336536736  
1496  -39.074852918450084  
1497  -39.07485329639119  
1498  -39.074853697870644  
1499  -39.07485440209954  
1500  -39.074854672891426  
1501  -39.074855455812354  
1502  -39.07485577367997  
1503  -39.074856293729894  
1504  -39.07485701703012  
1505  -39.07485756826155  
1506  -39.07485803066004  
1507  -39.0748584844491  
1508  -39.07485890114456  
1509  -39.07485944987926  
1510  -39.0748601124639  
1511  -39.074860470289366  
1512  -39.074860901173956  
1513  -39.07486141268735  
1514  -39.07486196489142  
1515  -39.07486245066646  
1516  -39.07486292898425  
1517  -39.074863388890606  
1518  -39.074863783442254  
1519  -39.074864525858374  
1520  -39.07486456646509  
1521  -39.07486489486102  
1522  -39.07486531948793  
1523  -39.07486600447242  
1524  -39.07486637354306  
1525  -39.07486684067784  
1526  -39.0748675265239  
1527  -39.07486796029816  
1528  -39.07486843275344  
1529  -39.07486888666025  
1530  -39.07486950088019  
1531  -39.07487001039148  
1532  -39.074870455912276  
1533  -39.074870998694855  
1534  -39.0748714000988  
1535  -39.07487186922611  
1536  -39.074872575259974  
1537  -39.07487311447031  
1538  -39.07487347436914  
1539  -39.07487406202467  
1540  -39.07487451218757  
1541  -39.07487514034286  
1542  -39.074875691581745  
1543  -39.07487611261681  
1544  -39.07487661457721  
1545  -39.074877123704155  
1546  -39.0748776450587  
1547  -39.074878238129806  
1548  -39.074878701798774  
1549  -39.07487930522625  
1550  -39.074879872429264  
1551  -39.07488037427836  
1552  -39.07488083586395  
1553  -39.07488135023557  
1554  -39.07488181328842  
1555  -39.074882374787144  
1556  -39.074882917036796  
1557  -39.074883365496994  
1558  -39.07488380047478  
1559  -39.07488416444501  
1560  -39.07488474090065  
1561  -39.07488488464636  
1562  -39.07488544999513  
1563  -39.0748857532766  
1564  -39.074886100812265  
1565  -39.07488664272556  
1566  -39.07488637390433  
1567  -39.074887038149186  
1568  -39.07488773515361  
1569  -39.074888176867844  
1570  -39.07488873939781  
1571  -39.07488922522973  
1572  -39.07488965023495  
1573  -39.07489028902025  
1574  -39.074890665872104  
1575  -39.074891053592125  
1576  -39.07489180312812  
1577  -39.07489215077077  
1578  -39.07489247643888  
1579  -39.07489296276335  
1580  -39.07489323096081  
1581  -39.07489342709836  
1582  -39.07489423704894  
1583  -39.074894428395716  
1584  -39.07489476103092  
1585  -39.07489500748745  
1586  -39.07489551120281  
1587  -39.074895875417184  
1588  -39.07489617524313  
1589  -39.07489667477501  
1590  -39.074896539935565  
1591  -39.07489699013737  
1592  -39.07489741891097  
1593  -39.07489773423603  
1594  -39.07489809366665  
1595  -39.07489843274012  
1596  -39.07489869506938  
1597  -39.07489912590567  
1598  -39.07489943834343  
1599  -39.074899721515614  
1600  -39.074900185887714  
1601  -39.07490043621181  
1602  -39.074900667679564  
1603  -39.074901222851985  
1604  -39.074901457357484  
1605  -39.07490207475204  
1606  -39.07490241311079  
1607  -39.07490276652696  
1608  -39.074903148575544  
1609  -39.074903468994954  
1610  -39.07490381138639  
1611  -39.0749043302836  
1612  -39.07490462504137  
1613  -39.074904992266156  
1614  -39.07490524295746  
1615  -39.074905648317944  
1616  -39.074905989254106  
1617  -39.07490628153668  
1618  -39.074906782284934  
1619  -39.07490708072955  
1620  -39.074907420462765  
1621  -39.07490763384814  
1622  -39.0749079372339  
1623  -39.074908255087244  
1624  -39.07490874313239  
1625  -39.07490898791083  
1626  -39.07490923375083  
1627  -39.07490961112065  
1628  -39.074909956916265  
1629  -39.07491037246116  
1630  -39.07491065543731  
1631  -39.07491089622266  
1632  -39.074911243951625  
1633  -39.074911707233404  
1634  -39.074911952211416  
1635  -39.07491231006832  
1636  -39.0749125626038  
1637  -39.074912949857314  
1638  -39.07491327139916  
1639  -39.07491352860543  
1640  -39.074913878909584  
1641  -39.074914364386245  
1642  -39.07491467823822  
1643  -39.07491499930414  
1644  -39.07491515647403  
1645  -39.07491554405082  
1646  -39.07491582691986  
1647  -39.074916105713676  
1648  -39.07491660771434  
1649  -39.074916127980984  
1650  -39.07491686715703  
1651  -39.07491722339869  
1652  -39.074917467739816  
1653  -39.07491785393989  
1654  -39.074918073411986  
1655  -39.07491843756739  
1656  -39.07491867978145  
1657  -39.0749188881504  
1658  -39.07491931822053  
1659  -39.074918800036755  
1660  -39.07491954063429  
1661  -39.074919911724095  
1662  -39.0749202529812  
1663  -39.07492059296593  
1664  -39.074920833893096  
1665  -39.074921198409044  
1666  -39.07492145252412  
1667  -39.0749216803945  
1668  -39.074922016355586  
1669  -39.07492239321993  
1670  -39.07492264189289  
1671  -39.074922938580826  
1672  -39.07492317393043  
1673  -39.07492345424188  
1674  -39.074923870862065  
1675  -39.074924092980005  
1676  -39.07492448318305  
1677  -39.0749247393312  
1678  -39.07492514737156  
1679  -39.074925393953755  
1680  -39.07492566374206  
1681  -39.07492601754214  
1682  -39.07492641324484  
1683  -39.074926684062  
1684  -39.074927061015266  
1685  -39.074927300406564  
1686  -39.07492753211403  
1687  -39.074927996308766  
1688  -39.07492819871015  
1689  -39.07492849688227  
1690  -39.07492878284  
1691  -39.07492923992157  
1692  -39.074929411292594  
1693  -39.074929806905466  
1694  -39.07492958871057  
1695  -39.07492999858161  
1696  -39.07493024566083  
1697  -39.07493063630119  
1698  -39.07493085785927  
1699  -39.07493110001294  
1700  -39.074931361299726  
1701  -39.07493157814022  
1702  -39.07493182672277  
1703  -39.07493211452236  
1704  -39.074932331746425  
1705  -39.074932560290804  
1706  -39.074932632674425  
1707  -39.07493308949208  
1708  -39.074933248097956  
1709  -39.07493343717228  
1710  -39.07493371435789  
1711  -39.074933508106525  
1712  -39.07493391974485  
1713  -39.074934285328496  
1714  -39.07493448602546  
1715  -39.074934758117045  
1716  -39.07493499903821  
1717  -39.07493524278543  
1718  -39.07493560494115  
1719  -39.07493581012282  
1720  -39.07493594937433  
1721  -39.074936311184366  
1722  -39.07493652330583  
1723  -39.07493685226769  
1724  -39.07493701414762  
1725  -39.07493722186709  
1726  -39.07493741702595  
1727  -39.07493764282586  
1728  -39.07493792805013  
1729  -39.07493821482473  
1730  -39.07493838401602  
1731  -39.07493860798947  
1732  -39.074938790053636  
1733  -39.07493902554448  
1734  -39.07493922030617  
1735  -39.07493943389787  
1736  -39.074939558857935  
1737  -39.07493983326209  
1738  -39.074939903265246  
1739  -39.07494019190033  
1740  -39.074940342380856  
1741  -39.07494051843768  
1742  -39.07494074775453  
1743  -39.074940174420604  
1744  -39.07494087639363  
1745  -39.074941150420166  
1746  -39.07494135513411  
1747  -39.0749415873462  
1748  -39.07494174485441  
1749  -39.074941922531124  
1750  -39.07494213495698  
1751  -39.07494228956849  
1752  -39.07494229205746  
1753  -39.07494244432028  
1754  -39.0749426501815  
1755  -39.074942801374604  
1756  -39.0749429686321  
1757  -39.07494313415957  
1758  -39.07494328456719  
1759  -39.07494348377799  
1760  -39.07494362162281  
1761  -39.0749437488788  
1762  -39.0749440054668  
1763  -39.07494413119837  
1764  -39.07494427256924  
1765  -39.07494448747426  
1766  -39.074944614279765  
1767  -39.0749447135256  
1768  -39.074944955511846  
1769  -39.074945074255446  
1770  -39.074945279479394  
1771  -39.07494535948296  
1772  -39.07494557243074  
1773  -39.074945668542384  
1774  -39.07494579141796  
1775  -39.07494596552728  
1776  -39.074946139390384  
1777  -39.07494626297419  
1778  -39.074946423851785  
1779  -39.07494651873538  
1780  -39.074946629258974  
1781  -39.07494684409178  
1782  -39.07494693635674  
1783  -39.07494703585353  
1784  -39.07494729259913  
1785  -39.07494730520892  
1786  -39.07494737826483  
1787  -39.0749474469115  
1788  -39.07494766302949  
1789  -39.07494768425755  
1790  -39.07494779918967  
1791  -39.07494788147602  
1792  -39.07494800690224  
1793  -39.07494812293909  
1794  -39.074948036097354  
1795  -39.07494821802348  
1796  -39.07494839793004  
1797  -39.07494852443286  
1798  -39.0749486399453  
1799  -39.07494873728434  
1800  -39.074948829566786  
1801  -39.07494901048328  
1802  -39.07494910211237  
1803  -39.074949195216526  
1804  -39.07494939719479  
1805  -39.07494947963639  
1806  -39.074949591454384  
1807  -39.07494972507301  
1808  -39.074949868586565  
1809  -39.07494992578752  
1810  -39.07495005414685  
1811  -39.074950093462235  
1812  -39.074950207255924  
1813  -39.07495028936829  
1814  -39.074950372977696  
1815  -39.07495048580217  
1816  -39.07495037466801  
1817  -39.074950553830526  
1818  -39.07495065862205  
1819  -39.07495072940056  
1820  -39.074950821408336  
1821  -39.07495090802391  
1822  -39.07495097622823  
1823  -39.074951087307575  
1824  -39.074951137959886  
1825  -39.07495120653362  
1826  -39.074951310393594  
1827  -39.074951365987616  
1828  -39.07495140634942  
1829  -39.074951560550204  
1830  -39.074951605742804  
1831  -39.07495166298571  
1832  -39.07495173802863  
1833  -39.07495183011326  
1834  -39.07495190220895  
1835  -39.07495198546546  
1836  -39.07495205266134  
1837  -39.07495213056013  
1838  -39.074952220314636  
1839  -39.07495227518147  
1840  -39.0749523414333  
1841  -39.07495242081027  
1842  -39.074952483035965  
1843  -39.07495252679708  
1844  -39.07495262392091  
1845  -39.07495261833183  
1846  -39.074952665445146  
1847  -39.07495272159156  
1848  -39.07495281227882  
1849  -39.07495285271705  
1850  -39.07495291262163  
1851  -39.074952970731296  
1852  -39.07495301502406  
1853  -39.07495309347357  
1854  -39.074953162029956  
1855  -39.07495319975599  
1856  -39.07495326032296  
1857  -39.07495331796987  
1858  -39.07495338703735  
1859  -39.07495344356874  
1860  -39.07495347947042  
1861  -39.0749535152655  
1862  -39.07495358688117  
1863  -39.074953662286426  
1864  -39.0749536957371  
1865  -39.07495374786261  
1866  -39.07495380102338  
1867  -39.07495387012292  
1868  -39.074953943151876  
1869  -39.07495398379626  
1870  -39.07495402373149  
1871  -39.074954096280216  
1872  -39.07495413163252  
1873  -39.07495417266327  
1874  -39.07495422118784  
1875  -39.07495425968887  
1876  -39.07495430215856  
1877  -39.07495436796909  
1878  -39.07495441092148  
1879  -39.07495446505925  
1880  -39.07495452878058  
1881  -39.0749546018271  
1882  -39.074954653623905  
1883  -39.07495471839559  
1884  -39.0749547678711  
1885  -39.07495482072446  
1886  -39.07495487079269  
1887  -39.074954905015446  
1888  -39.07495493891833  
1889  -39.07495500318497  
1890  -39.074955024451896  
1891  -39.07495506319954  
1892  -39.0749550911906  
1893  -39.07495512695866  
1894  -39.07495518024869  
1895  -39.07495510688817  
1896  -39.07495521401023  
1897  -39.07495526568626  
1898  -39.07495529780412  
1899  -39.074955345619756  
1900  -39.074955378521715  
1901  -39.074955426432425  
1902  -39.07495547023178  
1903  -39.074955504707134  
1904  -39.07495555829007  
1905  -39.07495562759364  
1906  -39.0749556662399  
1907  -39.07495572144627  
1908  -39.07495574131808  
1909  -39.07495579847013  
1910  -39.07495583387212  
1911  -39.0749558648154  
1912  -39.07495591945592  
1913  -39.07495585398424  
1914  -39.074955948680184  
1915  -39.07495599625376  
1916  -39.07495602833181  
1917  -39.0749560791682  
1918  -39.074956119361715  
1919  -39.0749561558103  
1920  -39.074956205208615  
1921  -39.0749562393693  
1922  -39.074956301938165  
1923  -39.07495634120874  
1924  -39.07495638583802  
1925  -39.07495642355435  
1926  -39.074956457541504  
1927  -39.074956500393604  
1928  -39.07495654044084  
1929  -39.07495658570865  
1930  -39.07495661977355  
1931  -39.074956655225705  
1932  -39.07495670327847  
1933  -39.07495673720954  
1934  -39.07495677152099  
1935  -39.0749568252661  
1936  -39.07495685086447  
1937  -39.07495687582143  
1938  -39.07495694528602  
1939  -39.07495696384098  
1940  -39.074956988803805  
1941  -39.07495703076429  
1942  -39.074957055952744  
1943  -39.07495710735376  
1944  -39.07495714298118  
1945  -39.07495717307982  
1946  -39.07495719229575  
1947  -39.07495722178696  
1948  -39.074957251298095  
1949  -39.07495729192721  
1950  -39.07495731634855  
1951  -39.07495734608567  
1952  -39.07495737835661  
1953  -39.07495742032134  
1954  -39.07495744620846  
1955  -39.0749574748736  
1956  -39.07495750012699  
1957  -39.074957537873296  
1958  -39.07495756753157  
1959  -39.074957591411234  
1960  -39.074957621179905  
1961  -39.07495765794596  
1962  -39.074957683779196  
1963  -39.07495771550914  
1964  -39.07495773620386  
1965  -39.07495776422011  
1966  -39.07495778967626  
1967  -39.07495780940901  
1968  -39.07495784226148  
1969  -39.074957880219266  
1970  -39.074957901662565  
1971  -39.074957939066216  
1972  -39.074957951843125  
1973  -39.074957984174226  
1974  -39.07495800947827  
1975  -39.07495803227792  
1976  -39.07495807237727  
1977  -39.07495801384993  
1978  -39.07495809027559  
1979  -39.074958126674346  
1980  -39.07495815563014  
1981  -39.0749581937648  
1982  -39.0749582187719  
1983  -39.07495823738874  
1984  -39.07495826156744  
1985  -39.07495828212712  
1986  -39.07495831776351  
1987  -39.07495834693846  
1988  -39.074958364636835  
1989  -39.07495838798556  
1990  -39.07495840718429  
1991  -39.07495843178861  
1992  -39.07495845797309  
1993  -39.074958473796606  
1994  -39.07495849109028  
1995  -39.074958523702726  
1996  -39.07495853716108  
1997  -39.07495855614521  
1998  -39.07495857379304  
1999  -39.074958600209115  
2000  -39.07495861788078  
2001  -39.07495863312597  
2002  -39.074958656793214  
2003  -39.0749586795755  
2004  -39.07495869813835  
2005  -39.074958718440996  
2006  -39.074958733685435  
2007  -39.07495875820644  
2008  -39.07495878460603  
2009  -39.07495880428321  
2010  -39.07495882447841  
2011  -39.07495883880841  
2012  -39.074958860349156  
2013  -39.07495886766263  
