0  -37.77769800337162  
2  -37.7777188197915  
3  -37.77773736592172  
4  -37.77778117514007  
5  -37.77782475459151  
6  -37.77787867947218  
7  -37.77793818136222  
8  -37.777960167028475  
9  -37.77798254971086  
10  -37.778015339383984  
11  -37.7780448559673  
12  -37.77806238111866  
13  -37.778107437923275  
14  -37.7781227352997  
15  -37.77814438870563  
16  -37.778177534098276  
17  -37.77819676479336  
18  -37.77824654727174  
19  -37.77826909564221  
20  -37.778297564422246  
21  -37.77834665857561  
22  -37.77836889975211  
23  -37.77843017447613  
24  -37.77845560300359  
25  -37.77849253870951  
26  -37.77852978578808  
27  -37.77858964287832  
28  -37.778632419062035  
29  -37.77867807889837  
30  -37.77873681388891  
31  -37.77880131670575  
32  -37.7788565422943  
33  -37.77891868705783  
34  -37.7789682634803  
35  -37.779062530965035  
36  -37.7791369631726  
37  -37.77919951630049  
38  -37.77924996553023  
39  -37.779302036382646  
40  -37.779358219012266  
41  -37.77941239881274  
42  -37.77944794846459  
43  -37.77950170151877  
44  -37.77953061484106  
45  -37.779580479623014  
46  -37.77960917580357  
47  -37.7796401345348  
48  -37.77969431812522  
49  -37.7797218710317  
50  -37.779769932990334  
51  -37.77979541714294  
52  -37.779828593613985  
53  -37.77986831633364  
54  -37.77992112693679  
55  -37.77995198098941  
56  -37.77999181746429  
57  -37.780031576528856  
58  -37.78008166761243  
59  -37.78013050158373  
60  -37.78017221833248  
61  -37.78021627557872  
62  -37.780259537595946  
63  -37.78031003340993  
64  -37.7803439898087  
65  -37.780405251807984  
66  -37.78044241532287  
67  -37.78047790389709  
68  -37.780534122639786  
69  -37.78058228855994  
70  -37.78062721576645  
71  -37.78065701515621  
72  -37.78069228918343  
73  -37.78072981431766  
74  -37.78077579046189  
75  -37.78079961467215  
76  -37.780828425295475  
77  -37.78087109520927  
78  -37.78092054350302  
79  -37.78095642493728  
80  -37.780998514424795  
81  -37.78102678457754  
82  -37.781063030357366  
83  -37.78109936950125  
84  -37.781122497332326  
85  -37.78114436522272  
86  -37.78120628612211  
87  -37.78122598974984  
88  -37.78124988744609  
89  -37.78128210505246  
90  -37.78131668627574  
91  -37.781341023806725  
92  -37.78136718526093  
93  -37.781387376884936  
94  -37.78141277175146  
95  -37.7814398969942  
96  -37.781457801369996  
97  -37.781473141605474  
98  -37.78150284300028  
99  -37.78152138136009  
100  -37.781535215200456  
101  -37.78156308254821  
102  -37.78157721179851  
103  -37.781596762876255  
104  -37.78161329563254  
105  -37.781632856147525  
106  -37.78164515845723  
107  -37.781661776116195  
108  -37.78166363062997  
109  -37.7816718915471  
110  -37.781684142445634  
111  -37.781702004242064  
112  -37.78171254012357  
113  -37.78172401860068  
114  -37.78173465341109  
115  -37.78174610079141  
116  -37.78175655687214  
117  -37.781765206835146  
118  -37.78177653359912  
119  -37.781781385894476  
120  -37.781790460717666  
121  -37.78179662305354  
122  -37.78180251506286  
123  -37.78181343096228  
124  -37.78179483802776  
125  -37.78181818859631  
126  -37.78182636887253  
127  -37.78183170586434  
128  -37.78183862788322  
129  -37.78184279406565  
130  -37.78184854459431  
131  -37.78185351979917  
132  -37.78185672427251  
133  -37.78186322238151  
134  -37.781867698315494  
135  -37.781872763598436  
136  -37.78187687123317  
137  -37.781880394680826  
138  -37.78188261540112  
139  -37.78188995930808  
140  -37.78189285150619  
141  -37.78189695757479  
142  -37.78190307096685  
143  -37.781896135978705  
144  -37.781906579213775  
145  -37.78191177399084  
146  -37.78191563209916  
147  -37.78192054447033  
148  -37.781925165644594  
149  -37.781930375496295  
150  -37.78193560012288  
151  -37.78193925088843  
152  -37.7819439864495  
153  -37.781950133466104  
154  -37.78195358626371  
155  -37.78195808644118  
156  -37.78196109376898  
157  -37.78196664406722  
158  -37.78196998940259  
159  -37.78197328851266  
160  -37.78197929124922  
161  -37.781978993465586  
162  -37.78198319046831  
163  -37.781987593793474  
164  -37.78199076802203  
165  -37.781994356207754  
166  -37.781998328603926  
167  -37.78200229739479  
168  -37.782006816862925  
169  -37.78200926795568  
170  -37.78201235566251  
171  -37.78201714135147  
172  -37.782019712395645  
173  -37.782022132985595  
174  -37.782025998524674  
175  -37.78202841558285  
176  -37.782028432382546  
177  -37.78203109223335  
178  -37.782035189531555  
179  -37.782038108332074  
180  -37.782041143038455  
181  -37.78204320342787  
182  -37.782045765585515  
183  -37.782049273186395  
184  -37.782051974314186  
185  -37.7820532795107  
186  -37.78205863297558  
187  -37.782060301134386  
188  -37.782063051133136  
189  -37.78206657910693  
190  -37.78206751035461  
191  -37.782072990044355  
192  -37.782074558834836  
193  -37.782077103070485  
194  -37.78208021275472  
195  -37.78208419893463  
196  -37.78208768366637  
197  -37.78209083614732  
198  -37.782093249135954  
199  -37.782096462963224  
200  -37.782099448165965  
201  -37.78210222265452  
202  -37.782105162100024  
203  -37.78210993097732  
204  -37.78211230666136  
205  -37.782115113362295  
206  -37.782118539429874  
207  -37.78212294187139  
208  -37.78212677999961  
209  -37.78213030398249  
210  -37.78213385644319  
211  -37.782137937902455  
212  -37.78214322854618  
213  -37.782148028295744  
214  -37.78215154083216  
215  -37.7821589141761  
216  -37.78216135687137  
217  -37.782166144363565  
218  -37.78217166518685  
219  -37.78217675118997  
220  -37.78218537837429  
221  -37.782168696162096  
222  -37.78219022590749  
223  -37.78219741940281  
224  -37.7822030675824  
225  -37.78220997534119  
226  -37.78221735877087  
227  -37.7822256479086  
228  -37.782233774996975  
229  -37.78224233372456  
230  -37.782248322250915  
231  -37.78226080530096  
232  -37.78225950374658  
233  -37.7822675005362  
234  -37.7822758456752  
235  -37.78228792650376  
236  -37.78229778035554  
237  -37.78231160163179  
238  -37.78232863938388  
239  -37.78234071506966  
240  -37.782354222921924  
241  -37.782367499554795  
242  -37.78238603806495  
243  -37.782403076427244  
244  -37.782423327719464  
245  -37.78244090762292  
246  -37.78245839137924  
247  -37.78248075112315  
248  -37.78251445899514  
249  -37.782534926879315  
250  -37.782555437236475  
251  -37.78256451429532  
252  -37.78259342301045  
253  -37.782612233269255  
254  -37.782630104393704  
255  -37.782659649726675  
256  -37.782659233597016  
257  -37.7826835271771  
258  -37.78271133462741  
259  -37.78273143804656  
260  -37.78275571806135  
261  -37.782781264374776  
262  -37.78280339484108  
263  -37.7828293163067  
264  -37.78284854535846  
265  -37.782876375851096  
266  -37.78289755452763  
267  -37.782932076368766  
268  -37.782946322806986  
269  -37.78297416343723  
270  -37.78297635143247  
271  -37.78298942432059  
272  -37.78301030825084  
273  -37.78303593241393  
274  -37.783055566214465  
275  -37.78307656523809  
276  -37.78309552700148  
277  -37.78311425771827  
278  -37.783134443519884  
279  -37.783160611815994  
280  -37.78317958937224  
281  -37.78319976550749  
282  -37.78321917562231  
283  -37.783239166363146  
284  -37.783263521678684  
285  -37.78329187821827  
286  -37.78330853768364  
287  -37.78333206611116  
288  -37.7833473954636  
289  -37.78336922969241  
290  -37.783395250515035  
291  -37.783410226060305  
292  -37.783440682172916  
293  -37.783456320724724  
294  -37.78347704427332  
295  -37.78349085831907  
296  -37.783506779727766  
297  -37.783529196122885  
298  -37.78355443159457  
299  -37.78356933379714  
300  -37.783590879750385  
301  -37.78360826916498  
302  -37.78363202037306  
303  -37.78365599036118  
304  -37.78367472363675  
305  -37.78369195691058  
306  -37.78371484262686  
307  -37.78373734890186  
308  -37.7837593790819  
309  -37.78377790631943  
310  -37.783802396965335  
311  -37.7838216482095  
312  -37.78385187551469  
313  -37.78387502590668  
314  -37.783898755668794  
315  -37.78391955008326  
316  -37.78394802850155  
317  -37.78397624570988  
318  -37.78400016165822  
319  -37.784023849352174  
320  -37.78404903045376  
321  -37.78408125857234  
322  -37.784112563591236  
323  -37.78414066496179  
324  -37.78417077296304  
325  -37.784197408198594  
326  -37.78423138195143  
327  -37.78425653836535  
328  -37.78429470290432  
329  -37.78433379059709  
330  -37.784383380918705  
331  -37.78440717460745  
332  -37.784439300482724  
333  -37.784462428095594  
334  -37.78449803950597  
335  -37.784535124335235  
336  -37.78456172852706  
337  -37.78457968109385  
338  -37.78463020419323  
339  -37.78465108864246  
340  -37.78467821557772  
341  -37.78471926695064  
342  -37.78472952635962  
343  -37.78478665400219  
344  -37.78480326764669  
345  -37.784837263315126  
346  -37.784870028615856  
347  -37.7849086853733  
348  -37.78493384814244  
349  -37.78496845900165  
350  -37.78499772104254  
351  -37.78503658614352  
352  -37.78508303361769  
353  -37.78511411142814  
354  -37.78515368264752  
355  -37.78519112218392  
356  -37.78523453194444  
357  -37.78526872941052  
358  -37.78530841029252  
359  -37.78534145218756  
360  -37.785382174254906  
361  -37.785407808864164  
362  -37.78545298620035  
363  -37.7854789493717  
364  -37.785523817641796  
365  -37.7855569553099  
366  -37.78558750979322  
367  -37.785637602194534  
368  -37.78563005865727  
369  -37.785671850414815  
370  -37.78570916780283  
371  -37.785740246292185  
372  -37.785778408353636  
373  -37.78582277580739  
374  -37.78586521351169  
375  -37.78590259783603  
376  -37.785937284784445  
377  -37.785965636712426  
378  -37.78602455384505  
379  -37.78604740684074  
380  -37.786085592056615  
381  -37.78611588643805  
382  -37.78614655246218  
383  -37.78620374819712  
384  -37.78612403695496  
385  -37.78623433438067  
386  -37.78628538652823  
387  -37.786317632028386  
388  -37.78635573582083  
389  -37.78639363183837  
390  -37.78643251406308  
391  -37.78648403390083  
392  -37.786513446423406  
393  -37.78653579408625  
394  -37.786598087786594  
395  -37.786624326606116  
396  -37.786656584897905  
397  -37.78670299972232  
398  -37.78672655905875  
399  -37.786757904062455  
400  -37.786768310752414  
401  -37.786843450843136  
402  -37.78685701752747  
403  -37.78689479195402  
404  -37.786913330273194  
405  -37.78695102442879  
406  -37.786974675331166  
407  -37.786997034409  
408  -37.78703822253319  
409  -37.787004331935385  
410  -37.78706138604033  
411  -37.787094235136585  
412  -37.787119760542424  
413  -37.787152503005885  
414  -37.78717231390985  
415  -37.787196555771715  
416  -37.78721687551319  
417  -37.7872352587151  
418  -37.78727087431747  
419  -37.787299852614154  
420  -37.78731954599499  
421  -37.78734252072771  
422  -37.78736188455203  
423  -37.78738804042484  
424  -37.787408672003494  
425  -37.78743051138721  
426  -37.78744288463467  
427  -37.787467324930404  
428  -37.78746853314693  
429  -37.78748109177709  
430  -37.78750028755566  
431  -37.78752082671012  
432  -37.78753729413877  
433  -37.78755575769005  
434  -37.787578079434454  
435  -37.78759532558704  
436  -37.787616038624655  
437  -37.787630421609514  
438  -37.78765130624653  
439  -37.787659693010895  
440  -37.7876884460411  
441  -37.787703490607356  
442  -37.78771883995643  
443  -37.78774249559977  
444  -37.78770798786489  
445  -37.787758305397354  
446  -37.78778493498554  
447  -37.78780203832608  
448  -37.78782095582184  
449  -37.78783634552902  
450  -37.78785119430685  
451  -37.78787426751909  
452  -37.78788827051055  
453  -37.7879130191671  
454  -37.78792229836686  
455  -37.7879446966501  
456  -37.787958464203825  
457  -37.78797638650963  
458  -37.78800480812298  
459  -37.78799280015134  
460  -37.78802195332388  
461  -37.7880423224947  
462  -37.78805829066766  
463  -37.78807846437328  
464  -37.78809453333462  
465  -37.78812225244513  
466  -37.78813741963572  
467  -37.78815257104821  
468  -37.78817389473328  
469  -37.78819594283695  
470  -37.78821596688728  
471  -37.788232301661  
472  -37.78824566517808  
473  -37.788267277033604  
474  -37.78828670800261  
475  -37.78830003430246  
476  -37.788316672633094  
477  -37.78832759724304  
478  -37.78834614235854  
479  -37.78836102208906  
480  -37.788373039015895  
481  -37.788398286504055  
482  -37.78836130273463  
483  -37.788407588209665  
484  -37.78842317633868  
485  -37.78843727264147  
486  -37.78845608531712  
487  -37.78847098707105  
488  -37.78848274785124  
489  -37.78849938541257  
490  -37.78851179261654  
491  -37.78853333125503  
492  -37.788541507337904  
493  -37.788558842939544  
494  -37.78856942354544  
495  -37.78858210926126  
496  -37.788601637180435  
497  -37.788602852973646  
498  -37.788615867878676  
499  -37.788631792039325  
500  -37.788644739022466  
501  -37.788657598376844  
502  -37.78867412635741  
503  -37.788688947066774  
504  -37.78870408609252  
505  -37.78871410782701  
506  -37.78872611014599  
507  -37.78873987636251  
508  -37.788752443794934  
509  -37.788761851941516  
510  -37.78877730005343  
511  -37.788784135049625  
512  -37.78879251424662  
513  -37.78879982128292  
514  -37.788808669178735  
515  -37.78882172288811  
516  -37.78882431526977  
517  -37.78884069010002  
518  -37.78884568834388  
519  -37.78885385275974  
520  -37.7888622826912  
521  -37.78887302054243  
522  -37.78888234219241  
523  -37.78889208140589  
524  -37.78889954346386  
525  -37.78890822188289  
526  -37.788918253647395  
527  -37.78892542319853  
528  -37.78893234293304  
529  -37.78894685631775  
530  -37.78895246266204  
531  -37.788961980016616  
532  -37.7889664786762  
533  -37.78897955228402  
534  -37.78898599720138  
535  -37.788991885672516  
536  -37.78900122535745  
537  -37.78900808696683  
538  -37.78902016091762  
539  -37.78902508083205  
540  -37.78903105330437  
541  -37.789041063604735  
542  -37.78905083964945  
543  -37.78905742721085  
544  -37.78906659517275  
545  -37.78907145669246  
546  -37.7890781255935  
547  -37.78908937555424  
548  -37.78909595036644  
549  -37.789104135847985  
550  -37.78911756641514  
551  -37.78912290716993  
552  -37.789131450211514  
553  -37.78913911791157  
554  -37.78915192636922  
555  -37.78916105351594  
556  -37.789167905925744  
557  -37.78918111102893  
558  -37.78917844829948  
559  -37.78918990957447  
560  -37.78920297670293  
561  -37.789213162089084  
562  -37.78922463164195  
563  -37.789235588249134  
564  -37.78924595655331  
565  -37.78925954033109  
566  -37.78926790932589  
567  -37.78927709498939  
568  -37.7892929073833  
569  -37.78929789689274  
570  -37.7893078023336  
571  -37.78931365866042  
572  -37.789323799183904  
573  -37.789335252473414  
574  -37.78931535194313  
575  -37.78934177414224  
576  -37.78935491300093  
577  -37.78936325015789  
578  -37.78937265606423  
579  -37.789380498398046  
580  -37.78938774711151  
581  -37.78939975304952  
582  -37.78940491622798  
583  -37.78940982451764  
584  -37.78942013188255  
585  -37.78942560444704  
586  -37.78942632500413  
587  -37.789433532478945  
588  -37.789445126349136  
589  -37.78945204466096  
590  -37.78946204564761  
591  -37.789470142598866  
592  -37.78947575936301  
593  -37.78948574587571  
594  -37.789492015824415  
595  -37.789500794313795  
596  -37.78951464419894  
597  -37.78951932750318  
598  -37.789526577854765  
599  -37.78953199516846  
600  -37.78953878432497  
601  -37.789546671888374  
602  -37.789556775144  
603  -37.78956492352845  
604  -37.789573164136705  
605  -37.78957834469008  
606  -37.78958515796478  
607  -37.789594225188324  
608  -37.78959997013673  
609  -37.789613386329194  
610  -37.78960883390259  
611  -37.78961960114175  
612  -37.78962460683512  
613  -37.789630581784074  
614  -37.78963720923393  
615  -37.78964191598002  
616  -37.78964879019472  
617  -37.78965213479563  
618  -37.789656265298454  
619  -37.78966363656998  
620  -37.78966745400613  
621  -37.78967542856432  
622  -37.78967857372381  
623  -37.78968202892746  
624  -37.7896886268311  
625  -37.78968844569098  
626  -37.78969342635448  
627  -37.78970168614793  
628  -37.78970822565792  
629  -37.78971354745101  
630  -37.78971868675721  
631  -37.78972474836124  
632  -37.78973359182633  
633  -37.78973780096008  
634  -37.7897426933091  
635  -37.7897480065713  
636  -37.78975215413605  
637  -37.78975757354265  
638  -37.789763892915246  
639  -37.789769379308254  
640  -37.78977418018222  
641  -37.789777717642  
642  -37.789785994828044  
643  -37.78979054391352  
644  -37.78979548913754  
645  -37.789802594895136  
646  -37.78980475947216  
647  -37.78981269054541  
648  -37.78981521215605  
649  -37.78982040735788  
650  -37.78982576988901  
651  -37.78983224731641  
652  -37.78983648973398  
653  -37.78984198264868  
654  -37.78984626150382  
655  -37.789851036924524  
656  -37.789859003775156  
657  -37.78986319586446  
658  -37.78986884530061  
659  -37.78987851983094  
660  -37.78988160349669  
661  -37.78988711876361  
662  -37.78989155124853  
663  -37.78989690813887  
664  -37.78990337482146  
665  -37.78990817948448  
666  -37.789915223888826  
667  -37.78991982620632  
668  -37.78992504891148  
669  -37.78992256194251  
670  -37.78992887903987  
671  -37.789935789284684  
672  -37.789941821206476  
673  -37.78994881163013  
674  -37.78995531315578  
675  -37.7899619703282  
676  -37.78997006532515  
677  -37.78997425039199  
678  -37.78997794640758  
679  -37.78998860688985  
680  -37.789993736821636  
681  -37.790000033679014  
682  -37.79000700375535  
683  -37.79001046780869  
684  -37.7900147458031  
685  -37.790023945767004  
686  -37.79002566734657  
687  -37.79003128012255  
688  -37.790033950753354  
689  -37.79003864468824  
690  -37.79004422789746  
691  -37.79004427804236  
692  -37.79004891485674  
693  -37.7900554377921  
694  -37.79006000494295  
695  -37.79006495548848  
696  -37.79006710287496  
697  -37.79007440131575  
698  -37.790078413397595  
699  -37.79008281280243  
700  -37.79008926543734  
701  -37.79008216148255  
702  -37.790093227859096  
703  -37.790099282222144  
704  -37.790103456089525  
705  -37.79010893679666  
706  -37.790113558563874  
707  -37.790117674671144  
708  -37.79012240122313  
709  -37.79012543418632  
710  -37.790130909227976  
711  -37.79013199300446  
712  -37.79014134855829  
713  -37.79014385107166  
714  -37.79014783068985  
715  -37.79015328349354  
716  -37.79015747819486  
717  -37.790163140859136  
718  -37.79016602011506  
719  -37.790169517633615  
720  -37.79017337069911  
721  -37.7901780641616  
722  -37.7901818426865  
723  -37.79018553754551  
724  -37.790188684634195  
725  -37.790194921415114  
726  -37.79019774165205  
727  -37.79020119554084  
728  -37.790204965099385  
729  -37.79020958334572  
730  -37.790212729345626  
731  -37.790216178995976  
732  -37.79021902315477  
733  -37.790223399610355  
734  -37.79022687357266  
735  -37.790229344500624  
736  -37.79023042121976  
737  -37.79023500842502  
738  -37.79023690488777  
739  -37.79023947432675  
740  -37.79024335126253  
741  -37.79024384965714  
742  -37.79024620932247  
743  -37.79024908555771  
744  -37.79025111447431  
745  -37.790254211558015  
746  -37.7902566722498  
747  -37.79026060313778  
748  -37.790263245207655  
749  -37.79026540982963  
750  -37.79026943818892  
751  -37.79026664100904  
752  -37.7902717275287  
753  -37.79027565437573  
754  -37.79027894625979  
755  -37.79028225204622  
756  -37.7902844265544  
757  -37.79028754729161  
758  -37.79029058106299  
759  -37.790292954449356  
760  -37.79029707896876  
761  -37.79029978199051  
762  -37.79030197913411  
763  -37.79030385430214  
764  -37.7903060108132  
765  -37.790307759392675  
766  -37.79031156920472  
767  -37.79031307013177  
768  -37.79031477234379  
769  -37.79031732314693  
770  -37.790317729153976  
771  -37.79031948052234  
772  -37.79032275167827  
773  -37.79032541293  
774  -37.79032769543794  
775  -37.790329970204  
776  -37.7903325021872  
777  -37.790335411728535  
778  -37.79033765526867  
779  -37.79034046992455  
780  -37.79034303561888  
781  -37.79034595027201  
782  -37.79034820877271  
783  -37.79035135924729  
784  -37.790353690508695  
785  -37.79035550069994  
786  -37.79035792627134  
787  -37.79035978654757  
788  -37.7903628017248  
789  -37.79036453123877  
790  -37.79036770535439  
791  -37.790369709845486  
792  -37.79037171759133  
793  -37.790373510628605  
794  -37.7903765980914  
795  -37.790378479898905  
796  -37.790380363635805  
797  -37.79038260674017  
798  -37.790385289841225  
799  -37.79038707642338  
800  -37.79038888190882  
801  -37.79039072583718  
802  -37.79039289456786  
803  -37.79039601839997  
804  -37.79039762696976  
805  -37.79039928693029  
806  -37.79040138080542  
807  -37.79040321234772  
808  -37.79040577887415  
809  -37.7904085876094  
810  -37.79041004634257  
811  -37.79041190687387  
812  -37.790413355789994  
813  -37.79041508151789  
814  -37.79041709399911  
815  -37.790418133644295  
816  -37.790420683265616  
817  -37.790421937603526  
818  -37.79042417943452  
819  -37.79042536552099  
820  -37.79042640822175  
821  -37.79042871309952  
822  -37.79042733537124  
823  -37.790429841611235  
824  -37.790432047262094  
825  -37.79043381051777  
826  -37.79043566173611  
827  -37.7904370200942  
828  -37.7904383573815  
829  -37.79044030797412  
830  -37.790441571966774  
831  -37.79044368131595  
832  -37.79044537176209  
833  -37.7904466351789  
834  -37.790448282275776  
835  -37.7904495046671  
836  -37.79045106672305  
837  -37.790452685869525  
838  -37.79045396783044  
839  -37.79045570629511  
840  -37.790457302876824  
841  -37.79045879256926  
842  -37.79046064098186  
843  -37.79046234573878  
844  -37.79046371703319  
845  -37.790465252812815  
846  -37.79046662454425  
847  -37.79046846941502  
848  -37.79047019752478  
849  -37.79047161281925  
850  -37.79047304464525  
851  -37.790474923625005  
852  -37.790474968298334  
853  -37.79047600472361  
854  -37.7904774726742  
855  -37.79047898595377  
856  -37.79048023105522  
857  -37.79048161593575  
858  -37.79048307884102  
859  -37.790484610863714  
860  -37.79048589934348  
861  -37.79048688398186  
862  -37.79048838817225  
863  -37.79048978929019  
864  -37.79049130315059  
865  -37.79049303259032  
866  -37.79049415796906  
867  -37.790495913150124  
868  -37.79049742813031  
869  -37.79049894374906  
870  -37.79050017661111  
871  -37.79050156297755  
872  -37.79050304468092  
873  -37.790504687041306  
874  -37.790506697844016  
875  -37.79050795428224  
876  -37.790509274531324  
877  -37.790511168926606  
878  -37.790512415540945  
879  -37.79051383663422  
880  -37.79051574552726  
881  -37.79051675827557  
882  -37.790518023541985  
883  -37.79052056295598  
884  -37.79052135971859  
885  -37.79052247318955  
886  -37.79052432660299  
887  -37.79052562705108  
888  -37.79052825095734  
889  -37.79052920011119  
890  -37.79053176354252  
891  -37.790532581265964  
892  -37.790534122320395  
893  -37.790535462941804  
894  -37.790537541829636  
895  -37.79053875715276  
896  -37.7905400114161  
897  -37.79054178696317  
898  -37.790543716728536  
899  -37.79054500804138  
900  -37.790546716298316  
901  -37.790547684443666  
902  -37.79054914053764  
903  -37.79055063814097  
904  -37.79055164683701  
905  -37.790554267583815  
906  -37.790548163092545  
907  -37.79055531936106  
908  -37.790556950597896  
909  -37.79055836780338  
910  -37.79055986820596  
911  -37.79056136369379  
912  -37.790562872394666  
913  -37.79056403982344  
914  -37.79056553720343  
915  -37.79056698540939  
916  -37.79056859029466  
917  -37.79056999828538  
918  -37.79057130513023  
919  -37.7905729816333  
920  -37.790574133352585  
921  -37.79057524572566  
922  -37.79057724959603  
923  -37.79057874383953  
924  -37.790579525781304  
925  -37.79058062124435  
926  -37.79058178409702  
927  -37.79058261208072  
928  -37.790584211422896  
929  -37.79058518218255  
930  -37.790586202974055  
931  -37.79058728744386  
932  -37.79058866580136  
933  -37.79058963534286  
934  -37.79059073908708  
935  -37.79059151615596  
936  -37.79059264081316  
937  -37.79059361063814  
938  -37.790594384612994  
939  -37.790595969891925  
940  -37.79059713683958  
941  -37.79059803332794  
942  -37.79059887966667  
943  -37.790599711059045  
944  -37.79060085163662  
945  -37.79060178999365  
946  -37.790602678125886  
947  -37.79060351947677  
948  -37.79060493798989  
949  -37.790605893022395  
950  -37.7906066205135  
951  -37.79060751877164  
952  -37.79060838673316  
953  -37.79060949903643  
954  -37.79061065809998  
955  -37.79061157142931  
956  -37.79061267299031  
957  -37.790612936424175  
958  -37.790614351166596  
959  -37.79061490988152  
960  -37.790615736818026  
961  -37.79061691457212  
962  -37.790616984474056  
963  -37.79061776481204  
964  -37.790618774165914  
965  -37.7906195978136  
966  -37.79062048020719  
967  -37.790621331510856  
968  -37.79062235178111  
969  -37.7906231836225  
970  -37.79062407940523  
971  -37.79062509307401  
972  -37.79062631785374  
973  -37.79062704767851  
974  -37.79062798772246  
975  -37.79062871962339  
976  -37.79062968699969  
977  -37.79063083318985  
978  -37.7906315526177  
979  -37.79063219072943  
980  -37.79063363404346  
981  -37.79063413701304  
982  -37.79063500465552  
983  -37.79063605529093  
984  -37.790637255892705  
985  -37.790638087881284  
986  -37.7906390274434  
987  -37.79063977698006  
988  -37.790640598005005  
989  -37.79064175789989  
990  -37.79064253358968  
991  -37.790643227671055  
992  -37.79064431056807  
993  -37.79064504383854  
994  -37.7906462269917  
995  -37.7906471664389  
996  -37.790648170201884  
997  -37.79064905755073  
998  -37.790650072092  
999  -37.79065108171978  
1000  -37.790651826860454  
1001  -37.79065267969105  
1002  -37.79065365221617  
1003  -37.79065463631761  
1004  -37.790655425435226  
1005  -37.79065615945145  
1006  -37.79065736206118  
1007  -37.790657553325914  
1008  -37.790658608228945  
1009  -37.790659158481425  
1010  -37.79065992074309  
1011  -37.7906608234764  
1012  -37.79066179069522  
1013  -37.79066249331828  
1014  -37.79066340135341  
1015  -37.790664063118115  
1016  -37.790664832297416  
1017  -37.79066577923038  
1018  -37.79066637592336  
1019  -37.790666965507356  
1020  -37.790667919960455  
1021  -37.79066880271473  
1022  -37.79066922960051  
1023  -37.79067005265795  
1024  -37.79067061538319  
1025  -37.79067130325168  
1026  -37.7906722048848  
1027  -37.790672683705985  
1028  -37.79067315032539  
1029  -37.79067402687002  
1030  -37.79067462104015  
1031  -37.79067530937005  
1032  -37.79067618042492  
1033  -37.790676666824204  
1034  -37.79067723670547  
1035  -37.79067807368603  
1036  -37.79067886510989  
1037  -37.79067962260614  
1038  -37.79068043592338  
1039  -37.79068092865382  
1040  -37.790681424846014  
1041  -37.79068267074347  
1042  -37.79068316423424  
1043  -37.790683824471444  
1044  -37.790684381533296  
1045  -37.7906849857174  
1046  -37.790685648347534  
1047  -37.7906865626279  
1048  -37.790687069426745  
1049  -37.790687693063305  
1050  -37.79068788731358  
1051  -37.79068867348023  
1052  -37.79068916140579  
1053  -37.790689690549854  
1054  -37.790690512384415  
1055  -37.790689741914484  
1056  -37.79069100841924  
1057  -37.790691731828424  
1058  -37.79069226307632  
1059  -37.79069302863805  
1060  -37.79069370048525  
1061  -37.79069430898111  
1062  -37.790695102684616  
1063  -37.7906956566301  
1064  -37.79069649241351  
1065  -37.79069712219701  
1066  -37.7906978868518  
1067  -37.79069847321568  
1068  -37.79069918732296  
1069  -37.79069961134253  
1070  -37.790700380484004  
1071  -37.790700914492  
1072  -37.79070151937057  
1073  -37.79070246157907  
1074  -37.79070318225297  
1075  -37.79070388955701  
1076  -37.790704420108916  
1077  -37.79070497408914  
1078  -37.79070542365785  
1079  -37.79070649518738  
1080  -37.79070689721368  
1081  -37.790707409149775  
1082  -37.79070825623508  
1083  -37.79070882167772  
1084  -37.790709717047164  
1085  -37.79071013902727  
1086  -37.7907106927697  
1087  -37.79071158370189  
1088  -37.79071260813223  
1089  -37.79071328885043  
1090  -37.79071407017129  
1091  -37.79071461053602  
1092  -37.79071514149145  
1093  -37.79071617700755  
1094  -37.79071669009516  
1095  -37.79071782599333  
1096  -37.79071827968205  
1097  -37.79071918627495  
1098  -37.79071985559205  
1099  -37.79072042131874  
1100  -37.79072143492737  
1101  -37.79072097127282  
1102  -37.79072207375133  
1103  -37.790722918043855  
1104  -37.790723525651586  
1105  -37.79072424199062  
1106  -37.79072495616329  
1107  -37.79072559683712  
1108  -37.79072648669308  
1109  -37.79072711109266  
1110  -37.79072771518703  
1111  -37.790728879970374  
1112  -37.79072942880261  
1113  -37.79073028191021  
1114  -37.79073126094271  
1115  -37.79073237215672  
1116  -37.79073298050877  
1117  -37.79073383335345  
1118  -37.790734406253556  
1119  -37.79073501933235  
1120  -37.79073580285397  
1121  -37.79073642259073  
1122  -37.790736890971225  
1123  -37.79073808720225  
1124  -37.79073853872225  
1125  -37.7907391671321  
1126  -37.79074013782341  
1127  -37.79074081171582  
1128  -37.790741995666224  
1129  -37.79074260021308  
1130  -37.790743424872  
1131  -37.79074409704789  
1132  -37.79074532827773  
1133  -37.790746012250395  
1134  -37.79074680984838  
1135  -37.790747932379986  
1136  -37.79074899307568  
1137  -37.79074985088579  
1138  -37.790750757713205  
1139  -37.790751533985485  
1140  -37.79075271673044  
1141  -37.790753609453056  
1142  -37.790754464181276  
1143  -37.79075504642579  
1144  -37.79075627388273  
1145  -37.79075723394187  
1146  -37.790757953438806  
1147  -37.79075888278224  
1148  -37.79075965098582  
1149  -37.79076076978584  
1150  -37.79076175471053  
1151  -37.790762878249915  
1152  -37.790763919573045  
1153  -37.79076497399325  
1154  -37.790765846853795  
1155  -37.79076671203755  
1156  -37.79076768115532  
1157  -37.79076874005264  
1158  -37.79076967232508  
1159  -37.79077037231092  
1160  -37.790771110890496  
1161  -37.79077223346272  
1162  -37.79077319487685  
1163  -37.790773735174064  
1164  -37.79077497485122  
1165  -37.790775349564306  
1166  -37.790776196448526  
1167  -37.79077684312731  
1168  -37.7907774503419  
1169  -37.79077856325697  
1170  -37.790775907119084  
1171  -37.79077907494632  
1172  -37.7907799442286  
1173  -37.79078058352492  
1174  -37.79078160733512  
1175  -37.79078237292143  
1176  -37.79078309408588  
1177  -37.790783978793506  
1178  -37.79078456345529  
1179  -37.79078542544798  
1180  -37.79078644603474  
1181  -37.790787445383266  
1182  -37.79078819291798  
1183  -37.79078927484241  
1184  -37.79079005282414  
1185  -37.79079096080212  
1186  -37.79079222209495  
1187  -37.790792932807776  
1188  -37.7907939083583  
1189  -37.79079487299118  
1190  -37.79079631820474  
1191  -37.79079687065542  
1192  -37.79079823388541  
1193  -37.79079809222713  
1194  -37.79079883628738  
1195  -37.79079951548572  
1196  -37.79080063462551  
1197  -37.79080151882273  
1198  -37.79080261411864  
1199  -37.790803841620935  
1200  -37.790804952479924  
1201  -37.79080585220791  
1202  -37.790806664555184  
1203  -37.790807461438305  
1204  -37.790808478797295  
1205  -37.790809316447  
1206  -37.79081018081065  
1207  -37.790810946819455  
1208  -37.79081201568677  
1209  -37.79081305895488  
1210  -37.79081396836198  
1211  -37.79081481727697  
1212  -37.7908156611493  
1213  -37.790816550986335  
1214  -37.790817478225364  
1215  -37.7908182896793  
1216  -37.790819157006105  
1217  -37.79081971849654  
1218  -37.79082053046613  
1219  -37.79082131381214  
1220  -37.790822550339776  
1221  -37.79082321237103  
1222  -37.79082387731497  
1223  -37.79082488772607  
1224  -37.790826005729  
1225  -37.790826855012426  
1226  -37.790827783258536  
1227  -37.79082865608617  
1228  -37.79082924937738  
1229  -37.79083048502672  
1230  -37.79083101408791  
1231  -37.790831750963854  
1232  -37.79083275423794  
1233  -37.79083339730493  
1234  -37.79083488278468  
1235  -37.790835746343404  
1236  -37.790836883776656  
1237  -37.790837440440434  
1238  -37.790838353864785  
1239  -37.79083938305562  
1240  -37.79084043431691  
1241  -37.790841183571466  
1242  -37.790842046586064  
1243  -37.790842981584085  
1244  -37.7908440189645  
1245  -37.790844752432626  
1246  -37.790845454570245  
1247  -37.79084634691594  
1248  -37.79084748934741  
1249  -37.79084866520983  
1250  -37.790849384404055  
1251  -37.79085001203489  
1252  -37.79085094593151  
1253  -37.7908515788386  
1254  -37.790852418205176  
1255  -37.7908536781507  
1256  -37.79085481636147  
1257  -37.79085549624589  
1258  -37.79085645130082  
1259  -37.7908572618859  
1260  -37.79085860647135  
1261  -37.7908595566564  
1262  -37.79086050877176  
1263  -37.79086144469724  
1264  -37.79086247593237  
1265  -37.79086323883635  
1266  -37.79086468298263  
1267  -37.790865348779036  
1268  -37.79086635809791  
1269  -37.79086697428918  
1270  -37.790868250266776  
1271  -37.79086908679516  
1272  -37.7908698065037  
1273  -37.79087103710609  
1274  -37.79087171545902  
1275  -37.790873069374484  
1276  -37.79087364849327  
1277  -37.790874383999856  
1278  -37.79087500183384  
1279  -37.79087640231172  
1280  -37.79087716538571  
1281  -37.790877894674246  
1282  -37.79087906840275  
1283  -37.790878069248556  
1284  -37.79087981777538  
1285  -37.790881070676754  
1286  -37.79088189561649  
1287  -37.79088287946186  
1288  -37.79088374388861  
1289  -37.790884569638514  
1290  -37.790885714934255  
1291  -37.790886590093876  
1292  -37.790887309563765  
1293  -37.790888499908576  
1294  -37.790889255851106  
1295  -37.79088988616492  
1296  -37.79089152407514  
1297  -37.79089221738566  
1298  -37.79089312618123  
1299  -37.7908951739222  
1300  -37.79089587505732  
1301  -37.790896919027496  
1302  -37.79089802276874  
1303  -37.790899506520525  
1304  -37.79090010824721  
1305  -37.79090152528168  
1306  -37.79090183829027  
1307  -37.790903161002184  
1308  -37.7909038568462  
1309  -37.79090483782377  
1310  -37.79090621622938  
1311  -37.79090687800833  
1312  -37.79090854135206  
1313  -37.79090919248035  
1314  -37.79091016044111  
1315  -37.790910818474686  
1316  -37.7909121554026  
1317  -37.790912915401634  
1318  -37.79091362367079  
1319  -37.790914994927846  
1320  -37.79091341248095  
1321  -37.79091573997724  
1322  -37.79091686876459  
1323  -37.79091775647857  
1324  -37.79091898292628  
1325  -37.79091988564203  
1326  -37.79092096746965  
1327  -37.790921973556806  
1328  -37.79092278603456  
1329  -37.790923246670864  
1330  -37.79092521853591  
1331  -37.79092586141252  
1332  -37.79092670992881  
1333  -37.79092776085883  
1334  -37.7909291203556  
1335  -37.79093033126005  
1336  -37.79093160772281  
1337  -37.79093285838487  
1338  -37.790933619169735  
1339  -37.79093506881581  
1340  -37.79093563915347  
1341  -37.79093676251182  
1342  -37.79093790353132  
1343  -37.79093875254385  
1344  -37.79094042476078  
1345  -37.79093877324124  
1346  -37.79094133864931  
1347  -37.79094260489995  
1348  -37.7909435354079  
1349  -37.790944756125526  
1350  -37.79094590887725  
1351  -37.79094689293553  
1352  -37.790948191183105  
1353  -37.79094911622831  
1354  -37.79095011078315  
1355  -37.79095136010752  
1356  -37.7909522442844  
1357  -37.79095276981305  
1358  -37.790954024496784  
1359  -37.79095477750831  
1360  -37.790955679290775  
1361  -37.790956841960075  
1362  -37.79095742451329  
1363  -37.79095801801707  
1364  -37.79095908148711  
1365  -37.79095962385177  
1366  -37.79096019205169  
1367  -37.790961178582414  
1368  -37.790961715072996  
1369  -37.79096194577253  
1370  -37.79096312588263  
1371  -37.79096349406748  
1372  -37.79096428409845  
1373  -37.79096520190401  
1374  -37.790966287302346  
1375  -37.790966994302906  
1376  -37.79096781225145  
1377  -37.79096848062365  
1378  -37.79096924908969  
1379  -37.790970609361544  
1380  -37.79097111070416  
1381  -37.790971691433214  
1382  -37.79097268108047  
1383  -37.79097323714722  
1384  -37.790972728385334  
1385  -37.79097373981622  
1386  -37.790974579732485  
1387  -37.79097521264444  
1388  -37.79097591962086  
1389  -37.79097654586798  
1390  -37.790977165777306  
1391  -37.790978114255964  
1392  -37.79097862852557  
1393  -37.79097929542385  
1394  -37.790980158782894  
1395  -37.79098083289035  
1396  -37.79098125642759  
1397  -37.79098225934035  
1398  -37.79098276872222  
1399  -37.79098329686496  
1400  -37.79098395120212  
1401  -37.790984420315965  
1402  -37.79098496764634  
1403  -37.79098606188716  
1404  -37.79098669226434  
1405  -37.790987387456504  
1406  -37.79098837954658  
1407  -37.79098914491627  
1408  -37.79098999617582  
1409  -37.79099055748309  
1410  -37.790991329697796  
1411  -37.790991266892235  
1412  -37.79099192719184  
1413  -37.79099269032301  
1414  -37.79099322990374  
1415  -37.790993883487424  
1416  -37.790994538850406  
1417  -37.79099516933574  
1418  -37.79099578342389  
1419  -37.790996212602856  
1420  -37.790996840081796  
1421  -37.7909976668382  
1422  -37.79099840581562  
1423  -37.79099884022496  
1424  -37.79099960994944  
1425  -37.79100005494046  
1426  -37.79100077089646  
1427  -37.79100150079049  
1428  -37.791001993486745  
1429  -37.791002481356074  
1430  -37.791003231688144  
1431  -37.79100362671399  
1432  -37.79100429254601  
1433  -37.791004553310245  
1434  -37.79100538378112  
1435  -37.791005804364175  
1436  -37.79100628326357  
1437  -37.791007030840035  
1438  -37.791006522315676  
1439  -37.791007513891955  
1440  -37.791008211616045  
1441  -37.791008693624875  
1442  -37.79100931487253  
1443  -37.79100977195726  
1444  -37.79101035533488  
1445  -37.79101089235137  
1446  -37.79101131356889  
1447  -37.79101168518833  
1448  -37.791012427292735  
1449  -37.79101275273257  
1450  -37.79101323481164  
1451  -37.791013941039786  
1452  -37.79101415098666  
1453  -37.79101492497579  
1454  -37.79101517009113  
1455  -37.791015585201926  
1456  -37.79101623427972  
1457  -37.79101669152475  
1458  -37.79101727519335  
1459  -37.79101767839848  
1460  -37.79101807737931  
1461  -37.79101864069258  
1462  -37.79101937581844  
1463  -37.79101975988957  
1464  -37.7910202428833  
1465  -37.79102058358931  
1466  -37.79102105638454  
1467  -37.79102157716269  
1468  -37.7910219400541  
1469  -37.791022300042165  
1470  -37.79102285850744  
1471  -37.79102314205128  
1472  -37.791023477862375  
1473  -37.79102361257583  
1474  -37.791024269959046  
1475  -37.79102459312688  
1476  -37.79102490102433  
1477  -37.79102537094005  
1478  -37.79102532262995  
1479  -37.7910257983162  
1480  -37.79102653350004  
1481  -37.791026967831826  
1482  -37.79102758615725  
1483  -37.79102775419069  
1484  -37.79102829372538  
1485  -37.79102862176165  
1486  -37.791028990476505  
1487  -37.7910295115747  
1488  -37.791029077489924  
1489  -37.791029878196994  
1490  -37.79103039455473  
1491  -37.79103085217236  
1492  -37.791031279934614  
1493  -37.7910315289145  
1494  -37.79103225508494  
1495  -37.79103259336614  
1496  -37.791032964875036  
1497  -37.79103349408558  
1498  -37.79103275225246  
1499  -37.791033827892306  
1500  -37.791034403524336  
1501  -37.79103481473301  
1502  -37.791035363737464  
1503  -37.79103571166294  
1504  -37.79103615486559  
1505  -37.79103653199802  
1506  -37.79103680992382  
1507  -37.791037194997294  
1508  -37.79103786516785  
1509  -37.79103824356722  
1510  -37.79103862324821  
1511  -37.791039178808305  
1512  -37.79103957428032  
1513  -37.791040120108136  
1514  -37.791040440999254  
1515  -37.79104088225087  
1516  -37.79104147314571  
1517  -37.79104204392003  
1518  -37.791042366899816  
1519  -37.791042929455905  
1520  -37.79104329032633  
1521  -37.79104370904997  
1522  -37.791044366358186  
1523  -37.79104464803715  
1524  -37.791045068353675  
1525  -37.79104552961724  
1526  -37.79104626152627  
1527  -37.79104648604674  
1528  -37.791047008481755  
1529  -37.79104673419815  
1530  -37.79104728058102  
1531  -37.79104767735178  
1532  -37.79104825226098  
1533  -37.79104872529855  
1534  -37.79104917002158  
1535  -37.791049530379375  
1536  -37.79105010794098  
1537  -37.79105043001779  
1538  -37.791050750993975  
1539  -37.79105127652704  
1540  -37.79105156003227  
1541  -37.79105218807779  
1542  -37.79105263204259  
1543  -37.79105299686186  
1544  -37.79105354219124  
1545  -37.791053972709385  
1546  -37.79105447417219  
1547  -37.79105495174654  
1548  -37.79105538221236  
1549  -37.79105572486578  
1550  -37.79105622407083  
1551  -37.79105643458374  
1552  -37.791056875410696  
1553  -37.7910571808937  
1554  -37.79105748979554  
1555  -37.79105799863218  
1556  -37.791057372911155  
1557  -37.79105832774108  
1558  -37.791058823314  
1559  -37.791059131954576  
1560  -37.79105954659487  
1561  -37.79105979918402  
1562  -37.79106028701676  
1563  -37.7910606200402  
1564  -37.79106091561745  
1565  -37.791061400584056  
1566  -37.79106179936178  
1567  -37.79106216155529  
1568  -37.79106247911786  
1569  -37.79106279530246  
1570  -37.791063103441886  
1571  -37.791063550091444  
1572  -37.7910637616047  
1573  -37.79106408503638  
1574  -37.791064344361715  
1575  -37.79106478108894  
1576  -37.79106501585238  
1577  -37.791065277461435  
1578  -37.791065661801404  
1579  -37.791065794671056  
1580  -37.79106627763611  
1581  -37.79106644898836  
1582  -37.791066709134576  
1583  -37.791067032373896  
1584  -37.79106741447511  
1585  -37.791067668176076  
1586  -37.79106799864317  
1587  -37.791068229291  
1588  -37.79106852150671  
1589  -37.79106888702144  
1590  -37.79106908481926  
1591  -37.791069426680146  
1592  -37.79106993728754  
1593  -37.791070120479525  
1594  -37.791070430534695  
1595  -37.791070712087006  
1596  -37.791071079455314  
1597  -37.79107139210371  
1598  -37.79107162895223  
1599  -37.791071938981666  
1600  -37.7910723237602  
1601  -37.79107268811478  
1602  -37.79107296947932  
1603  -37.79107319502457  
1604  -37.79107362635532  
1605  -37.79107404024372  
1606  -37.79107426704314  
1607  -37.79107474724087  
1608  -37.791074838361126  
1609  -37.79107521748725  
1610  -37.79107546837612  
1611  -37.79107573826008  
1612  -37.79107616828401  
1613  -37.79107564210345  
1614  -37.79107640070179  
1615  -37.79107673078768  
1616  -37.79107700341774  
1617  -37.791077418603166  
1618  -37.79107776658851  
1619  -37.79107805972709  
1620  -37.79107837006129  
1621  -37.791078595207885  
1622  -37.791079013035215  
1623  -37.791079293016104  
1624  -37.79107979626684  
1625  -37.791080027954486  
1626  -37.79108022687008  
1627  -37.79108057135037  
1628  -37.79108097961432  
1629  -37.79108128173536  
1630  -37.79108158302985  
1631  -37.791081885247095  
1632  -37.79108230331528  
1633  -37.79108256306578  
1634  -37.79108298723676  
1635  -37.79108317723036  
1636  -37.79108356638274  
1637  -37.791083982120796  
1638  -37.79108436186611  
1639  -37.791084647606304  
1640  -37.79108493752291  
1641  -37.79108521093682  
1642  -37.79108569959712  
1643  -37.79108616813241  
1644  -37.79108644491972  
1645  -37.79108677354066  
1646  -37.79108708893973  
1647  -37.791087450444124  
1648  -37.791087854318135  
1649  -37.79108809551064  
1650  -37.79108850596695  
1651  -37.79108881073872  
1652  -37.79108911126396  
1653  -37.79108943479865  
1654  -37.791089666099644  
1655  -37.791089949052875  
1656  -37.791090242355075  
1657  -37.79109049518753  
1658  -37.791090723348745  
1659  -37.79109117896692  
1660  -37.79109134079283  
1661  -37.791091613107696  
1662  -37.791092001663515  
1663  -37.791092407018844  
1664  -37.791092709532414  
1665  -37.79109309933696  
1666  -37.791093351543005  
1667  -37.79109361896469  
1668  -37.791094027380126  
1669  -37.79109428913927  
1670  -37.791094470985165  
1671  -37.79109504620341  
1672  -37.79109508173911  
1673  -37.79109527931492  
1674  -37.79109544955895  
1675  -37.791095872498715  
1676  -37.79109608651358  
1677  -37.79109624115985  
1678  -37.79109656931099  
1679  -37.79109680633855  
1680  -37.79109724834248  
1681  -37.79109725203779  
1682  -37.79109752531853  
1683  -37.79109777875154  
1684  -37.791098043009185  
1685  -37.7910983012445  
1686  -37.79109860944492  
1687  -37.79109889858454  
1688  -37.79109919129221  
1689  -37.79109947645604  
1690  -37.791099723536675  
1691  -37.791100040833044  
1692  -37.79110022267277  
1693  -37.79110039440145  
1694  -37.791100755976316  
1695  -37.791100457029586  
1696  -37.79110094332941  
1697  -37.79110121725791  
1698  -37.79110143914091  
1699  -37.79110163712166  
1700  -37.791101920921335  
1701  -37.79110226390306  
1702  -37.79110258444297  
1703  -37.79110278247383  
1704  -37.791102974283405  
1705  -37.79110323656037  
1706  -37.7911035524067  
1707  -37.7911037950663  
1708  -37.79110409224018  
1709  -37.791104327248604  
1710  -37.79110453573271  
1711  -37.7911048712568  
1712  -37.7911052818884  
1713  -37.79110554254982  
1714  -37.79110581942327  
1715  -37.791106029480495  
1716  -37.79110622474368  
1717  -37.791106622033446  
1718  -37.79110677678286  
1719  -37.79110695363182  
1720  -37.79110732196275  
1721  -37.79110751678405  
1722  -37.791107760892  
1723  -37.79110813667491  
1724  -37.791108295399994  
1725  -37.7911084814339  
1726  -37.79110876849476  
1727  -37.791109063955304  
1728  -37.791109281171074  
1729  -37.79110945448186  
1730  -37.79110970413632  
1731  -37.79110980287792  
1732  -37.79111018271795  
1733  -37.79111033928413  
1734  -37.79111051875323  
1735  -37.79111078575502  
1736  -37.791111088004016  
1737  -37.79111149945022  
1738  -37.791111653781925  
1739  -37.791111820305254  
1740  -37.79111202142022  
1741  -37.79111234086607  
1742  -37.79111255519654  
1743  -37.7911127709012  
1744  -37.791112948548495  
1745  -37.79111317568142  
1746  -37.79111334080689  
1747  -37.79111371283794  
1748  -37.79111386971457  
1749  -37.79111408240249  
1750  -37.79111434812647  
1751  -37.79111460870248  
1752  -37.791114813971646  
1753  -37.79111501221068  
1754  -37.79111522938971  
1755  -37.79111550531165  
1756  -37.79111572249577  
1757  -37.79111585385834  
1758  -37.79111604841721  
1759  -37.79111621815258  
1760  -37.791116496502234  
1761  -37.79111666137027  
1762  -37.79111680528414  
1763  -37.79111707079559  
1764  -37.79111729803356  
1765  -37.7911174865224  
1766  -37.79111766691598  
1767  -37.79111785211705  
1768  -37.791118114584556  
1769  -37.7911183188239  
1770  -37.79111845583835  
1771  -37.79111863322582  
1772  -37.79111881610437  
1773  -37.79111904159478  
1774  -37.79111922803925  
1775  -37.791119360757854  
1776  -37.791119573216136  
1777  -37.79111982537117  
1778  -37.79111997806448  
1779  -37.7911201773689  
1780  -37.79112029155434  
1781  -37.79112051456242  
1782  -37.79112067560519  
1783  -37.79112080548804  
1784  -37.79112105516009  
1785  -37.79112058233549  
1786  -37.791121169346475  
1787  -37.79112140168081  
1788  -37.791121582843495  
1789  -37.79112180286968  
1790  -37.79112196770539  
1791  -37.79112210849212  
1792  -37.79112235573325  
1793  -37.79112248874242  
1794  -37.79112263782002  
1795  -37.79112284232848  
1796  -37.79112299281109  
1797  -37.79112315719327  
1798  -37.7911233543986  
1799  -37.7911235561227  
1800  -37.7911236380867  
1801  -37.791123867464044  
1802  -37.791124003192486  
1803  -37.7911241297912  
1804  -37.791124288397235  
1805  -37.791124428844576  
1806  -37.79112447318846  
1807  -37.79112471290018  
1808  -37.7911248038279  
1809  -37.79112494496617  
1810  -37.7911251374707  
1811  -37.79112529074657  
1812  -37.7911254780774  
1813  -37.79112558487744  
1814  -37.7911257233621  
1815  -37.79112566199882  
1816  -37.791125844419476  
1817  -37.791126032234814  
1818  -37.791126179913334  
1819  -37.79112632941644  
1820  -37.791126482493105  
1821  -37.791126634013914  
1822  -37.79112678941748  
1823  -37.79112692758109  
1824  -37.79112702727106  
1825  -37.79112727564616  
1826  -37.79112735745903  
1827  -37.79112751405846  
1828  -37.791127638082536  
1829  -37.791127757843626  
1830  -37.791127979053634  
1831  -37.791127776073694  
1832  -37.791128105849346  
1833  -37.791128275348626  
1834  -37.79112838193706  
1835  -37.79112851582027  
1836  -37.79112865592185  
1837  -37.791128807133134  
1838  -37.791128961345215  
1839  -37.79112911783351  
1840  -37.79112922912249  
1841  -37.791129422218376  
1842  -37.79112949844366  
1843  -37.79112966611008  
1844  -37.79112979941569  
1845  -37.791129919978154  
1846  -37.79113013953231  
1847  -37.791130244803185  
1848  -37.791130497169846  
1849  -37.79113058761021  
1850  -37.791130737328125  
1851  -37.791130776422975  
1852  -37.79113102496836  
1853  -37.79113111550556  
1854  -37.79113123028508  
1855  -37.791131386657  
1856  -37.791131180804626  
1857  -37.79113149448412  
1858  -37.79113168704254  
1859  -37.79113184162396  
1860  -37.791131992813135  
1861  -37.79113212935228  
1862  -37.791132275562944  
1863  -37.79113245847601  
1864  -37.79113258186597  
1865  -37.7911326810692  
1866  -37.791132886408455  
1867  -37.791133002539794  
1868  -37.79113309450017  
1869  -37.79113326725351  
1870  -37.79113337375556  
1871  -37.791133447782336  
1872  -37.7911337521744  
1873  -37.79113384304437  
1874  -37.791133958778104  
1875  -37.791134079116944  
1876  -37.79113424851654  
1877  -37.791134445669  
1878  -37.7911345801753  
1879  -37.791134720065436  
1880  -37.7911348650037  
1881  -37.79113501841605  
1882  -37.79113514942371  
1883  -37.79113532510004  
1884  -37.791135477907645  
1885  -37.79113560577472  
1886  -37.79113573989663  
1887  -37.791135939155545  
1888  -37.79113604674018  
1889  -37.79113619111268  
1890  -37.7911363103746  
1891  -37.79113647317124  
1892  -37.79113661516515  
1893  -37.79113672423582  
1894  -37.79113676894452  
1895  -37.79113697687803  
1896  -37.79113706765336  
1897  -37.791137178976896  
1898  -37.79113732940224  
1899  -37.79113748882923  
1900  -37.79113762820457  
1901  -37.7911377660715  
1902  -37.79113791492516  
1903  -37.79113800014114  
1904  -37.791138225498884  
1905  -37.791138304354234  
1906  -37.791138451855225  
1907  -37.791138604449195  
1908  -37.791138801316315  
1909  -37.791138921895445  
1910  -37.79113905755607  
1911  -37.791139225491946  
1912  -37.7911394048581  
1913  -37.7911395446752  
1914  -37.791139706144264  
1915  -37.79113982357112  
1916  -37.79113998211155  
1917  -37.79114011174236  
1918  -37.79114030880642  
1919  -37.791140385687044  
1920  -37.79114056698724  
1921  -37.791140610182985  
1922  -37.79114077487054  
1923  -37.791140872383295  
1924  -37.7911410060598  
1925  -37.79114118480673  
1926  -37.79114107561296  
1927  -37.791141304037254  
1928  -37.791141533542124  
1929  -37.79114171838542  
1930  -37.79114189852912  
1931  -37.79114201887478  
1932  -37.79114216557118  
1933  -37.79114235092534  
1934  -37.791142486659666  
1935  -37.791142593560316  
1936  -37.79114282925293  
1937  -37.791142934098815  
1938  -37.7911430704637  
1939  -37.791143207947584  
1940  -37.79114337467859  
1941  -37.79114350211822  
1942  -37.7911436394925  
1943  -37.79114377641813  
1944  -37.79114393104457  
1945  -37.79114408807334  
1946  -37.791144271765845  
1947  -37.79114434678329  
1948  -37.791144578491064  
1949  -37.79114455469691  
1950  -37.79114467562453  
1951  -37.791144801551496  
1952  -37.791144981471724  
1953  -37.79114504937516  
1954  -37.79114518931162  
1955  -37.79114529241108  
1956  -37.79114540958245  
1957  -37.791145627952105  
1958  -37.79114548909161  
1959  -37.79114574593556  
1960  -37.791145973511156  
1961  -37.79114612759438  
1962  -37.79114629216764  
1963  -37.79114643604334  
1964  -37.79114656380826  
1965  -37.79114674673497  
1966  -37.791146884150706  
1967  -37.7911470274725  
1968  -37.79114718590335  
1969  -37.791147280333625  
1970  -37.791147473808486  
1971  -37.79114765824514  
1972  -37.79114784352697  
1973  -37.79114797582168  
1974  -37.79114810789138  
1975  -37.79114832317201  
1976  -37.791148459688635  
1977  -37.791148661230125  
1978  -37.7911488136168  
1979  -37.79114895156108  
1980  -37.7911491228448  
1981  -37.791149266865425  
1982  -37.79114943640252  
1983  -37.791149582280575  
1984  -37.79114968777665  
1985  -37.79114980650456  
1986  -37.79114994661573  
1987  -37.791150088866026  
1988  -37.79115021255556  
1989  -37.79115032752633  
1990  -37.79115045692756  
1991  -37.791150552807544  
1992  -37.79115066447087  
1993  -37.791150845986124  
1994  -37.79115092500617  
1995  -37.791151056145694  
1996  -37.79115106897989  
1997  -37.791151149860305  
1998  -37.791151270663214  
1999  -37.79115142703002  
2000  -37.7911515420911  
2001  -37.79115167693609  
2002  -37.79115180051725  
2003  -37.791151944563644  
2004  -37.79115205129247  
2005  -37.79115214716089  
2006  -37.79115230842664  
2007  -37.79115239981724  
2008  -37.79115247347639  
2009  -37.79115266473418  
2010  -37.791152758857045  
2011  -37.791152885693805  
2012  -37.79115297890293  
2013  -37.79115313483428  
2014  -37.79115321197889  
2015  -37.791153364973155  
2016  -37.79115339667543  
2017  -37.7911535640118  
2018  -37.791153651120716  
2019  -37.791153758970054  
2020  -37.79115389017546  
2021  -37.79115370603928  
2022  -37.79115397130854  
2023  -37.791154138124384  
2024  -37.791154272750305  
2025  -37.791154385785276  
2026  -37.79115447860112  
2027  -37.791154551268946  
2028  -37.79115468966838  
2029  -37.791154796307325  
2030  -37.791154907260704  
2031  -37.79115505680498  
2032  -37.79115516127993  
2033  -37.791155243835966  
2034  -37.79115542363743  
2035  -37.79115551645024  
2036  -37.79115560424875  
2037  -37.79115572789027  
2038  -37.79115582416429  
2039  -37.79115586358304  
2040  -37.79115604523329  
2041  -37.79115612095514  
2042  -37.79115622403041  
2043  -37.79115635386885  
2044  -37.791156495972665  
2045  -37.791156591315485  
2046  -37.79115669493046  
2047  -37.791156787789795  
2048  -37.79115692629799  
2049  -37.79115705608544  
2050  -37.7911572071671  
2051  -37.79115726225802  
2052  -37.79115744162527  
2053  -37.79115751572524  
2054  -37.79115764104795  
2055  -37.79115770932694  
2056  -37.791157812346384  
2057  -37.791157915072525  
2058  -37.79115804646636  
2059  -37.79115813129136  
2060  -37.79115824719762  
2061  -37.7911583423454  
2062  -37.79115845841787  
2063  -37.79115859942789  
2064  -37.791158681345  
2065  -37.79115875184217  
2066  -37.791158971713344  
2067  -37.791159047337224  
2068  -37.79115916470839  
2069  -37.7911592481049  
2070  -37.791159408610724  
2071  -37.79115949850588  
2072  -37.79115957061193  
2073  -37.79115969044753  
2074  -37.791159806084835  
2075  -37.791159909096415  
2076  -37.79115998892279  
2077  -37.791160073633016  
2078  -37.791160169404925  
2079  -37.791160327920856  
2080  -37.79116039416488  
2081  -37.79116048488127  
2082  -37.79116060474502  
2083  -37.791160724491455  
2084  -37.791160817426686  
2085  -37.791160947158495  
2086  -37.79116102870308  
2087  -37.791161120477625  
2088  -37.79116125521322  
2089  -37.791161329898785  
2090  -37.79116143988387  
2091  -37.79116146115652  
2092  -37.79116168111256  
2093  -37.79116173526953  
2094  -37.79116184917912  
2095  -37.79116197060821  
2096  -37.791161997147235  
2097  -37.791162206844525  
2098  -37.79116226984308  
2099  -37.79116238404034  
2100  -37.79116249707063  
2101  -37.79116263406352  
2102  -37.79116271066406  
2103  -37.79116280476256  
2104  -37.79116287402745  
2105  -37.79116297268862  
2106  -37.791163092821435  
2107  -37.791163173480015  
2108  -37.79116324665316  
2109  -37.79116342521466  
2110  -37.79116348733936  
2111  -37.79116357991679  
2112  -37.79116370129081  
2113  -37.791163831146044  
2114  -37.79116391584398  
2115  -37.79116401830776  
2116  -37.79116409341975  
2117  -37.79116417421064  
2118  -37.79116433677683  
2119  -37.79116439691899  
2120  -37.79116447122527  
2121  -37.791164550642506  
2122  -37.79116462921103  
2123  -37.79116471082445  
2124  -37.79116482949798  
2125  -37.79116490525732  
2126  -37.79116498697836  
2127  -37.791165089368114  
2128  -37.79116520941985  
2129  -37.791165297248156  
2130  -37.7911654020168  
2131  -37.791165486585975  
2132  -37.79116556986755  
2133  -37.79116573172697  
2134  -37.79116579426933  
2135  -37.79116586091684  
2136  -37.791165950266034  
2137  -37.79116603283943  
2138  -37.79116616959975  
2139  -37.79116625687669  
2140  -37.7911663413819  
2141  -37.79116639155681  
2142  -37.79116646366774  
2143  -37.79116656920275  
2144  -37.79116668633592  
2145  -37.791166751788964  
2146  -37.791166830964286  
2147  -37.79116689334699  
2148  -37.7911669725442  
2149  -37.79116711801546  
2150  -37.79116714193846  
2151  -37.79116725108855  
2152  -37.79116730996816  
2153  -37.791167389958005  
2154  -37.79116749136405  
2155  -37.79116737319331  
2156  -37.79116755258242  
2157  -37.791167652847186  
2158  -37.79116771991815  
2159  -37.791167821448504  
2160  -37.79116788257581  
2161  -37.79116797674398  
2162  -37.7911680445623  
2163  -37.791168101552564  
2164  -37.791168209056984  
2165  -37.79116830925603  
2166  -37.79116837698351  
2167  -37.791168465680116  
2168  -37.79116852472148  
2169  -37.79116859800203  
2170  -37.79116869544784  
2171  -37.7911687463264  
2172  -37.79116880653068  
2173  -37.7911689509485  
2174  -37.791169006774965  
2175  -37.7911690710697  
2176  -37.79116913405382  
2177  -37.791169207649844  
2178  -37.79116931227255  
2179  -37.791169140162395  
2180  -37.791169368217375  
2181  -37.79116948388346  
2182  -37.791169569639365  
2183  -37.79116968175127  
2184  -37.791169734188635  
2185  -37.791169818673346  
2186  -37.791169881493715  
2187  -37.79116993665746  
2188  -37.791170035722516  
2189  -37.791170116835886  
2190  -37.79117018640825  
2191  -37.79117025104109  
2192  -37.79117031314538  
2193  -37.791170371034546  
2194  -37.7911704770811  
2195  -37.79117051899114  
2196  -37.79117059118616  
2197  -37.79117068265144  
2198  -37.791170768350945  
2199  -37.79117082222763  
2200  -37.791170902746586  
2201  -37.79117096043228  
2202  -37.79117103228994  
2203  -37.7911711441857  
2204  -37.79117117078516  
2205  -37.79117122518401  
2206  -37.791171287177434  
2207  -37.791171353936534  
2208  -37.79117144284054  
2209  -37.79117133995483  
2210  -37.791171498429016  
2211  -37.791171607420466  
2212  -37.79117168148866  
2213  -37.79117175169929  
2214  -37.79117181535692  
2215  -37.79117191077784  
2216  -37.79117198472636  
2217  -37.79117204772492  
2218  -37.79117213866336  
2219  -37.79117220021163  
2220  -37.791172266177085  
2221  -37.79117236732322  
2222  -37.79117242415891  
2223  -37.791172475108844  
2224  -37.79117258523247  
2225  -37.791172630912364  
2226  -37.791172680850536  
2227  -37.79117279105761  
2228  -37.79117284369551  
2229  -37.79117288811712  
2230  -37.791173000271705  
2231  -37.791173038538815  
2232  -37.79117307973123  
2233  -37.79117318437802  
2234  -37.79117323156652  
2235  -37.791173342017956  
2236  -37.79117341031401  
2237  -37.79117346102297  
2238  -37.79117354864012  
2239  -37.7911736079244  
2240  -37.7911736911631  
2241  -37.79117373083249  
2242  -37.79117382564996  
2243  -37.79117387206929  
2244  -37.7911739326292  
2245  -37.791174006554  
2246  -37.791174091735755  
2247  -37.79117414872544  
2248  -37.79117423054138  
2249  -37.79117428740134  
2250  -37.791174354449  
2251  -37.79117444697329  
2252  -37.791174494404466  
2253  -37.79117459733923  
2254  -37.79117464997077  
2255  -37.79117473938443  
2256  -37.791174796822816  
2257  -37.79117485173411  
2258  -37.79117495805429  
2259  -37.79117500439447  
2260  -37.791175104489376  
2261  -37.79117515605187  
2262  -37.79117522614664  
2263  -37.791175301354215  
2264  -37.791175401156984  
2265  -37.791175459807604  
2266  -37.79117552945761  
2267  -37.79117558664932  
2268  -37.79117566087642  
2269  -37.791175741294985  
2270  -37.791175795748885  
2271  -37.791175869705974  
2272  -37.79117595599153  
2273  -37.7911760401928  
2274  -37.7911761082899  
2275  -37.79117607768217  
2276  -37.79117617111397  
2277  -37.791176258090616  
2278  -37.791176320359284  
2279  -37.79117638275976  
2280  -37.79117641753648  
2281  -37.79117649603894  
2282  -37.79117654710343  
2283  -37.791176595635264  
2284  -37.791176681536456  
2285  -37.79117673940966  
2286  -37.79117681449723  
2287  -37.79117685354236  
2288  -37.79117690851898  
2289  -37.79117694963196  
2290  -37.79117704821783  
2291  -37.79117709039179  
2292  -37.79117713162077  
2293  -37.79117719873681  
2294  -37.79117722842363  
2295  -37.79117731447235  
2296  -37.7911773491991  
2297  -37.79117740233274  
2298  -37.79117746658559  
2299  -37.791177541585355  
2300  -37.791177586860485  
2301  -37.791177640756004  
2302  -37.79117768197162  
2303  -37.791177736440865  
2304  -37.791177793650654  
2305  -37.79117783582259  
2306  -37.79117788977079  
2307  -37.791177942534006  
2308  -37.79117800343643  
2309  -37.79117804454098  
2310  -37.791178092583024  
2311  -37.791178162832644  
2312  -37.791178191489635  
2313  -37.791178227388244  
2314  -37.791178289094404  
2315  -37.791178326727845  
2316  -37.79117836196886  
2317  -37.791178415811075  
2318  -37.791178443822346  
2319  -37.79117848172842  
2320  -37.79117853294753  
2321  -37.79117859148672  
2322  -37.791178629900486  
2323  -37.79117867387687  
2324  -37.791178712925316  
2325  -37.79117876258549  
2326  -37.791178816999185  
2327  -37.79117886895162  
2328  -37.791178903600354  
2329  -37.79117897511567  
2330  -37.79117899156022  
2331  -37.79117905071815  
2332  -37.79117908929539  
2333  -37.791179134912475  
2334  -37.791179197149916  
2335  -37.79117902947447  
2336  -37.79117923382032  
2337  -37.79117930567789  
2338  -37.791179353257846  
2339  -37.791179401342276  
2340  -37.79117944806548  
2341  -37.79117949901739  
2342  -37.79117955389629  
2343  -37.791179603954944  
2344  -37.791179646549274  
2345  -37.791179710446265  
2346  -37.79117974882223  
2347  -37.791179790739484  
2348  -37.79117985589058  
2349  -37.79117988892353  
2350  -37.79117992223246  
2351  -37.79118001510268  
2352  -37.791180038063345  
2353  -37.79118007315304  
2354  -37.79118011513586  
2355  -37.791180157619266  
2356  -37.791180210842874  
2357  -37.79118024485708  
2358  -37.79118030462014  
2359  -37.791180332342904  
2360  -37.79118037696647  
2361  -37.791180424244864  
2362  -37.79118049365434  
2363  -37.791180528558186  
2364  -37.791180572100174  
2365  -37.79118062022126  
2366  -37.79118068167855  
2367  -37.791180730550515  
2368  -37.791180769587996  
2369  -37.791180809841556  
2370  -37.791180840038024  
2371  -37.7911808907038  
2372  -37.79118093436137  
2373  -37.7911809877242  
2374  -37.791181031593595  
2375  -37.791181067685976  
2376  -37.79118111207257  
2377  -37.79118116564266  
2378  -37.791181204801234  
2379  -37.79118124627923  
2380  -37.791181279488384  
2381  -37.79118132686258  
2382  -37.79118138356224  
2383  -37.79118144156989  
2384  -37.791181478381475  
2385  -37.79118152940953  
2386  -37.79118157099365  
2387  -37.791181616321  
2388  -37.79118167827969  
2389  -37.79118170935237  
2390  -37.791181737952094  
2391  -37.79118181336634  
2392  -37.791181828491084  
2393  -37.79118187806139  
2394  -37.7911819008502  
2395  -37.7911819458208  
2396  -37.79118198453046  
2397  -37.79118201128382  
2398  -37.79118210956327  
2399  -37.791182136335216  
2400  -37.791182167071874  
2401  -37.79118221294393  
2402  -37.79118221754611  
2403  -37.79118225279642  
2404  -37.79118229828238  
2405  -37.791182324867265  
2406  -37.791182359959876  
2407  -37.791182399044054  
2408  -37.79118243820217  
2409  -37.79118247396105  
2410  -37.79118250721107  
2411  -37.7911825338229  
2412  -37.79118257432414  
2413  -37.79118260664143  
2414  -37.79118264667288  
2415  -37.79118268594966  
2416  -37.791182719718144  
2417  -37.79118275242867  
2418  -37.791182787959755  
2419  -37.791182826137785  
2420  -37.79118285505661  
2421  -37.79118288734326  
2422  -37.791182925726005  
2423  -37.791182957687134  
2424  -37.79118299000652  
2425  -37.79118297822131  
2426  -37.791183016621524  
2427  -37.79118305691375  
2428  -37.79118309225811  
2429  -37.79118312270087  
2430  -37.79118315437574  
2431  -37.791183189433866  
2432  -37.791183224032224  
2433  -37.79118325932507  
2434  -37.79118329271491  
2435  -37.79118334177491  
2436  -37.79118338338941  
2437  -37.7911834049824  
2438  -37.791183451983215  
2439  -37.791183465021604  
2440  -37.791183494667294  
2441  -37.7911835219901  
2442  -37.79118354881079  
2443  -37.791183593003595  
2444  -37.79118348709539  
2445  -37.79118361437896  
2446  -37.79118365153322  
2447  -37.791183677792816  
2448  -37.79118372046028  
2449  -37.79118375812097  
2450  -37.791183783523145  
2451  -37.791183817456776  
2452  -37.79118383881961  
2453  -37.791183865774386  
2454  -37.791183900589566  
2455  -37.79118393943859  
2456  -37.79118395242298  
2457  -37.791183979899046  
2458  -37.79118401466974  
2459  -37.791184028392365  
2460  -37.791184064882195  
2461  -37.79118408456817  
2462  -37.791184109320774  
2463  -37.791184144124436  
2464  -37.79118417587812  
2465  -37.79118420478037  
2466  -37.791184230643694  
2467  -37.791184252203266  
2468  -37.791184290314405  
2469  -37.79118432245396  
2470  -37.791184353357735  
2471  -37.791184376817014  
2472  -37.79118440557755  
2473  -37.791184437929026  
2474  -37.791184466082576  
2475  -37.79118449772165  
2476  -37.791184524198876  
2477  -37.79118455258482  
2478  -37.7911845854751  
2479  -37.79118460844574  
2480  -37.79118462919485  
2481  -37.79118466440793  
2482  -37.79118468689484  
2483  -37.79118472010354  
2484  -37.79118473915155  
2485  -37.791184789381894  
2486  -37.79118480489873  
2487  -37.791184835091954  
2488  -37.79118486935046  
2489  -37.79118491062914  
2490  -37.79118494278019  
2491  -37.79118497519387  
2492  -37.79118500283731  
2493  -37.79118503601331  
2494  -37.791185078770766  
2495  -37.79118510264753  
2496  -37.79118513019664  
2497  -37.79118516329473  
2498  -37.79118518898955  
2499  -37.79118522241005  
2500  -37.79118526617536  
2501  -37.791185287112974  
2502  -37.79118531372522  
2503  -37.79118534493756  
2504  -37.79118538534334  
2505  -37.791185426851854  
2506  -37.79118545188636  
2507  -37.79118547249244  
2508  -37.79118551982678  
2509  -37.79118553711894  
2510  -37.79118556276973  
2511  -37.79118558847306  
2512  -37.7911856101214  
2513  -37.79118565280074  
2514  -37.79118563655898  
2515  -37.791185681103656  
2516  -37.79118571651058  
2517  -37.79118574504698  
2518  -37.79118577394576  
2519  -37.79118580952982  
2520  -37.79118584469619  
2521  -37.79118587833347  
2522  -37.79118591218342  
2523  -37.79118593442729  
2524  -37.79118598109469  
2525  -37.79118599536583  
2526  -37.79118603025902  
2527  -37.79118605756742  
2528  -37.791186085175646  
2529  -37.79118612915059  
2530  -37.791186060294905  
2531  -37.791186154172514  
2532  -37.791186197477295  
2533  -37.79118622619465  
2534  -37.79118626104009  
2535  -37.791186289992766  
2536  -37.791186317668455  
2537  -37.7911863572787  
2538  -37.791186379489744  
2539  -37.79118641843907  
2540  -37.79118645299524  
2541  -37.79118649164543  
2542  -37.79118652008107  
2543  -37.791186550319296  
2544  -37.791186580554516  
2545  -37.79118660885345  
2546  -37.7911866495325  
2547  -37.79118667570533  
2548  -37.791186700244985  
2549  -37.7911867385598  
2550  -37.791186761181386  
2551  -37.79118677739884  
2552  -37.791186826843195  
2553  -37.79118684969219  
2554  -37.791186880125544  
2555  -37.79118691037561  
2556  -37.791186948676646  
2557  -37.79118696454328  
2558  -37.79118700878538  
2559  -37.791187017428285  
2560  -37.79118705028862  
2561  -37.791187065092736  
2562  -37.79118709157659  
2563  -37.7911871256359  
2564  -37.7911870641601  
2565  -37.79118714165393  
2566  -37.79118717245496  
2567  -37.7911871959052  
2568  -37.79118723084343  
2569  -37.79118724933461  
2570  -37.79118727994361  
2571  -37.79118730176953  
2572  -37.791187317638105  
2573  -37.79118735201306  
2574  -37.791187363482784  
2575  -37.79118741176219  
2576  -37.791187430376525  
2577  -37.79118745276833  
2578  -37.79118748619931  
2579  -37.79118752156019  
2580  -37.79118754473168  
2581  -37.7911875759397  
2582  -37.79118759387061  
2583  -37.7911876162755  
2584  -37.79118764242027  
2585  -37.79118765884749  
2586  -37.79118769707674  
2587  -37.79118772505704  
2588  -37.79118774884316  
2589  -37.791187769290815  
2590  -37.79118778690754  
2591  -37.79118781873271  
2592  -37.79118784960019  
2593  -37.79118786716613  
2594  -37.79118789315811  
2595  -37.791187913102895  
2596  -37.79118794073374  
2597  -37.791187969646984  
2598  -37.79118799535108  
2599  -37.79118801997257  
2600  -37.79118805432091  
2601  -37.79118808034668  
2602  -37.79118810017445  
2603  -37.791188135980505  
2604  -37.79118816170493  
2605  -37.79118819315977  
2606  -37.79118822941708  
2607  -37.79118825625797  
2608  -37.791188277287766  
2609  -37.791188310164905  
2610  -37.79118832583045  
2611  -37.79118834668418  
2612  -37.79118838608909  
2613  -37.79118840670825  
2614  -37.79118843612397  
2615  -37.79118846278796  
2616  -37.79118849092853  
2617  -37.79118851260526  
2618  -37.79118853561671  
2619  -37.79118856767542  
2620  -37.79118858782482  
2621  -37.79118860817908  
2622  -37.79118864194774  
2623  -37.79118866166799  
2624  -37.791188675428444  
2625  -37.79118870512959  
2626  -37.7911887219488  
2627  -37.791188748264396  
2628  -37.79118876904246  
2629  -37.791188791289144  
2630  -37.79118881479349  
2631  -37.791188832760874  
2632  -37.79118885324554  
2633  -37.79118887306615  
2634  -37.791188893589215  
2635  -37.79118891596398  
2636  -37.79118893414704  
2637  -37.791188952799146  
2638  -37.79118897117369  
2639  -37.79118899834195  
2640  -37.79118901823106  
2641  -37.79118903919803  
2642  -37.79118905489612  
2643  -37.7911890733153  
2644  -37.79118909036568  
2645  -37.791189118288365  
2646  -37.79118913539181  
2647  -37.791189154041675  
2648  -37.79118916339655  
2649  -37.791189185033076  
2650  -37.791189199368574  
2651  -37.791189213405126  
2652  -37.7911892380981  
2653  -37.79118919920972  
2654  -37.79118924956206  
2655  -37.79118926881921  
2656  -37.791189283808215  
2657  -37.79118930835801  
2658  -37.79118932336316  
2659  -37.79118934168666  
2660  -37.791189357532836  
2661  -37.791189370649505  
2662  -37.79118939420536  
2663  -37.79118941223954  
2664  -37.79118942636958  
2665  -37.79118944070408  
2666  -37.791189452632416  
2667  -37.79118946631876  
2668  -37.79118949369855  
2669  -37.79118950428467  
2670  -37.79118952022064  
2671  -37.79118953931105  
2672  -37.7911895514725  
2673  -37.79118957591527  
2674  -37.79118958567754  
2675  -37.7911895981054  
2676  -37.7911896172647  
2677  -37.79118962204155  
