0  -37.72141101162207  
1  -35.8403121386489  
2  -38.556138068189135  
3  -38.6269460969851  
4  -38.651183719371055  
5  -38.68298851467196  
6  -38.71298096919268  
7  -38.73809045326268  
8  -38.74925182218557  
9  -38.75734480368474  
10  -38.76127726513895  
11  -38.764972248933056  
12  -38.767192120975956  
13  -38.770718916153356  
14  -38.774361843285305  
15  -38.77839059420766  
16  -38.78068235743698  
17  -38.78410725650057  
18  -38.78803947503971  
19  -38.79293655239946  
20  -38.797160343711  
21  -38.8006118710139  
22  -38.80329019892213  
23  -38.80773274335  
24  -38.812217201813525  
25  -38.815701996688674  
26  -38.81992029419423  
27  -38.822308736060194  
28  -38.82498622925334  
29  -38.82822113806588  
30  -38.8306624721763  
31  -38.83162281031132  
32  -38.83638885468472  
33  -38.83752382961114  
34  -38.83974712161514  
35  -38.84225077638631  
36  -38.844931729874816  
37  -38.84697718279148  
38  -38.84923460672577  
39  -38.850894040843585  
40  -38.85276749583452  
41  -38.85557301190083  
42  -38.85709849359556  
43  -38.8585560505088  
44  -38.86099753736747  
45  -38.862258681675584  
46  -38.86392156469565  
47  -38.865594044464544  
48  -38.86744636451373  
49  -38.868177846156215  
50  -38.869866586980564  
51  -38.86975570303418  
52  -38.87077835370819  
53  -38.871923625301726  
54  -38.87330706761095  
55  -38.87419005128432  
56  -38.87515307155101  
57  -38.87659635732569  
58  -38.87734576197407  
59  -38.87808251943096  
60  -38.87913177261837  
61  -38.880054900926325  
62  -38.881393361880015  
63  -38.88283356407481  
64  -38.88363415470693  
65  -38.88483142847072  
66  -38.88564610130178  
67  -38.88664443845531  
68  -38.88773395634524  
69  -38.88829800665197  
70  -38.88929504807452  
71  -38.890051111163366  
72  -38.89069113787833  
73  -38.891320729659974  
74  -38.89179954215086  
75  -38.892386058337514  
76  -38.89300980761023  
77  -38.893479982564  
78  -38.893892021217496  
79  -38.894351063416366  
80  -38.89474383858503  
81  -38.895201607794974  
82  -38.89555778735724  
83  -38.89587169637763  
84  -38.896156156833406  
85  -38.8965366887893  
86  -38.89678492952093  
87  -38.897010343992626  
88  -38.89728665165211  
89  -38.897519663815395  
90  -38.89781217200716  
91  -38.89805236586191  
92  -38.898277261020745  
93  -38.898481791172834  
94  -38.89871516776482  
95  -38.8989222276931  
96  -38.89914712149453  
97  -38.89934178538808  
98  -38.89954819405579  
99  -38.89976657628874  
100  -38.89994217263447  
101  -38.9001660934256  
102  -38.90037040524507  
103  -38.90055093754744  
104  -38.90067810409044  
105  -38.900925608460305  
106  -38.90106342414639  
107  -38.90119834719314  
108  -38.901333076221576  
109  -38.90145944784506  
110  -38.90157941911473  
111  -38.90179338823445  
112  -38.9018960641538  
113  -38.902020795282844  
114  -38.902172228094585  
115  -38.90233897666698  
116  -38.902466427884214  
117  -38.90262767755934  
118  -38.90271697250586  
119  -38.902821555889716  
120  -38.90298122933178  
121  -38.90306625587314  
122  -38.903239185882505  
123  -38.90333495781634  
124  -38.90345519324831  
125  -38.90357031720938  
126  -38.90366401960707  
127  -38.90378457522046  
128  -38.90393348514215  
129  -38.904023180464215  
130  -38.90415104842576  
131  -38.9042256737094  
132  -38.904334597505105  
133  -38.90445699813416  
134  -38.90454302432675  
135  -38.90472169219882  
136  -38.90485062248105  
137  -38.90494794681571  
138  -38.905037188149834  
139  -38.905129307160436  
140  -38.90526345700593  
141  -38.90538175765033  
142  -38.905481549600196  
143  -38.90556944280307  
144  -38.90567459810536  
145  -38.90578006246846  
146  -38.90587837262248  
147  -38.905968712128995  
148  -38.9060746437849  
149  -38.906179131269354  
150  -38.906281392185164  
151  -38.90636747226494  
152  -38.906474698573064  
153  -38.90654724207632  
154  -38.90663851723508  
155  -38.90676610348386  
156  -38.906835570967516  
157  -38.906943223866996  
158  -38.907034264112106  
159  -38.907134660289046  
160  -38.907223170002226  
161  -38.90731484853502  
162  -38.90740135394876  
163  -38.90747435662768  
164  -38.90757273676165  
165  -38.90765637417712  
166  -38.90773799302902  
167  -38.907837244140815  
168  -38.90792367971125  
169  -38.90800001777402  
170  -38.90808134185975  
171  -38.90814613122722  
172  -38.90826479981277  
173  -38.90834184451905  
174  -38.90842421463303  
175  -38.908489515871274  
176  -38.9085648607292  
177  -38.90864166410666  
178  -38.908712842659924  
179  -38.908779435108116  
180  -38.908843322341276  
181  -38.908915432787424  
182  -38.908989187303135  
183  -38.90904209838213  
184  -38.90910746933283  
185  -38.909159648943536  
186  -38.90922430593912  
187  -38.90927101436935  
188  -38.909325673385496  
189  -38.90936438587347  
190  -38.90944524051801  
191  -38.909480770091434  
192  -38.90952475387411  
193  -38.909589766834415  
194  -38.90963972191108  
195  -38.90969606545187  
196  -38.909731949164424  
197  -38.909776245368604  
198  -38.90980975052767  
199  -38.90988245193588  
200  -38.90991357063775  
201  -38.90995252938775  
202  -38.91001090403457  
203  -38.90997253417505  
204  -38.91004566900422  
205  -38.910103879654194  
206  -38.910148465732455  
207  -38.91019972078998  
208  -38.91024009020502  
209  -38.91028401443446  
210  -38.91033567854036  
211  -38.91037078512863  
212  -38.910421196570205  
213  -38.91046657853363  
214  -38.910500672426195  
215  -38.910539431203425  
216  -38.91057503558587  
217  -38.91061204278803  
218  -38.91064334144255  
219  -38.910673165570884  
220  -38.91070092328943  
221  -38.910746437418105  
222  -38.910767655590725  
223  -38.91080019794374  
224  -38.91083430696073  
225  -38.91087437731858  
226  -38.910901536983026  
227  -38.910936477014104  
228  -38.91096346941436  
229  -38.91099706105602  
230  -38.91102878125365  
231  -38.9110535256123  
232  -38.911082223612375  
233  -38.91113096078058  
234  -38.91115210645368  
235  -38.911184005259166  
236  -38.91121578735549  
237  -38.91125526561918  
238  -38.91128687991066  
239  -38.911315904656114  
240  -38.911350311676905  
241  -38.91138967866599  
242  -38.91142540929827  
243  -38.91145948329324  
244  -38.91148919831776  
245  -38.91153055691516  
246  -38.91156017614606  
247  -38.9115920349008  
248  -38.91162990148111  
249  -38.91167379938881  
250  -38.91169980552187  
251  -38.911739609277916  
252  -38.911765265713406  
253  -38.91180168686577  
254  -38.911836590643155  
255  -38.91186122957966  
256  -38.91190821315267  
257  -38.91194873774371  
258  -38.9119777142826  
259  -38.91202254115569  
260  -38.91204896592816  
261  -38.912083340480784  
262  -38.912124500879756  
263  -38.91215052292286  
264  -38.91219526135581  
265  -38.91223734317354  
266  -38.912278427339466  
267  -38.91230381287743  
268  -38.91233762594458  
269  -38.912368364675764  
270  -38.91241295867398  
271  -38.91244975088984  
272  -38.91247586078027  
273  -38.91250749584556  
274  -38.91254716040434  
275  -38.91258096068259  
276  -38.91262164045999  
277  -38.91263982009767  
278  -38.91268837539547  
279  -38.91271252323075  
280  -38.91273755493618  
281  -38.91277705246864  
282  -38.91278117729125  
283  -38.91280714783187  
284  -38.91284422757285  
285  -38.91287008880806  
286  -38.91290366411923  
287  -38.91292861046475  
288  -38.91296192134264  
289  -38.91298977426736  
290  -38.91301244455015  
291  -38.91304893124036  
292  -38.913076807196816  
293  -38.91310158372765  
294  -38.91312854160185  
295  -38.91314892292078  
296  -38.91318015227044  
297  -38.91320531820962  
298  -38.91322853376029  
299  -38.91325525398034  
300  -38.91327328179362  
301  -38.91330346999295  
302  -38.91332086367373  
303  -38.9133417600739  
304  -38.913377074835225  
305  -38.913385856977506  
306  -38.913425220376915  
307  -38.91343889047027  
308  -38.91346262320837  
309  -38.913481971747075  
310  -38.91350939109423  
311  -38.91352973466957  
312  -38.913552376748584  
313  -38.91357680534704  
314  -38.913605569771164  
315  -38.9136264096584  
316  -38.9136534736671  
317  -38.913678788162464  
318  -38.91370375408704  
319  -38.913738891016045  
320  -38.91375631461884  
321  -38.91377812785546  
322  -38.91381657658035  
323  -38.91383706430535  
324  -38.91383956101993  
325  -38.913863826191694  
326  -38.91390550908113  
327  -38.91393427573136  
328  -38.91396515172489  
329  -38.91399397491601  
330  -38.914023116013276  
331  -38.91406889616902  
332  -38.91409940599401  
333  -38.914119600585074  
334  -38.914178132468514  
335  -38.91420249621021  
336  -38.91423294949029  
337  -38.91428512187546  
338  -38.91431436929965  
339  -38.91436012229816  
340  -38.91442389978196  
341  -38.91445249937616  
342  -38.91449484841821  
343  -38.9145211318521  
344  -38.914581630712945  
345  -38.91461598509761  
346  -38.91465001629553  
347  -38.914698840181096  
348  -38.91472471889857  
349  -38.91478904608383  
350  -38.91481807876198  
351  -38.91485929127972  
352  -38.91491038943559  
353  -38.91496047485295  
354  -38.914994665313905  
355  -38.91504527310313  
356  -38.91507315908043  
357  -38.91510745865487  
358  -38.915159342121186  
359  -38.91517618589457  
360  -38.91520664443257  
361  -38.91523569372231  
362  -38.915261597897945  
363  -38.915303175942725  
364  -38.91528616039969  
365  -38.91532846512911  
366  -38.91535789362149  
367  -38.91538281607672  
368  -38.915416106436936  
369  -38.9154423190526  
370  -38.915463796466  
371  -38.91548552468209  
372  -38.915502804807055  
373  -38.915532617635286  
374  -38.91556550968082  
375  -38.91558112562584  
376  -38.915603166685734  
377  -38.915622632083654  
378  -38.91564754453089  
379  -38.91567123660883  
380  -38.91569042330523  
381  -38.91570446281808  
382  -38.915728073934744  
383  -38.91575300205548  
384  -38.915764374345756  
385  -38.915785967540096  
386  -38.9157946407474  
387  -38.91581262440941  
388  -38.915827734981555  
389  -38.915838900035986  
390  -38.91586114869557  
391  -38.91586362153768  
392  -38.91588374756977  
393  -38.91588995030467  
394  -38.91590564666277  
395  -38.91592022651067  
396  -38.91593335470189  
397  -38.91594402670755  
398  -38.91595779233135  
399  -38.91596699273838  
400  -38.915979619126276  
401  -38.91599119196148  
402  -38.915998583056485  
403  -38.916007782272025  
404  -38.916013254440195  
405  -38.916026712740646  
406  -38.91603283115173  
407  -38.916038522697775  
408  -38.916047245234154  
409  -38.91605271080832  
410  -38.916063899715326  
411  -38.91606815347079  
412  -38.91607473299826  
413  -38.91607940804836  
414  -38.91608961285789  
415  -38.91609452810465  
416  -38.916100083790106  
417  -38.91610659884107  
418  -38.91611415118019  
419  -38.91611960584356  
420  -38.91612641403926  
421  -38.9161322884931  
422  -38.9161369459825  
423  -38.91614494492031  
424  -38.91614713414216  
425  -38.91615404320225  
426  -38.91615895769264  
427  -38.91616322043384  
428  -38.91616997686409  
429  -38.916167014155526  
430  -38.916175197296106  
431  -38.91618467456658  
432  -38.91618969563512  
433  -38.91619561988109  
434  -38.91620097157675  
435  -38.916205130618565  
436  -38.916211890205346  
437  -38.91621594110924  
438  -38.916219716119606  
439  -38.91622643010414  
440  -38.91623007740177  
441  -38.91623728187976  
442  -38.91624455340414  
443  -38.91625080378954  
444  -38.916255318220536  
445  -38.91625854270445  
446  -38.91626422643667  
447  -38.91627025950585  
448  -38.9162735616141  
449  -38.91627975067241  
450  -38.91628330056282  
451  -38.91628729190774  
452  -38.91629152871097  
453  -38.916294199077306  
454  -38.916296274736126  
455  -38.91630390926493  
456  -38.916306274264386  
457  -38.916309764385964  
458  -38.91631413453021  
459  -38.91631936183065  
460  -38.916323390710474  
461  -38.91632793095515  
462  -38.91633173679118  
463  -38.916335965844446  
464  -38.91633953252789  
465  -38.91634305822853  
466  -38.916346639878434  
467  -38.91635096125361  
468  -38.916352386470116  
469  -38.91635761141388  
470  -38.9163599964328  
471  -38.916362954799084  
472  -38.91636751930132  
473  -38.91636135315847  
474  -38.91637031883332  
475  -38.91637455565667  
476  -38.916377072728025  
477  -38.9163802152531  
478  -38.91638278509611  
479  -38.916385815491054  
480  -38.91638925882187  
481  -38.916391511691124  
482  -38.916394602705374  
483  -38.916397698391236  
484  -38.91639996167108  
485  -38.916403097608665  
486  -38.91640498860959  
487  -38.916408200981145  
488  -38.916410157200126  
489  -38.91641244917705  
490  -38.91641520288277  
491  -38.91641862719143  
492  -38.91642069108637  
493  -38.91642336719198  
494  -38.91642587733813  
495  -38.91642916599344  
496  -38.91643179843527  
497  -38.91643406947355  
498  -38.916436358958336  
499  -38.91643897851215  
500  -38.916441911906894  
501  -38.916444263263784  
502  -38.91644720407775  
503  -38.916449568544245  
504  -38.91645171908769  
505  -38.916454186354784  
506  -38.916457423491835  
507  -38.916460061270996  
508  -38.916462055488886  
509  -38.91646465388969  
510  -38.916467023517974  
511  -38.916470230469464  
512  -38.916472542114825  
513  -38.91647488891599  
514  -38.91647645337526  
515  -38.91648034290649  
516  -38.91648192936019  
517  -38.91648417105676  
518  -38.916486889409725  
519  -38.91648999178423  
520  -38.916492152226915  
521  -38.916494911414745  
522  -38.91649717759885  
523  -38.91649946156452  
524  -38.916503076489356  
525  -38.91650501279392  
526  -38.91650683344413  
527  -38.91651065186823  
528  -38.916513191459224  
529  -38.916514663659484  
530  -38.91651812344433  
531  -38.91652082572506  
532  -38.91652130340709  
533  -38.91652554728525  
534  -38.916527238794636  
535  -38.91652983756278  
536  -38.91653286675262  
537  -38.91652931349301  
538  -38.91653487247804  
539  -38.916538230444466  
540  -38.9165404565861  
541  -38.916543124438114  
542  -38.91654512290251  
543  -38.91654757381377  
544  -38.91655055577888  
545  -38.916552417813975  
546  -38.91655216319045  
547  -38.91655441075706  
548  -38.916557271935964  
549  -38.91655939958461  
550  -38.916562083113085  
551  -38.91656348749964  
552  -38.916566484299295  
553  -38.916568229675406  
554  -38.91656993669948  
555  -38.916573048313936  
556  -38.916573125293915  
557  -38.916575243798434  
558  -38.916577961518804  
559  -38.91658014112504  
560  -38.916582498806804  
561  -38.916585018701376  
562  -38.916587212025426  
563  -38.916589897218856  
564  -38.916592008670456  
565  -38.916593907946414  
566  -38.9165977055426  
567  -38.916598702466715  
568  -38.91660102189451  
569  -38.916602715850644  
570  -38.916605018503525  
571  -38.91660808752903  
572  -38.916607216313736  
573  -38.9166102565768  
574  -38.916612848631026  
575  -38.91661470250484  
576  -38.91661736105377  
577  -38.916619573795465  
578  -38.916622298751555  
579  -38.91662473042426  
580  -38.91662650544557  
581  -38.91662982937362  
582  -38.91663339969994  
583  -38.916635200228946  
584  -38.9166381841854  
585  -38.916639184043746  
586  -38.916641710895156  
587  -38.916643655604474  
588  -38.91664535807752  
589  -38.91664871510205  
590  -38.91664587805054  
591  -38.916650434950995  
592  -38.91665350645858  
593  -38.916655579572634  
594  -38.916657937032866  
595  -38.91666031362811  
596  -38.9166619600542  
597  -38.91666383808333  
598  -38.91666568163591  
599  -38.91666797406204  
600  -38.91667024953075  
601  -38.91667225668222  
602  -38.916673868601535  
603  -38.91667569069969  
604  -38.91667767253535  
605  -38.91667919176703  
606  -38.91668053255355  
607  -38.91668337281098  
608  -38.91668443010886  
609  -38.91668613167682  
610  -38.91668812503512  
611  -38.91669038070803  
612  -38.91669199186747  
613  -38.91669378130009  
614  -38.91669528070673  
615  -38.91669679980075  
616  -38.91669912577066  
617  -38.916699317129414  
618  -38.9167003035604  
619  -38.91670192735835  
620  -38.916703877900716  
621  -38.916705571666334  
622  -38.916707414363074  
623  -38.91670906597773  
624  -38.916711183805724  
625  -38.91671259366755  
626  -38.91671416426474  
627  -38.91671727590093  
628  -38.91671824000746  
629  -38.916719989055224  
630  -38.916721233814336  
631  -38.916722686203606  
632  -38.916724742415205  
633  -38.916722259496964  
634  -38.91672605823023  
635  -38.916728317793286  
636  -38.916729655863804  
637  -38.91673151344304  
638  -38.916732714032925  
639  -38.916734345911024  
640  -38.916735818951636  
641  -38.91673684175334  
642  -38.916738687037395  
643  -38.9167405767518  
644  -38.91674167343424  
645  -38.916743402510775  
646  -38.916744155869154  
647  -38.91674546460371  
648  -38.91674683091422  
649  -38.916747745902434  
650  -38.916749917679994  
651  -38.9167484446283  
652  -38.91675099142671  
653  -38.91675227203512  
654  -38.916753327090724  
655  -38.91675458665253  
656  -38.91675582334274  
657  -38.9167568977167  
658  -38.91675784951555  
659  -38.916758966014115  
660  -38.916760205463206  
661  -38.91676154030053  
662  -38.91676260651782  
663  -38.91676353360387  
664  -38.91676504652551  
665  -38.91676607502642  
666  -38.916766946986286  
667  -38.916768476248016  
668  -38.916769478359036  
669  -38.9167708891354  
670  -38.91677193560213  
671  -38.91677297711702  
672  -38.91677429790229  
673  -38.91677515298749  
674  -38.91677606427412  
675  -38.91677691504831  
676  -38.916777749967046  
677  -38.91677893945221  
678  -38.91678007128959  
679  -38.9167808423701  
680  -38.91678190014137  
681  -38.91678270032936  
682  -38.91678354886512  
683  -38.916784922231415  
684  -38.916785733169455  
685  -38.916786453835606  
686  -38.91678749201227  
687  -38.91678818191129  
688  -38.916788983915026  
689  -38.91679058415305  
690  -38.916791140875006  
691  -38.91679186319373  
692  -38.916792793093364  
693  -38.91679387247029  
694  -38.916794705853086  
695  -38.916795458584325  
696  -38.91679608545828  
697  -38.91679719153586  
698  -38.916797952370075  
699  -38.91679861550445  
700  -38.91679937887613  
701  -38.91680001864116  
702  -38.9168008249864  
703  -38.916801598688295  
704  -38.916802160289734  
705  -38.916802885663124  
706  -38.916803230867075  
707  -38.916804200290414  
708  -38.916804640681114  
709  -38.916805172313495  
710  -38.916806022405055  
711  -38.91680583805408  
712  -38.916806581145686  
713  -38.916807273290885  
714  -38.9168078366885  
715  -38.916808453885636  
716  -38.916809148010955  
717  -38.91680983784282  
718  -38.91681050335855  
719  -38.916811032750815  
720  -38.916811860331514  
721  -38.91681255098221  
722  -38.91681323695548  
723  -38.916813761352294  
724  -38.91681442360723  
725  -38.916815091626034  
726  -38.91681573079834  
727  -38.91681635385059  
728  -38.91681687945068  
729  -38.916817459118406  
730  -38.91681810298114  
731  -38.91681853447334  
732  -38.9168191361745  
733  -38.91681930568782  
734  -38.91682017704569  
735  -38.916820493680284  
736  -38.91682095832907  
737  -38.91682161318779  
738  -38.916821752422244  
739  -38.91682263716523  
740  -38.916822906657515  
741  -38.91682338524611  
742  -38.91682406562659  
743  -38.91682437762382  
744  -38.916825097610435  
745  -38.91682543184835  
746  -38.916825870904475  
747  -38.91682659404241  
748  -38.91682709717527  
749  -38.91682767469252  
750  -38.91682811742967  
751  -38.916828544034374  
752  -38.91682866819419  
753  -38.91682956027853  
754  -38.91682986966783  
755  -38.91683029173534  
756  -38.91683080233026  
757  -38.91683064806772  
758  -38.916831158087824  
759  -38.916831789139884  
760  -38.916832256909  
761  -38.91683279510634  
762  -38.91683306584384  
763  -38.916833452503006  
764  -38.91683378714426  
765  -38.91683408796808  
766  -38.91683469932882  
767  -38.916834220348626  
768  -38.91683499028193  
769  -38.9168354010712  
770  -38.916835769123466  
771  -38.91683618796936  
772  -38.916836490864355  
773  -38.916836966648866  
774  -38.916837284008274  
775  -38.91683758622138  
776  -38.91683809530594  
777  -38.91683850792341  
778  -38.916838929208375  
779  -38.91683928983233  
780  -38.916839591662914  
781  -38.916839616362296  
782  -38.91683993871607  
783  -38.91684045136125  
784  -38.91684075757176  
785  -38.91684114006399  
786  -38.91684142619868  
787  -38.91684182634745  
788  -38.916842232599166  
789  -38.91684255909782  
790  -38.91684286758074  
791  -38.91684332119267  
792  -38.916843632305955  
793  -38.916843993734005  
794  -38.9168444158262  
795  -38.916844902986824  
796  -38.91684520917646  
797  -38.916845608214814  
798  -38.91684596094698  
799  -38.91684633370693  
800  -38.91684685864577  
801  -38.91684717006375  
802  -38.91684741776824  
803  -38.91684797220161  
804  -38.91684824385492  
805  -38.916848790502215  
806  -38.916849112177665  
807  -38.916849543300586  
808  -38.91684983387502  
809  -38.91685015399  
810  -38.91685040147518  
811  -38.916850945059146  
812  -38.91685119826552  
813  -38.91685148271819  
814  -38.91685188678224  
815  -38.91685231791295  
816  -38.9168527302229  
817  -38.91685304045933  
818  -38.91685336530066  
819  -38.916853830937946  
820  -38.91685429080422  
821  -38.916854627167346  
822  -38.91685492662573  
823  -38.916855271048426  
824  -38.91685577207612  
825  -38.91685604785253  
826  -38.91685644949135  
827  -38.916856491450936  
828  -38.91685674571004  
829  -38.916857195937595  
830  -38.91685762745553  
831  -38.91685803065357  
832  -38.91685845386801  
833  -38.91685887223199  
834  -38.91685930331718  
835  -38.916859658654005  
836  -38.91686002821438  
837  -38.916860580884666  
838  -38.91686101305294  
839  -38.916861342693096  
840  -38.916861852016325  
841  -38.91686223734353  
842  -38.916862850006595  
843  -38.91686333602679  
844  -38.91686386350677  
845  -38.916864353675294  
846  -38.916864813696904  
847  -38.916865319538665  
848  -38.91686571384727  
849  -38.91686628410522  
850  -38.91686676242289  
851  -38.91686731647787  
852  -38.91686784092146  
853  -38.91686830193506  
854  -38.916868723022525  
855  -38.91686951080837  
856  -38.916869898397046  
857  -38.91687035744199  
858  -38.91687122622219  
859  -38.916871661521306  
860  -38.91687256309407  
861  -38.916872981416056  
862  -38.91687359588419  
863  -38.91687437662084  
864  -38.91687529245639  
865  -38.916875949588714  
866  -38.91687683936352  
867  -38.916877627908185  
868  -38.916878628394656  
869  -38.91687993159406  
870  -38.91688088487373  
871  -38.91688203648545  
872  -38.91688331438113  
873  -38.916884691588905  
874  -38.916885842576924  
875  -38.916887715009615  
876  -38.916889564196154  
877  -38.91689127084099  
878  -38.91689448534237  
879  -38.916896679473915  
880  -38.916900633607376  
881  -38.91690288450282  
882  -38.91690561346011  
883  -38.9169089909427  
884  -38.916914673853825  
885  -38.91691852758473  
886  -38.91692228525113  
887  -38.91692741859354  
888  -38.91693386211976  
889  -38.916939298089666  
890  -38.91694415775289  
891  -38.91694926062864  
892  -38.91695581211802  
893  -38.916962330258706  
894  -38.91696645631724  
895  -38.91697326854153  
896  -38.91697947709144  
897  -38.91698689864409  
898  -38.91699461583032  
899  -38.91700066144204  
900  -38.917009462257994  
901  -38.91701764300991  
902  -38.91702498651991  
903  -38.91703468954213  
904  -38.91704504494161  
905  -38.9170542182843  
906  -38.91706359308389  
907  -38.917072117398384  
908  -38.917087575505775  
909  -38.91709788069087  
910  -38.917111687109035  
911  -38.91712267721527  
912  -38.91713391456113  
913  -38.917140623412315  
914  -38.91715782566762  
915  -38.9171667421207  
916  -38.91717819920821  
917  -38.91719376493005  
918  -38.917203758110574  
919  -38.91721685445751  
920  -38.91722463483555  
921  -38.91723459912237  
922  -38.91723960030204  
923  -38.91725791820949  
924  -38.91726476409748  
925  -38.91727357305433  
926  -38.91728570383534  
927  -38.91728335020735  
928  -38.91729452571543  
929  -38.917306329074385  
930  -38.91731482721712  
931  -38.917324160498445  
932  -38.917333333648045  
933  -38.91734233406527  
934  -38.91735371750582  
935  -38.91736099475812  
936  -38.91737147938875  
937  -38.91738123348643  
938  -38.917392762735204  
939  -38.9173990035301  
940  -38.91741023150182  
941  -38.917414670460666  
942  -38.91742362554533  
943  -38.91743031827713  
944  -38.917438222162495  
945  -38.91745050343374  
946  -38.91745087615147  
947  -38.91745945607898  
948  -38.917469450880496  
949  -38.917477474692866  
950  -38.91748652202445  
951  -38.91749724766965  
952  -38.917507389257395  
953  -38.91751832012253  
954  -38.917526971907435  
955  -38.917534605917  
956  -38.91755190083031  
957  -38.91754831891152  
958  -38.91755916566612  
959  -38.917567015739486  
960  -38.91758204874917  
961  -38.91759082553049  
962  -38.91760190935577  
963  -38.91761672165356  
964  -38.91762694946554  
965  -38.91763859819605  
966  -38.917650938677674  
967  -38.917665726913654  
968  -38.917679654180255  
969  -38.91769053415897  
970  -38.91770450546181  
971  -38.91771440780283  
972  -38.917728055517664  
973  -38.91774044963825  
974  -38.91775121734728  
975  -38.917774300003174  
976  -38.91777862232149  
977  -38.917803010874536  
978  -38.91780998031357  
979  -38.91782289848549  
980  -38.91783499595425  
981  -38.917851784619366  
982  -38.917864405574115  
983  -38.917876227073265  
984  -38.91788873362454  
985  -38.91790371988325  
986  -38.91791687694787  
987  -38.91792893218349  
988  -38.91794161454307  
989  -38.91795417209951  
990  -38.9179720597822  
991  -38.9179852254169  
992  -38.91799389404235  
993  -38.91801389051146  
994  -38.91802422123034  
995  -38.91803652758937  
996  -38.918058753731685  
997  -38.91806755350794  
998  -38.91808098870272  
999  -38.91810143137438  
1000  -38.918127075967114  
1001  -38.91813875366061  
1002  -38.918159142425125  
1003  -38.918153298930626  
1004  -38.918170495073966  
1005  -38.91818478657861  
1006  -38.918212917123  
1007  -38.91822570462816  
1008  -38.91824419291983  
1009  -38.918264134292045  
1010  -38.91827958613901  
1011  -38.918304465386136  
1012  -38.918329297073775  
1013  -38.918343725915506  
1014  -38.91836552654121  
1015  -38.91838150047609  
1016  -38.91839869332308  
1017  -38.91842490710743  
1018  -38.91843692534097  
1019  -38.91845873460465  
1020  -38.918444484355234  
1021  -38.918472880857415  
1022  -38.91849582889298  
1023  -38.91850916067518  
1024  -38.91852567295719  
1025  -38.918537892621984  
1026  -38.918551892189484  
1027  -38.91856753799825  
1028  -38.91857915061672  
1029  -38.91858968057033  
1030  -38.91860898369202  
1031  -38.91861651862981  
1032  -38.918627051825624  
1033  -38.91863890053583  
1034  -38.91865107456901  
1035  -38.91865954017918  
1036  -38.91866980116733  
1037  -38.918677865636475  
1038  -38.91868794942514  
1039  -38.91869778608302  
1040  -38.918705953274475  
1041  -38.918711209181744  
1042  -38.91872232458689  
1043  -38.918728786502726  
1044  -38.918734069515374  
1045  -38.91873939837409  
1046  -38.918746193176425  
1047  -38.91875322787843  
1048  -38.918761418645936  
1049  -38.91876736840479  
1050  -38.91877359360989  
1051  -38.91877889621544  
1052  -38.91878465071281  
1053  -38.918792881366684  
1054  -38.91879417589452  
1055  -38.91880186495676  
1056  -38.91880545563355  
1057  -38.91881023028661  
1058  -38.918816540276026  
1059  -38.918810713058186  
1060  -38.91882081714082  
1061  -38.918829086671686  
1062  -38.91883500834075  
1063  -38.918842076038814  
1064  -38.91884677904084  
1065  -38.918851042973486  
1066  -38.91885691097539  
1067  -38.91886164182574  
1068  -38.91886326921659  
1069  -38.91887416157214  
1070  -38.918877142011844  
1071  -38.9188816634669  
1072  -38.918888101994625  
1073  -38.91889081484118  
1074  -38.91889884455254  
1075  -38.9189015251438  
1076  -38.9189057093038  
1077  -38.91891004112835  
1078  -38.918916503249775  
1079  -38.918920659875305  
1080  -38.918924712589686  
1081  -38.9189291800745  
1082  -38.91893460540597  
1083  -38.9189388273324  
1084  -38.91894344536959  
1085  -38.91894812604067  
1086  -38.91895251474371  
1087  -38.91895755406083  
1088  -38.91896188311726  
1089  -38.91896473123176  
1090  -38.91897089673779  
1091  -38.91897162150056  
1092  -38.91897535359751  
1093  -38.9189773622502  
1094  -38.91898102091555  
1095  -38.918984610600106  
1096  -38.918988025144806  
1097  -38.918995308308524  
1098  -38.91899744007938  
1099  -38.91900005223177  
1100  -38.91900320013214  
1101  -38.919007357830196  
1102  -38.919010873408844  
1103  -38.91901365490019  
1104  -38.919016108494155  
1105  -38.91901918732351  
1106  -38.91902211604205  
1107  -38.91902458060775  
1108  -38.919026290727444  
1109  -38.919029278309715  
1110  -38.91902999519549  
1111  -38.919033229451735  
1112  -38.91903454337086  
1113  -38.9190362475481  
1114  -38.91903896592805  
1115  -38.919038822788295  
1116  -38.919040724956254  
1117  -38.919042846199396  
1118  -38.919044332933005  
1119  -38.91904605937783  
1120  -38.91904801746613  
1121  -38.9190500470536  
1122  -38.919051869072995  
1123  -38.919053322431665  
1124  -38.91905461523538  
1125  -38.919056577796965  
1126  -38.91905808053058  
1127  -38.91905949481399  
1128  -38.919061155749404  
1129  -38.91906231021788  
1130  -38.91906405716369  
1131  -38.9190655855288  
1132  -38.91906669379619  
1133  -38.919068137361094  
1134  -38.91906904518321  
1135  -38.91907040691724  
1136  -38.919071353563005  
1137  -38.91907240161052  
1138  -38.919073858477326  
1139  -38.91907548450486  
1140  -38.91907632471902  
1141  -38.91907761067678  
1142  -38.919078495544895  
1143  -38.91907957857262  
1144  -38.91908062985587  
1145  -38.919081312275324  
1146  -38.91908248692762  
1147  -38.91908378185629  
1148  -38.91908451093995  
1149  -38.91908544882662  
1150  -38.919085961629776  
1151  -38.919087170355475  
1152  -38.91908787498958  
1153  -38.9190884511769  
1154  -38.91908957136377  
1155  -38.91908838708419  
1156  -38.919090129431865  
1157  -38.91909113810285  
1158  -38.91909182272543  
1159  -38.91909273517699  
1160  -38.91909336842813  
1161  -38.919093872745606  
1162  -38.919094647751386  
1163  -38.91909517035313  
1164  -38.919095987550484  
1165  -38.91909665625549  
1166  -38.91909732806139  
1167  -38.91909802641654  
1168  -38.91909853550016  
1169  -38.91909914190635  
1170  -38.91909965073594  
1171  -38.919100107216984  
1172  -38.91910078311488  
1173  -38.91910159520792  
1174  -38.91910202732069  
1175  -38.91910265016661  
1176  -38.91910315793154  
1177  -38.91910380298275  
1178  -38.919104579701674  
1179  -38.91910502283052  
1180  -38.91910580233626  
1181  -38.91910646492682  
1182  -38.91910703606075  
1183  -38.91910778718534  
1184  -38.91910828336329  
1185  -38.91910890036397  
1186  -38.919109516366824  
1187  -38.91911015330278  
1188  -38.919110679058534  
1189  -38.919111430530855  
1190  -38.919111540851404  
1191  -38.919112322788486  
1192  -38.91911265352813  
1193  -38.91911311831943  
1194  -38.91911373230243  
1195  -38.91911351731748  
1196  -38.919114181652034  
1197  -38.91911475183512  
1198  -38.919115099345305  
1199  -38.91911558742158  
1200  -38.91911605932256  
1201  -38.919116507385695  
1202  -38.91911697978808  
1203  -38.919117244576434  
1204  -38.91911764143362  
1205  -38.919118143478826  
1206  -38.91911871601266  
1207  -38.91911894904884  
1208  -38.91911939819998  
1209  -38.91911960229944  
1210  -38.919120005995175  
1211  -38.91912031641941  
1212  -38.91912059636731  
1213  -38.9191210649208  
1214  -38.91912127293044  
1215  -38.919121698010265  
1216  -38.91912187425096  
1217  -38.91912218424269  
1218  -38.919122387623815  
1219  -38.91912277912056  
1220  -38.91912296821538  
1221  -38.91912317692865  
1222  -38.91912355597992  
1223  -38.91912363433476  
1224  -38.91912413092231  
1225  -38.91912428329457  
1226  -38.919124491292095  
1227  -38.91912467997933  
1228  -38.919124991700805  
1229  -38.91912520489321  
1230  -38.919125388576276  
1231  -38.9191256285682  
1232  -38.91912589603368  
1233  -38.919126063981416  
1234  -38.91912631641344  
1235  -38.91912649611214  
1236  -38.91912668430254  
1237  -38.919126917743746  
1238  -38.919127053670586  
1239  -38.919127256563534  
1240  -38.91912753144672  
1241  -38.91912775822182  
1242  -38.91912791749293  
1243  -38.91912811716413  
1244  -38.919128268564755  
1245  -38.919128465718394  
1246  -38.91912871742273  
1247  -38.91912884947116  
1248  -38.919128987816386  
1249  -38.91912921512804  
1250  -38.91912936161553  
1251  -38.91912947861405  
1252  -38.91912971703856  
1253  -38.91912983349669  
1254  -38.91912997320859  
1255  -38.91913020995171  
1256  -38.91913034712864  
1257  -38.9191304617446  
1258  -38.919130692396394  
1259  -38.91913079470446  
1260  -38.919130916606306  
1261  -38.91913116273951  
1262  -38.919131261425036  
1263  -38.9191314317971  
1264  -38.919131425755744  
1265  -38.919131562786774  
1266  -38.919131745094234  
1267  -38.91913186858358  
1268  -38.919132040620724  
1269  -38.91913217577785  
1270  -38.91913230057019  
1271  -38.919132430701794  
1272  -38.91913253969373  
1273  -38.91913266955982  
1274  -38.91913287908417  
1275  -38.91913297192844  
1276  -38.919133100892864  
1277  -38.91913321996051  
1278  -38.91913337873387  
1279  -38.91913351883022  
1280  -38.919133615857035  
1281  -38.919133723467084  
1282  -38.919133851521224  
1283  -38.91913395332023  
1284  -38.91913406450406  
1285  -38.91913413542699  
1286  -38.919134309414645  
1287  -38.91913438415721  
1288  -38.91913447630321  
1289  -38.919134601824005  
1290  -38.919134745347854  
1291  -38.91913484909345  
1292  -38.91913494975481  
1293  -38.91913503854633  
1294  -38.91913513362995  
1295  -38.91913526745656  
1296  -38.919135346081454  
1297  -38.91913548044765  
1298  -38.91913558298553  
1299  -38.91913566324707  
1300  -38.919135805695845  
1301  -38.919135947410496  
1302  -38.919136055768426  
1303  -38.919136164694635  
1304  -38.91913625637746  
1305  -38.91913640536125  
1306  -38.91913653666654  
1307  -38.91913665018818  
1308  -38.91913674396494  
1309  -38.91913689450779  
1310  -38.9191369517272  
1311  -38.919137108118676  
1312  -38.91913718533129  
1313  -38.919137284720264  
1314  -38.919137438998746  
1315  -38.91913734137908  
1316  -38.91913753787438  
1317  -38.91913767757888  
1318  -38.919137784047344  
1319  -38.919137906355125  
1320  -38.91913803243595  
1321  -38.919138156183394  
1322  -38.919138303501846  
1323  -38.91913838491715  
1324  -38.919138498724315  
1325  -38.9191386701124  
1326  -38.919138778507495  
1327  -38.919138866351865  
1328  -38.91913898863517  
1329  -38.91913909783581  
1330  -38.91913916763081  
1331  -38.919139364703696  
1332  -38.919139442513  
1333  -38.919139547774186  
1334  -38.9191396273828  
1335  -38.91913974719886  
1336  -38.91913984761934  
1337  -38.919139930563844  
1338  -38.91914000797006  
1339  -38.91914014917183  
1340  -38.91914024378032  
1341  -38.919140335287295  
1342  -38.91914043540619  
1343  -38.91914056746414  
1344  -38.919140662045926  
1345  -38.919140755973736  
1346  -38.919140822570924  
1347  -38.91914094113723  
1348  -38.91914101933204  
1349  -38.91914109519791  
1350  -38.91914122840847  
1351  -38.91914136283994  
1352  -38.919141461216086  
1353  -38.91914157009813  
1354  -38.919141639052675  
1355  -38.91914173288362  
1356  -38.91914190383824  
1357  -38.91914196250632  
1358  -38.919142035001585  
1359  -38.919142170901566  
1360  -38.919142250289  
1361  -38.919142383040544  
1362  -38.91914253474424  
1363  -38.91914261518299  
1364  -38.91914271221027  
1365  -38.91914280559552  
1366  -38.91914291320247  
1367  -38.91914303163231  
1368  -38.91914310305173  
1369  -38.91914323318618  
1370  -38.919143267197704  
1371  -38.9191434188253  
1372  -38.91914348214625  
1373  -38.91914357719049  
1374  -38.91914371813412  
1375  -38.91914349690196  
1376  -38.91914378245826  
1377  -38.919143907878436  
1378  -38.91914400802486  
1379  -38.91914412438969  
1380  -38.91914422853815  
1381  -38.91914430790125  
1382  -38.919144436644096  
1383  -38.91914451660967  
1384  -38.91914460242741  
1385  -38.9191447722742  
1386  -38.91914484017495  
1387  -38.91914493086533  
1388  -38.91914505640618  
1389  -38.919145180693086  
1390  -38.91914524065667  
1391  -38.91914539829297  
1392  -38.91914545298091  
1393  -38.919145565071545  
1394  -38.91914564583565  
1395  -38.91914573207116  
1396  -38.919145861954846  
1397  -38.91914568083751  
1398  -38.91914593656556  
1399  -38.91914609036954  
1400  -38.91914619609201  
1401  -38.91914630485457  
1402  -38.91914639501154  
1403  -38.91914646288423  
1404  -38.91914659047211  
1405  -38.91914666533693  
1406  -38.91914674298695  
1407  -38.919146875313906  
1408  -38.91914693937047  
1409  -38.919147045086724  
1410  -38.919146973285834  
1411  -38.91914711690969  
1412  -38.91914723050348  
1413  -38.91914730204722  
1414  -38.91914741079581  
1415  -38.91914748191902  
1416  -38.919147551813126  
1417  -38.919147631866444  
1418  -38.919147702444675  
1419  -38.9191478328948  
1420  -38.91914795140879  
1421  -38.91914801790185  
1422  -38.91914811117139  
1423  -38.919148181619775  
1424  -38.91914827132231  
1425  -38.919148387832145  
1426  -38.919148483547026  
1427  -38.9191485302618  
1428  -38.91914865872744  
1429  -38.91914872413307  
1430  -38.919148813335816  
1431  -38.919148920583005  
1432  -38.9191490027001  
1433  -38.919149106664655  
1434  -38.91914924239603  
1435  -38.91914933258914  
1436  -38.919149458004725  
1437  -38.91914948970127  
1438  -38.91914964341737  
1439  -38.919149730048225  
1440  -38.91914982167218  
1441  -38.919149973214395  
1442  -38.91914949249175  
1443  -38.91915005576235  
1444  -38.91915024423662  
1445  -38.91915037051996  
1446  -38.91915053178549  
1447  -38.919150613766895  
1448  -38.91915071539805  
1449  -38.91915081132345  
1450  -38.919150905140896  
1451  -38.9191510840416  
1452  -38.91915126126305  
1453  -38.919151372427415  
1454  -38.919151499793465  
1455  -38.919151581272885  
1456  -38.91915169116739  
1457  -38.91915187543059  
1458  -38.91915195470094  
1459  -38.919152039830706  
1460  -38.919152195403356  
1461  -38.91915229766802  
1462  -38.91915243234687  
1463  -38.91915264312247  
1464  -38.91915275340856  
1465  -38.91915285389058  
1466  -38.91915297369855  
1467  -38.91915312968412  
1468  -38.919153286601926  
1469  -38.91915340395183  
1470  -38.91915356042977  
1471  -38.919153728296806  
1472  -38.91915388216693  
1473  -38.91915402192324  
1474  -38.919154187189605  
1475  -38.919154370969046  
1476  -38.9191545786446  
1477  -38.919154764991504  
1478  -38.91915499928942  
1479  -38.919155210057255  
1480  -38.91915540816549  
1481  -38.91915565391504  
1482  -38.91915590001569  
1483  -38.91915618493917  
1484  -38.91915642107769  
1485  -38.91915666517644  
1486  -38.91915699943022  
1487  -38.9191573591578  
1488  -38.919157751843954  
1489  -38.919158119008685  
1490  -38.91915860347439  
1491  -38.91915911136086  
1492  -38.91915967861037  
1493  -38.91916022786159  
1494  -38.9191608540763  
1495  -38.9191615652891  
1496  -38.919162291828606  
1497  -38.919163164351026  
1498  -38.91916460056223  
1499  -38.91916500945357  
1500  -38.919166793447886  
1501  -38.9191680332097  
1502  -38.91916945676323  
1503  -38.91917169986915  
1504  -38.91917114064319  
1505  -38.91917359852189  
1506  -38.91917655881922  
1507  -38.91917895012016  
1508  -38.919181640524855  
1509  -38.91918441700659  
1510  -38.919187024555654  
1511  -38.91919093637957  
1512  -38.91919292291581  
1513  -38.919194997296586  
1514  -38.919198859927754  
1515  -38.91920097290136  
1516  -38.91920406067536  
1517  -38.91920757347422  
1518  -38.91921025566603  
1519  -38.91921249452662  
1520  -38.91921549659889  
1521  -38.919217848940725  
1522  -38.91922105877983  
1523  -38.9192247429884  
1524  -38.91922724891992  
1525  -38.91922938952006  
1526  -38.9192324194873  
1527  -38.91923457571  
1528  -38.91923726690242  
1529  -38.91924109456262  
1530  -38.91924359712939  
1531  -38.91924590147538  
1532  -38.919249060717476  
1533  -38.91925077668874  
1534  -38.9192529259579  
1535  -38.919256149573684  
1536  -38.91925801210321  
1537  -38.91925955154065  
1538  -38.91926408045918  
1539  -38.91926576194773  
1540  -38.919268588910214  
1541  -38.91927049348018  
1542  -38.91927369465311  
1543  -38.91927599869735  
1544  -38.91927796829195  
1545  -38.91928159687837  
1546  -38.91928207494907  
1547  -38.919284112657486  
1548  -38.919286849405374  
1549  -38.91928917337113  
1550  -38.91929147199692  
1551  -38.91929419558041  
1552  -38.919296711881536  
1553  -38.91929923578823  
1554  -38.919301386171895  
1555  -38.91930302070752  
1556  -38.919306212847964  
1557  -38.91930714936968  
1558  -38.91930899707964  
1559  -38.919310495856095  
1560  -38.919312210549386  
1561  -38.91931475286482  
1562  -38.91931004699246  
1563  -38.91931612965116  
1564  -38.91931871156471  
1565  -38.919320315703246  
1566  -38.91932221392284  
1567  -38.91932347813657  
1568  -38.919324723528156  
1569  -38.91932644101774  
1570  -38.91932767605056  
1571  -38.91932775519708  
1572  -38.91932903704522  
1573  -38.91933105739158  
1574  -38.919332201798184  
1575  -38.91933382048731  
1576  -38.919335117466204  
1577  -38.91933624692368  
1578  -38.91933780288577  
1579  -38.91933875410635  
1580  -38.91933977757643  
1581  -38.91934165577405  
1582  -38.91934260610985  
1583  -38.91934325415242  
1584  -38.919344332146565  
1585  -38.91934515384745  
1586  -38.91934662646503  
1587  -38.91934799233611  
1588  -38.91934891054986  
1589  -38.91934976580736  
1590  -38.919350690060185  
1591  -38.919352135717965  
1592  -38.9193529085152  
1593  -38.91935390958538  
1594  -38.919354659193225  
1595  -38.91935562434143  
1596  -38.9193567931562  
1597  -38.919358114925586  
1598  -38.91935886942117  
1599  -38.91935994228917  
1600  -38.91936061371634  
1601  -38.91936158458004  
1602  -38.91936301913256  
1603  -38.919363715222325  
1604  -38.919364470761735  
1605  -38.9193655387693  
1606  -38.91936607900956  
1607  -38.91936698017774  
1608  -38.91936683691724  
1609  -38.91936757278053  
1610  -38.919368430695  
1611  -38.919369182525394  
1612  -38.91936980693919  
1613  -38.919370479573345  
1614  -38.91937116163077  
1615  -38.91937188270769  
1616  -38.9193725191642  
1617  -38.919372942101404  
1618  -38.9193738559075  
1619  -38.91937404519553  
1620  -38.919374884582076  
1621  -38.91937534740168  
1622  -38.91937591609378  
1623  -38.919376706371544  
1624  -38.91937538860893  
1625  -38.919377170722676  
1626  -38.91937809696232  
1627  -38.91937876007606  
1628  -38.919379506222924  
1629  -38.91938013537016  
1630  -38.919380678665135  
1631  -38.919381603780224  
1632  -38.919382170230314  
1633  -38.91938263020357  
1634  -38.91938330085167  
1635  -38.919383806923506  
1636  -38.91938465761005  
1637  -38.91938545150831  
1638  -38.919385906511216  
1639  -38.919386708739154  
1640  -38.91938729749387  
1641  -38.91938803773529  
1642  -38.919388774409995  
1643  -38.9193892556544  
1644  -38.919390319649246  
1645  -38.919390930349  
1646  -38.9193916642698  
1647  -38.91939219875829  
1648  -38.919392740048636  
1649  -38.919393201841274  
1650  -38.91939418034571  
1651  -38.919394542679775  
1652  -38.91939500520879  
1653  -38.919395683808865  
1654  -38.919395080778514  
1655  -38.919396160862654  
1656  -38.91939699011826  
1657  -38.91939752578526  
1658  -38.919398092211885  
1659  -38.919398580728426  
1660  -38.91939909137109  
1661  -38.91939981846358  
1662  -38.9194002464255  
1663  -38.91940064384468  
1664  -38.91940153071854  
1665  -38.919401930196045  
1666  -38.919402448473  
1667  -38.919402956009016  
1668  -38.91940342229689  
1669  -38.91940414404015  
1670  -38.919404145993376  
1671  -38.919404661580465  
1672  -38.91940518113589  
1673  -38.919405565802286  
1674  -38.919406091305795  
1675  -38.91940658606801  
1676  -38.91940724947889  
1677  -38.91940782965535  
1678  -38.91940828575679  
1679  -38.91940904449468  
1680  -38.919409679272135  
1681  -38.91941021946594  
1682  -38.91941088012015  
1683  -38.91941137247157  
1684  -38.9194123162022  
1685  -38.919413032174816  
1686  -38.91941364922857  
1687  -38.919414243368024  
1688  -38.919414908123564  
1689  -38.91941564393511  
1690  -38.91941621072277  
1691  -38.91941680391833  
1692  -38.91941738407756  
1693  -38.9194181787503  
1694  -38.91941888882908  
1695  -38.91941956796028  
1696  -38.919420320174446  
1697  -38.919420987931986  
1698  -38.919421860840046  
1699  -38.91942266359609  
1700  -38.919423433587475  
1701  -38.91942404971058  
1702  -38.91942472590163  
1703  -38.91942545446806  
1704  -38.91942635490052  
1705  -38.91942709335275  
1706  -38.919427723813925  
1707  -38.91942827841874  
1708  -38.91942891194891  
1709  -38.91942981970724  
1710  -38.91943068275183  
1711  -38.91943137016767  
1712  -38.91943196827618  
1713  -38.919432714358685  
1714  -38.9194336959702  
1715  -38.91943452874686  
1716  -38.919435301737536  
1717  -38.9194360622547  
1718  -38.91943674123867  
1719  -38.919437608060605  
1720  -38.91943871096038  
1721  -38.91943959560815  
1722  -38.91944026838683  
1723  -38.919440984677586  
1724  -38.91944163871778  
1725  -38.919442652330794  
1726  -38.91944345121777  
1727  -38.9194443031572  
1728  -38.91944481222376  
1729  -38.91944562403797  
1730  -38.919446070605424  
1731  -38.91944692052179  
1732  -38.91944754604932  
1733  -38.919448178560714  
1734  -38.9194493048864  
1735  -38.919449078970814  
1736  -38.9194500238174  
1737  -38.91945080699152  
1738  -38.919451422473095  
1739  -38.91945209637402  
1740  -38.919452893896384  
1741  -38.91945362646455  
1742  -38.91945428362894  
1743  -38.919454824881754  
1744  -38.91945537620831  
1745  -38.91945626993435  
1746  -38.919456756103585  
1747  -38.91945733550161  
1748  -38.91945787240423  
1749  -38.91945835881352  
1750  -38.91945923138594  
1751  -38.91946009160526  
1752  -38.91946061720198  
1753  -38.91946125751937  
1754  -38.91946171212629  
1755  -38.919462312355414  
1756  -38.91946337259194  
1757  -38.91946396384407  
1758  -38.91946438375845  
1759  -38.9194652747345  
1760  -38.91946596765637  
1761  -38.91946601652357  
1762  -38.919466553692686  
1763  -38.91946735228512  
1764  -38.91946803218579  
1765  -38.91946880331911  
1766  -38.91946950257258  
1767  -38.91947018524895  
1768  -38.91947092757297  
1769  -38.91947140785506  
1770  -38.91947212784296  
1771  -38.919472858103646  
1772  -38.91947360673659  
1773  -38.91947415269502  
1774  -38.91947475911115  
1775  -38.91947536673923  
1776  -38.91947592422556  
1777  -38.91947657142783  
1778  -38.919477083988085  
1779  -38.91947764092996  
1780  -38.91947825570375  
1781  -38.919478661898246  
1782  -38.91947917130547  
1783  -38.919479846580515  
1784  -38.919480176629946  
1785  -38.91948058087445  
1786  -38.91948129343812  
1787  -38.91948171128975  
1788  -38.91948203800414  
1789  -38.91948297424855  
1790  -38.91948330671547  
1791  -38.919483719957526  
1792  -38.919484304463225  
1793  -38.91948502614029  
1794  -38.91948552550424  
1795  -38.91948602153512  
1796  -38.919486453131356  
1797  -38.9194871650495  
1798  -38.91948769414052  
1799  -38.91948812796874  
1800  -38.91948857540716  
1801  -38.91948903341868  
1802  -38.91948968406271  
1803  -38.919490251777475  
1804  -38.91949078293591  
1805  -38.91949138016922  
1806  -38.919491872863965  
1807  -38.919492401382904  
1808  -38.91949305114686  
1809  -38.919493520382716  
1810  -38.91949413489548  
1811  -38.9194947371556  
1812  -38.91949524321513  
1813  -38.919495724500734  
1814  -38.919496397859206  
1815  -38.919496968607625  
1816  -38.91949734429683  
1817  -38.91949820891388  
1818  -38.91949854112879  
1819  -38.91949903779585  
1820  -38.91949940225903  
1821  -38.91949985315977  
1822  -38.91950056222066  
1823  -38.91950110411258  
1824  -38.91950158035508  
1825  -38.919501978196564  
1826  -38.91950240537731  
1827  -38.919502833983884  
1828  -38.9195035149641  
1829  -38.91950380575614  
1830  -38.91950419672397  
1831  -38.919504616375946  
1832  -38.91950508192048  
1833  -38.919505446933805  
1834  -38.91950596784654  
1835  -38.91950628142518  
1836  -38.91950667369146  
1837  -38.9195070292885  
1838  -38.91950729284084  
1839  -38.91950782047757  
1840  -38.91950848928402  
1841  -38.91950883877761  
1842  -38.919509208362214  
1843  -38.91950951420359  
1844  -38.91950995021172  
1845  -38.91951040628145  
1846  -38.919510678852745  
1847  -38.91951103324028  
1848  -38.9195114356289  
1849  -38.91951173566702  
1850  -38.91951212848914  
1851  -38.9195124509911  
1852  -38.919512955207495  
1853  -38.91951325323584  
1854  -38.9195135953571  
1855  -38.91951404639063  
1856  -38.91951436988163  
1857  -38.919514859353264  
1858  -38.91951516309825  
1859  -38.91951549292416  
1860  -38.9195160589894  
1861  -38.919516490458705  
1862  -38.91951690030035  
1863  -38.91951724958859  
1864  -38.91951754645363  
1865  -38.91951771074636  
1866  -38.919518417777184  
1867  -38.91951865166639  
1868  -38.919518965122855  
1869  -38.9195194009335  
1870  -38.91951987475866  
1871  -38.919520284961116  
1872  -38.919520655813116  
1873  -38.91952093556903  
1874  -38.919521313947584  
1875  -38.91952166277318  
1876  -38.91952201272779  
1877  -38.91952232671806  
1878  -38.91952268363624  
1879  -38.91952292728471  
1880  -38.9195232354615  
1881  -38.91952364245859  
1882  -38.91952390988231  
1883  -38.919524207232584  
1884  -38.91952449712001  
1885  -38.91952483612745  
1886  -38.91952513065215  
1887  -38.9195253971965  
1888  -38.91952578643288  
1889  -38.91952601621298  
1890  -38.9195263209613  
1891  -38.91952668025018  
1892  -38.91952699319631  
1893  -38.91952716897494  
1894  -38.91952765422009  
1895  -38.91952786066122  
1896  -38.91952817664275  
1897  -38.919528410964624  
1898  -38.919528684950656  
1899  -38.91952905013033  
1900  -38.91952945368089  
1901  -38.919529769121375  
1902  -38.91953019185002  
1903  -38.919530410480505  
1904  -38.919530717172584  
1905  -38.91953109797968  
1906  -38.91953132405498  
1907  -38.91953167183424  
1908  -38.91953203573637  
1909  -38.91953226832143  
1910  -38.9195325611267  
1911  -38.91953275928656  
1912  -38.91953305899435  
1913  -38.91953329328463  
1914  -38.91953348019189  
1915  -38.91953380484853  
1916  -38.91953415687694  
1917  -38.919534340387884  
1918  -38.919534662760064  
1919  -38.919534892573395  
1920  -38.919535205790815  
1921  -38.91953551873269  
1922  -38.919535746612254  
1923  -38.91953603228337  
1924  -38.9195363281051  
1925  -38.91953656935462  
1926  -38.91953684186655  
1927  -38.91953710013646  
1928  -38.919537353691666  
1929  -38.91953763906784  
1930  -38.91953785701135  
1931  -38.91953822706689  
1932  -38.91953850683781  
1933  -38.91953877562476  
1934  -38.91953900936054  
1935  -38.919539312677124  
1936  -38.91953962268855  
1937  -38.91953988123832  
1938  -38.91954023100406  
1939  -38.91954052564318  
1940  -38.919540902110256  
1941  -38.91954122097356  
1942  -38.919541582377484  
1943  -38.91954183615809  
1944  -38.91954218116907  
1945  -38.91954222922214  
1946  -38.919542726575216  
1947  -38.91954296122516  
1948  -38.91954328449834  
1949  -38.9195436606907  
1950  -38.919542971321036  
1951  -38.91954389664799  
1952  -38.91954434991075  
1953  -38.91954466241866  
1954  -38.919545018691906  
1955  -38.9195453401247  
1956  -38.91954558019152  
1957  -38.919546019513135  
1958  -38.919546233541624  
1959  -38.91954646215419  
1960  -38.91954681104456  
1961  -38.91954702951421  
1962  -38.919547325078454  
1963  -38.91954772993066  
1964  -38.91954789208521  
1965  -38.9195481880939  
1966  -38.91954849983519  
1967  -38.919548867962625  
1968  -38.91954910649892  
1969  -38.919549339608345  
1970  -38.919549603039094  
1971  -38.91954993596031  
1972  -38.91955031110277  
1973  -38.919550567265674  
1974  -38.91955084304052  
1975  -38.91955114437543  
1976  -38.91955142667629  
1977  -38.919551801629005  
1978  -38.91955223848843  
1979  -38.9195524963099  
1980  -38.9195527782779  
1981  -38.91955306975917  
1982  -38.91955341423025  
1983  -38.919553928312084  
1984  -38.91955410866888  
1985  -38.91955433636425  
1986  -38.91955470739158  
1987  -38.9195549926117  
1988  -38.919555496300525  
1989  -38.91955555511253  
1990  -38.91955580890514  
1991  -38.919556084040615  
1992  -38.91955635259063  
1993  -38.919556672481214  
1994  -38.91955708727976  
1995  -38.91955742019393  
1996  -38.91955770899318  
1997  -38.919558048916436  
1998  -38.91955850737019  
1999  -38.919558974611896  
2000  -38.91955939630562  
2001  -38.91955981015773  
2002  -38.919560168046225  
2003  -38.91956072266596  
2004  -38.91956122251097  
2005  -38.91956158911953  
2006  -38.91956204685288  
2007  -38.919562679969694  
2008  -38.91956331720574  
2009  -38.91956381535547  
2010  -38.91956429556545  
2011  -38.91956484740508  
2012  -38.919565470583734  
2013  -38.91956598644943  
2014  -38.919566484397734  
2015  -38.919567014169935  
2016  -38.91956777024746  
2017  -38.919568464555404  
2018  -38.919569202791685  
2019  -38.91956998667779  
2020  -38.919570772399176  
2021  -38.91957160599545  
2022  -38.91957241489201  
2023  -38.91957336778812  
2024  -38.91957430648629  
2025  -38.919575102825114  
2026  -38.91957599561043  
2027  -38.91957703746618  
2028  -38.919577968845715  
2029  -38.919578764083006  
2030  -38.91957998358049  
2031  -38.91958085042439  
2032  -38.919581847494214  
2033  -38.91958337371424  
2034  -38.919584056281685  
2035  -38.91958492099524  
2036  -38.91958630142166  
2037  -38.91958714100971  
2038  -38.919588042092585  
2039  -38.9195903282963  
2040  -38.91959117713589  
2041  -38.9195924360363  
2042  -38.91959365052802  
2043  -38.91959532826457  
2044  -38.919596640605086  
2045  -38.9195976204333  
2046  -38.919598835894654  
2047  -38.919600205850365  
2048  -38.91960154819029  
2049  -38.91960264163087  
2050  -38.919603914907896  
2051  -38.919605140705755  
2052  -38.91960641396739  
2053  -38.91960739644286  
2054  -38.91960842925286  
2055  -38.91960940382795  
2056  -38.9196104861196  
2057  -38.91961162524839  
2058  -38.91961274192006  
2059  -38.91961358281221  
2060  -38.919614477927695  
2061  -38.919615649009266  
2062  -38.91961666725749  
2063  -38.91961699147885  
2064  -38.919619044659704  
2065  -38.91961960529292  
2066  -38.91962062916221  
2067  -38.91962186724822  
2068  -38.91962326727613  
2069  -38.91962436641452  
2070  -38.919625582593035  
2071  -38.9196266359684  
2072  -38.91962743235681  
2073  -38.91962896738736  
2074  -38.91962927636789  
2075  -38.91963058675068  
2076  -38.919631451452865  
2077  -38.91963234576369  
2078  -38.91963351726346  
2079  -38.91963156646022  
2080  -38.9196342573796  
2081  -38.91963578191166  
2082  -38.919636729310085  
2083  -38.91963797113531  
2084  -38.9196388788196  
2085  -38.91963969815474  
2086  -38.919641081276396  
2087  -38.91964195973952  
2088  -38.919643386544216  
2089  -38.91964435338391  
2090  -38.91964535832422  
2091  -38.91964638839046  
2092  -38.91964733827797  
2093  -38.91964870750146  
2094  -38.91964986492319  
2095  -38.91965088671742  
2096  -38.91965183528363  
2097  -38.91965275928792  
2098  -38.919653723572395  
2099  -38.919654509940486  
2100  -38.919655280454734  
2101  -38.91965627382022  
2102  -38.919657273596236  
2103  -38.91965827182524  
2104  -38.91965908468085  
2105  -38.91965973192467  
2106  -38.91966083877224  
2107  -38.919661574009005  
2108  -38.919662427850646  
2109  -38.919663342262204  
2110  -38.919663929619354  
2111  -38.91966453524219  
2112  -38.91966589512654  
2113  -38.91966640007957  
2114  -38.91966713380442  
2115  -38.919667720120465  
2116  -38.91966865906185  
2117  -38.9196694729436  
2118  -38.919670180970655  
2119  -38.91967108231555  
2120  -38.91967215807967  
2121  -38.91967283999979  
2122  -38.919673852320976  
2123  -38.91967446359082  
2124  -38.91967544331131  
2125  -38.91967627462162  
2126  -38.919677005955194  
2127  -38.91967841771893  
2128  -38.91967927324022  
2129  -38.919680483732215  
2130  -38.91968127788733  
2131  -38.91968218567914  
2132  -38.91968337161488  
2133  -38.91968504737406  
2134  -38.91968608201337  
2135  -38.919687398930364  
2136  -38.91968884922855  
2137  -38.91969068017309  
2138  -38.919692372380716  
2139  -38.91969421001066  
2140  -38.919696022256744  
2141  -38.91969760577484  
2142  -38.91970078733111  
2143  -38.91970196507215  
2144  -38.919704728079466  
2145  -38.91970711860731  
2146  -38.919709517509524  
2147  -38.91971372988131  
2148  -38.91970877349175  
2149  -38.91971651462849  
2150  -38.919722132300784  
2151  -38.91972646697088  
2152  -38.91973183717255  
2153  -38.91973673885291  
2154  -38.919741957094914  
2155  -38.91974907692805  
2156  -38.91975431194809  
2157  -38.919758063205904  
2158  -38.91976688640375  
2159  -38.91976871117836  
2160  -38.91977555043898  
2161  -38.919779934742884  
2162  -38.91978506159112  
2163  -38.919792137117376  
2164  -38.919784007017086  
2165  -38.91979639108078  
2166  -38.91980427759493  
2167  -38.9198088673283  
2168  -38.91981472449892  
2169  -38.91981955124545  
2170  -38.919825237281096  
2171  -38.91983240196404  
2172  -38.91983582328483  
2173  -38.91984163850528  
2174  -38.91984439307163  
2175  -38.9198523016136  
2176  -38.91985535469925  
2177  -38.919858908002745  
2178  -38.91986354416611  
2179  -38.9198687632714  
2180  -38.919871691136436  
2181  -38.91987494197323  
2182  -38.91987798668917  
2183  -38.91988167178013  
2184  -38.91988515180763  
2185  -38.91988697021298  
2186  -38.91988916980096  
2187  -38.9198928634685  
2188  -38.91989619795963  
2189  -38.91989751747851  
2190  -38.9198997650042  
2191  -38.919900871490974  
2192  -38.91990331845497  
2193  -38.919904774968145  
2194  -38.91990606283572  
2195  -38.91990860086942  
2196  -38.919907658753964  
2197  -38.919910064095596  
2198  -38.919911928623335  
2199  -38.91991318673996  
2200  -38.919914650715604  
2201  -38.91991588757847  
2202  -38.91991675996267  
2203  -38.919918065959344  
2204  -38.91991894416182  
2205  -38.919920031960174  
2206  -38.91992167025835  
2207  -38.91992256317304  
2208  -38.91992328266167  
2209  -38.91992450286261  
2210  -38.91992527010695  
2211  -38.91992651725503  
2212  -38.91992748200855  
2213  -38.919928299981514  
2214  -38.91992914286901  
2215  -38.91993002666676  
2216  -38.91993102122015  
2217  -38.91993220264081  
2218  -38.91993304059754  
2219  -38.919933987560356  
2220  -38.91993549707804  
2221  -38.91993606829407  
2222  -38.919936887265216  
2223  -38.91993813262949  
2224  -38.919938990104846  
2225  -38.91994086351219  
2226  -38.91994034801025  
2227  -38.919941960083335  
2228  -38.91994300430913  
2229  -38.91994393983866  
2230  -38.9199450338275  
2231  -38.91994651556389  
2232  -38.919947902286644  
2233  -38.919949149929664  
2234  -38.91995021054155  
2235  -38.9199517475693  
2236  -38.91995290353767  
2237  -38.919954271606166  
2238  -38.91995517671453  
2239  -38.919956070770866  
2240  -38.91995745667825  
2241  -38.919959205706164  
2242  -38.91996015081839  
2243  -38.919961145192154  
2244  -38.919962166705346  
2245  -38.91996348503318  
2246  -38.91996470069957  
2247  -38.91996563862402  
2248  -38.91996655930023  
2249  -38.919967451986714  
2250  -38.91996851510576  
2251  -38.91996897095431  
2252  -38.919970196571875  
2253  -38.91997084077742  
2254  -38.91997152142384  
2255  -38.919972537991995  
2256  -38.919972816517195  
2257  -38.919974309806975  
2258  -38.91997470792013  
2259  -38.919975424424415  
2260  -38.91997573132444  
2261  -38.919976905343326  
2262  -38.919977463678904  
2263  -38.91997803164278  
2264  -38.91997887790954  
2265  -38.91997748078292  
2266  -38.919979375558746  
2267  -38.91998025429624  
2268  -38.91998088642262  
2269  -38.91998174502563  
2270  -38.91998229704228  
2271  -38.919982889658634  
2272  -38.91998351593869  
2273  -38.91998400388817  
2274  -38.919984830369195  
2275  -38.91998576359181  
2276  -38.919986176458316  
2277  -38.91998677020658  
2278  -38.919987240217154  
2279  -38.91998779455618  
2280  -38.919988601391516  
2281  -38.919989017416945  
2282  -38.919989479983485  
2283  -38.919990352768245  
2284  -38.91999079240202  
2285  -38.91999116414881  
2286  -38.91999200012281  
2287  -38.919992452070524  
2288  -38.91999233784047  
2289  -38.9199928477661  
2290  -38.919993389973655  
2291  -38.919993873250455  
2292  -38.919994407138816  
2293  -38.919994949670055  
2294  -38.91999535669935  
2295  -38.91999589772311  
2296  -38.9199961749129  
2297  -38.91999672520606  
2298  -38.91999717218493  
2299  -38.919997534898094  
2300  -38.91999819722189  
2301  -38.919998787107204  
2302  -38.91999931628725  
2303  -38.91999986440459  
2304  -38.92000043286751  
2305  -38.92000070937874  
2306  -38.92000155108455  
2307  -38.92000183289721  
2308  -38.920002347030994  
2309  -38.92000303072726  
2310  -38.92000364099144  
2311  -38.92000414620588  
2312  -38.920004696006714  
2313  -38.92000515908589  
2314  -38.92000603004918  
2315  -38.92000637909789  
2316  -38.9200070709885  
2317  -38.92000743352376  
2318  -38.920007893015146  
2319  -38.920008669793056  
2320  -38.92000920661467  
2321  -38.92001033128982  
2322  -38.920010772426565  
2323  -38.92001124896818  
2324  -38.92001178978087  
2325  -38.920012481159326  
2326  -38.920013030146045  
2327  -38.92001345234439  
2328  -38.92001392022024  
2329  -38.920014623625605  
2330  -38.9200151351533  
2331  -38.920015599946616  
2332  -38.92001602267997  
2333  -38.920016590244934  
2334  -38.920017002181076  
2335  -38.92001767542528  
2336  -38.92001801153571  
2337  -38.92001847083753  
2338  -38.9200190879006  
2339  -38.92001970305012  
2340  -38.92002014997334  
2341  -38.92002068974847  
2342  -38.920021027454546  
2343  -38.920021419765305  
2344  -38.92002199640411  
2345  -38.920022278534496  
2346  -38.92002253517582  
2347  -38.920023290633296  
2348  -38.9200235076527  
2349  -38.920023828935754  
2350  -38.92002433669756  
2351  -38.92002456292795  
2352  -38.92002517882083  
2353  -38.92002505898708  
2354  -38.920025567887286  
2355  -38.92002593572964  
2356  -38.92002623536557  
2357  -38.92002654059472  
2358  -38.920026928808994  
2359  -38.92002734951164  
2360  -38.920027719316785  
2361  -38.920027992196985  
2362  -38.92002842418898  
2363  -38.92002882697058  
2364  -38.92002905781625  
2365  -38.92002951884042  
2366  -38.92002978528094  
2367  -38.92003011353987  
2368  -38.920030479998864  
2369  -38.92003071085473  
2370  -38.92003118801093  
2371  -38.92003163565807  
2372  -38.920031849532236  
2373  -38.92003216572023  
2374  -38.92003250097025  
2375  -38.92003289384122  
2376  -38.92003324663856  
2377  -38.92003357912938  
2378  -38.920033931892895  
2379  -38.9200343574984  
2380  -38.92003477511841  
2381  -38.92003504904197  
2382  -38.92003550507996  
2383  -38.920035778429465  
2384  -38.920036091999975  
2385  -38.920036533499896  
2386  -38.92003678311259  
2387  -38.92003725256227  
2388  -38.92003762189088  
2389  -38.920037948716065  
2390  -38.92003839043121  
2391  -38.920038702990674  
2392  -38.92003906259047  
2393  -38.92003946640775  
2394  -38.920039794323884  
2395  -38.920040215488214  
2396  -38.92004069699443  
2397  -38.92004107941602  
2398  -38.920041463735615  
2399  -38.920041914672616  
2400  -38.9200423217164  
2401  -38.920042712439795  
2402  -38.92004311398077  
2403  -38.920043434533724  
2404  -38.92004378030853  
2405  -38.920044124684914  
2406  -38.92004455221024  
2407  -38.92004485999742  
2408  -38.92004516551864  
2409  -38.9200452098195  
2410  -38.92004543339747  
2411  -38.92004579263659  
2412  -38.92004608937195  
2413  -38.9200464321574  
2414  -38.92004671054272  
2415  -38.92004700681491  
2416  -38.92004728082775  
2417  -38.92004751016492  
2418  -38.92004772760627  
2419  -38.92004820691671  
2420  -38.92004838322967  
2421  -38.92004863118498  
2422  -38.92004890038773  
2423  -38.92004923377744  
2424  -38.92004946863282  
2425  -38.92004970268801  
2426  -38.92004992816364  
2427  -38.920050200958514  
2428  -38.92005043999453  
2429  -38.920050645490115  
2430  -38.920050883126486  
2431  -38.92005113067384  
2432  -38.920051340726666  
2433  -38.920051552248616  
2434  -38.92005173457613  
2435  -38.920052055968554  
2436  -38.92005220599729  
2437  -38.92005241097676  
2438  -38.920052677331356  
2439  -38.92005295982245  
2440  -38.92005315919328  
2441  -38.920053391794994  
2442  -38.92005359801343  
2443  -38.92005380537799  
2444  -38.92005407736239  
2445  -38.92005427066505  
2446  -38.920054455289566  
2447  -38.92005475669478  
2448  -38.92005497450336  
2449  -38.920055101149714  
2450  -38.92005535436556  
2451  -38.9200555476506  
2452  -38.92005577277951  
2453  -38.920055990205746  
2454  -38.92005620241583  
2455  -38.920056398789114  
2456  -38.92005663310616  
2457  -38.9200568272955  
2458  -38.92005702728514  
2459  -38.92005723783977  
2460  -38.92005748458174  
2461  -38.92005767891292  
2462  -38.92005787604804  
2463  -38.92005804501923  
2464  -38.92005825331573  
2465  -38.9200583958893  
2466  -38.92005859519669  
2467  -38.920058719974406  
2468  -38.92005892302119  
2469  -38.92005915715034  
2470  -38.92005941265763  
2471  -38.920059594086105  
2472  -38.92005982476595  
2473  -38.92005993457165  
2474  -38.920060092813536  
2475  -38.920060296697486  
2476  -38.92006040869232  
2477  -38.92006072105633  
2478  -38.920060743139736  
2479  -38.92006090577605  
2480  -38.92006104870367  
2481  -38.920061219448165  
2482  -38.920061377645716  
2483  -38.92006157504927  
2484  -38.920061792737954  
2485  -38.92006193731988  
2486  -38.9200620934549  
2487  -38.92006237457012  
2488  -38.92006250760745  
2489  -38.92006269237595  
2490  -38.92006288005671  
2491  -38.92006304065386  
2492  -38.920063354006864  
2493  -38.92006294429363  
2494  -38.92006350507076  
2495  -38.92006372159324  
2496  -38.92006387847083  
2497  -38.92006408292219  
2498  -38.92006427215567  
2499  -38.92006446858729  
2500  -38.92006466723667  
2501  -38.92006482882454  
2502  -38.92006504817124  
2503  -38.920065267204635  
2504  -38.92006540999472  
2505  -38.92006562111779  
2506  -38.92006576896069  
2507  -38.92006596626007  
2508  -38.920066172252156  
2509  -38.920066328688776  
2510  -38.92006656973864  
2511  -38.92006684491993  
2512  -38.92006696021538  
2513  -38.9200671606216  
2514  -38.920067280552715  
2515  -38.92006743777262  
2516  -38.92006760620256  
2517  -38.920067714713824  
2518  -38.92006801288878  
2519  -38.92006810553674  
2520  -38.92006834544938  
2521  -38.9200684450708  
2522  -38.920068610512445  
2523  -38.92006874547867  
2524  -38.920068966145756  
2525  -38.920069110837794  
2526  -38.92006926923316  
2527  -38.920069489912066  
2528  -38.92006971348238  
2529  -38.920069863799704  
2530  -38.92007007506179  
2531  -38.920070206660576  
2532  -38.9200703718019  
2533  -38.92007066684495  
2534  -38.920070805535914  
2535  -38.92007100352453  
2536  -38.920071261310085  
2537  -38.920071463789505  
2538  -38.92007159993713  
2539  -38.92007176518103  
2540  -38.920071883177684  
2541  -38.920072039823836  
2542  -38.9200722404831  
2543  -38.92007238000076  
2544  -38.92007251514572  
2545  -38.920072672159094  
2546  -38.92007280453564  
2547  -38.92007295150408  
2548  -38.920073119523714  
2549  -38.920073256386786  
2550  -38.920073385230666  
2551  -38.920073527987526  
2552  -38.92007368601187  
2553  -38.92007382550616  
2554  -38.92007397385838  
2555  -38.920074101419424  
2556  -38.92007421040107  
2557  -38.92007433827257  
2558  -38.92007447040823  
2559  -38.92007458779502  
2560  -38.920074703675816  
2561  -38.92007482472506  
2562  -38.92007493680734  
2563  -38.92007505336264  
2564  -38.92007515575995  
2565  -38.92007530288854  
2566  -38.92007539046556  
2567  -38.92007547119891  
2568  -38.920075635821576  
2569  -38.920075723511516  
2570  -38.92007587181605  
2571  -38.92007596671823  
2572  -38.92007608864323  
2573  -38.920076172970234  
2574  -38.920076282902116  
2575  -38.920076297496365  
2576  -38.92007636997487  
2577  -38.920076494866365  
2578  -38.92007660792432  
2579  -38.9200767174166  
2580  -38.92007681561006  
2581  -38.92007690546508  
2582  -38.92007701763722  
2583  -38.92007710275123  
2584  -38.92007723645987  
2585  -38.92007730093763  
2586  -38.92007741316325  
2587  -38.92007748247517  
2588  -38.92007757616688  
2589  -38.92007769705183  
2590  -38.920077819614704  
2591  -38.920077894843274  
2592  -38.92007798516717  
2593  -38.920078054487036  
2594  -38.9200781439871  
2595  -38.920078270663005  
2596  -38.92007836581471  
2597  -38.92007841544049  
2598  -38.9200785454852  
2599  -38.920078587505394  
2600  -38.92007868300693  
2601  -38.9200787784929  
2602  -38.92007885478472  
2603  -38.92007897231625  
2604  -38.92007852872229  
2605  -38.920079037270156  
2606  -38.92007917164461  
2607  -38.92007925943808  
2608  -38.92007938192108  
2609  -38.9200794085874  
2610  -38.920079523307095  
2611  -38.92007958060874  
2612  -38.920079654813286  
2613  -38.92007972430542  
2614  -38.92007981396898  
2615  -38.92007987961275  
2616  -38.920079952260636  
2617  -38.92008001419338  
2618  -38.92008009251073  
2619  -38.92008015750804  
2620  -38.92008021675263  
2621  -38.92008028603383  
2622  -38.92008037529636  
2623  -38.92008043415705  
2624  -38.920080500726705  
2625  -38.9200805583344  
2626  -38.920080646299255  
2627  -38.92008071745797  
2628  -38.9200807743891  
2629  -38.920080861042806  
2630  -38.92008096059589  
2631  -38.920081025350925  
2632  -38.92008109897709  
2633  -38.9200811632662  
2634  -38.92008121908172  
2635  -38.92008131940053  
2636  -38.920081361847494  
2637  -38.92008140959166  
2638  -38.92008147920935  
2639  -38.920081526955364  
2640  -38.920081609150856  
2641  -38.92008170495979  
2642  -38.9200817586229  
2643  -38.92008181614072  
2644  -38.92008188494315  
2645  -38.920081960899864  
2646  -38.92008202155404  
2647  -38.920082065637615  
2648  -38.92008212621362  
2649  -38.92008217015633  
2650  -38.92008226026424  
2651  -38.920082300371426  
2652  -38.92008235503555  
2653  -38.920082429233965  
2654  -38.92008249067939  
2655  -38.920082556046815  
2656  -38.92008260431627  
2657  -38.920082649148945  
2658  -38.920082654076694  
2659  -38.92008269381746  
2660  -38.92008275831122  
2661  -38.92008280296832  
2662  -38.92008285434933  
2663  -38.92008289333319  
2664  -38.920082936143686  
2665  -38.92008298598274  
2666  -38.920083023339004  
2667  -38.92008305783373  
2668  -38.920083139186985  
2669  -38.92008316625851  
2670  -38.920083210605526  
2671  -38.920083269959626  
2672  -38.92008333455985  
2673  -38.92008338083142  
2674  -38.92008342908375  
2675  -38.92008346947175  
2676  -38.92008353274048  
2677  -38.920083553208094  
2678  -38.92008362448398  
2679  -38.92008365331046  
2680  -38.92008370310661  
2681  -38.920083758952025  
2682  -38.920083764191325  
2683  -38.92008379914644  
2684  -38.92008384349209  
2685  -38.92008388540887  
2686  -38.92008392970544  
2687  -38.920083985110224  
2688  -38.92008403957193  
2689  -38.920084099148404  
2690  -38.920084138708795  
2691  -38.9200841879391  
2692  -38.92008426985905  
2693  -38.92008432138751  
2694  -38.92008436461419  
2695  -38.920084407206694  
2696  -38.92008445640543  
2697  -38.92008450393092  
2698  -38.9200845777838  
2699  -38.92008462232664  
2700  -38.92008466545568  
2701  -38.92008469633757  
2702  -38.92008474600405  
2703  -38.92008479224872  
2704  -38.920084835830444  
2705  -38.92008490245091  
2706  -38.92008495930259  
2707  -38.9200849976476  
2708  -38.92008504180868  
2709  -38.920085079934175  
2710  -38.92008513449188  
2711  -38.92008518872882  
2712  -38.920085233756744  
2713  -38.92008526924306  
2714  -38.92008534540794  
2715  -38.92008537564256  
2716  -38.92008542165861  
2717  -38.92008546257927  
2718  -38.92008550109539  
2719  -38.92008556199093  
2720  -38.92008556901508  
2721  -38.92008560688683  
2722  -38.92008565399718  
2723  -38.920085695505406  
2724  -38.920085738954775  
2725  -38.9200857910478  
2726  -38.92008583784645  
2727  -38.9200858903673  
2728  -38.920085933543625  
2729  -38.92008596868897  
2730  -38.92008603864161  
2731  -38.92008605306377  
2732  -38.920086101436986  
2733  -38.920086131771654  
2734  -38.92008617266391  
2735  -38.920086221324375  
2736  -38.920086214479305  
2737  -38.92008626457501  
2738  -38.92008633970826  
2739  -38.92008638180614  
2740  -38.920086423769426  
2741  -38.920086460366804  
2742  -38.92008650510545  
2743  -38.920086557816965  
2744  -38.92008659938633  
2745  -38.92008663459597  
2746  -38.92008667646342  
2747  -38.92008671930406  
2748  -38.920086762533714  
2749  -38.9200868190303  
2750  -38.92008685636475  
2751  -38.92008690040591  
2752  -38.92008694852193  
2753  -38.92008698322326  
2754  -38.92008702517543  
2755  -38.9200870948532  
2756  -38.92008712571813  
2757  -38.92008715878372  
2758  -38.92008720789363  
2759  -38.92008725296152  
2760  -38.920087288360016  
2761  -38.92008735409929  
2762  -38.92008739091611  
2763  -38.920087434741525  
2764  -38.920087497586934  
2765  -38.92008747353847  
2766  -38.920087541200346  
2767  -38.92008759606742  
2768  -38.920087633550715  
2769  -38.92008768213919  
2770  -38.92008773362715  
2771  -38.920087783996415  
2772  -38.920087834328385  
2773  -38.920087869978694  
2774  -38.92008789974837  
2775  -38.92008796871409  
2776  -38.92008797660322  
