0  -37.20845038292755  
2  -37.68966721158475  
3  -37.73876715799849  
4  -37.75381165189582  
5  -37.777772559159565  
6  -37.80733921406119  
7  -37.84227090540283  
8  -37.87713304088997  
9  -37.90178437234723  
10  -37.92386179342969  
11  -37.94938559456168  
12  -37.973402822431545  
13  -37.99406911532572  
14  -38.01459241934082  
15  -38.03256616560908  
16  -38.05015660735141  
17  -38.0674188146657  
18  -38.08263671694715  
19  -38.100418793508595  
20  -38.1152617917521  
21  -38.12867049703736  
22  -38.138780375363275  
23  -38.14745960757773  
24  -38.153722259336014  
25  -38.159433671432645  
26  -38.16602088230112  
27  -38.17195084561109  
28  -38.17698833456469  
29  -38.182388626046404  
30  -38.18636935674481  
31  -38.1901507902405  
32  -38.19425174446836  
33  -38.19727817989961  
34  -38.201553645588405  
35  -38.20613467045645  
36  -38.21043273871366  
37  -38.213486848845115  
38  -38.21768619634619  
39  -38.219674702233426  
40  -38.2224796890372  
41  -38.224626612762  
42  -38.22700478254612  
43  -38.228469418053265  
44  -38.23192977008591  
45  -38.23342243701444  
46  -38.23538049697244  
47  -38.236952315814854  
48  -38.23938098227826  
49  -38.241070707353224  
50  -38.24289502843153  
51  -38.24658586989927  
52  -38.248405225943486  
53  -38.25013713423907  
54  -38.25535956554236  
55  -38.262554772365434  
56  -38.26832129259681  
57  -38.27170628322633  
58  -38.27524346293487  
59  -38.27762600273853  
60  -38.27920454968912  
61  -38.280236434151824  
62  -38.28178289789763  
63  -38.282708866536936  
64  -38.28395406098644  
65  -38.28471413053924  
66  -38.2854215442125  
67  -38.28637691643797  
68  -38.28749335582301  
69  -38.288335095502504  
70  -38.289568018546106  
71  -38.29042398319713  
72  -38.291583882252866  
73  -38.29320246881607  
74  -38.29430400657092  
75  -38.295841423177954  
76  -38.2976243116756  
77  -38.29846826530096  
78  -38.29970380703912  
79  -38.30065931880751  
80  -38.30176440200185  
81  -38.3028346748624  
82  -38.3038282040906  
83  -38.30524461623503  
84  -38.30705215747959  
85  -38.30828525395471  
86  -38.3100151414366  
87  -38.31124572633562  
88  -38.31283341041234  
89  -38.31383708657661  
90  -38.314834745159466  
91  -38.31578920543925  
92  -38.3168070849338  
93  -38.31732758148207  
94  -38.31800618793112  
95  -38.31853169939982  
96  -38.31902799551505  
97  -38.31954466335257  
98  -38.31996993194496  
99  -38.32058349045525  
100  -38.32110120962963  
101  -38.3216028769736  
102  -38.32218682875212  
103  -38.32272185844807  
104  -38.323277456640234  
105  -38.32401050543034  
106  -38.32460257711686  
107  -38.32543384513522  
108  -38.32623111810883  
109  -38.327090203712466  
110  -38.328041280043315  
111  -38.32926175463592  
112  -38.330582244683804  
113  -38.33150226684542  
114  -38.33267023666772  
115  -38.333205100630224  
116  -38.33420579283325  
117  -38.334612883741045  
118  -38.33512880468158  
119  -38.335565384332156  
120  -38.33607112636005  
121  -38.33632157653433  
122  -38.33681384409596  
123  -38.337017013762726  
124  -38.337560938015294  
125  -38.33778882935012  
126  -38.338106148702686  
127  -38.338375023688215  
128  -38.338757456935205  
129  -38.33900236498784  
130  -38.33921730941104  
131  -38.3393676061383  
132  -38.33966443963108  
133  -38.33982202337179  
134  -38.33996891387659  
135  -38.34018204644798  
136  -38.34040719433859  
137  -38.34057834849202  
138  -38.34079125561241  
139  -38.34092753052028  
140  -38.34107064107004  
141  -38.341320820080014  
142  -38.34140900462144  
143  -38.341511554053156  
144  -38.34168510461764  
145  -38.341767527965835  
146  -38.34181924486921  
147  -38.34205827059499  
148  -38.34210558058852  
149  -38.34217421565676  
150  -38.34224287933761  
151  -38.342318130071014  
152  -38.34237114881112  
153  -38.34240557903875  
154  -38.34246292901015  
155  -38.34251304348586  
156  -38.34255082417051  
157  -38.342595117234104  
158  -38.34263330125869  
159  -38.34268780694578  
160  -38.34272337973016  
161  -38.342765375989174  
162  -38.34280452807509  
163  -38.34284757289318  
164  -38.3428793307601  
165  -38.34294592308878  
166  -38.34298304242017  
167  -38.343029582196976  
168  -38.343100295095184  
169  -38.34305404026827  
170  -38.34314996582042  
171  -38.343220831113015  
172  -38.343271927704855  
173  -38.343337535328835  
174  -38.343398422687144  
175  -38.34347589407232  
176  -38.343556902854466  
177  -38.343621239784554  
178  -38.34368486503057  
179  -38.343828333579474  
180  -38.343917166887884  
181  -38.344025970480196  
182  -38.34418870558655  
183  -38.34437459420633  
184  -38.344572137611735  
185  -38.34485109408605  
186  -38.34506176853219  
187  -38.34534220311226  
188  -38.34572136618985  
189  -38.34591669246738  
190  -38.346143609099094  
191  -38.346417544235884  
192  -38.34660284288568  
193  -38.346862714522395  
194  -38.347046323323354  
195  -38.3471563848931  
196  -38.347268795831354  
197  -38.347374379274896  
198  -38.34750370198098  
199  -38.347567764292734  
200  -38.34764674024358  
201  -38.34770232738436  
202  -38.34778293695267  
203  -38.34782852135538  
204  -38.347871319048636  
205  -38.34793981845823  
206  -38.34799115314041  
207  -38.34803328269848  
208  -38.3480698044116  
209  -38.348108937774484  
210  -38.34816256959595  
211  -38.348209392546345  
212  -38.348245706349964  
213  -38.348291348197684  
214  -38.348327015143646  
215  -38.34838137113687  
216  -38.3484162312191  
217  -38.348455848306074  
218  -38.34853241717494  
219  -38.348598223893525  
220  -38.34864921038831  
221  -38.34871113076867  
222  -38.34876689432725  
223  -38.348853664347416  
224  -38.34892242687299  
225  -38.34899434783354  
226  -38.34904751947012  
227  -38.34911882400031  
228  -38.34918312226367  
229  -38.34924240550274  
230  -38.34929380119705  
231  -38.349336967642266  
232  -38.34939974071023  
233  -38.34945278467412  
234  -38.34950378501972  
235  -38.34954315430392  
236  -38.34958228842171  
237  -38.34961981049083  
238  -38.349655345459716  
239  -38.349692255407206  
240  -38.349727565552804  
241  -38.34975361988201  
242  -38.34978184904908  
243  -38.349814651051325  
244  -38.349840598323944  
245  -38.34986250936728  
246  -38.349882012153344  
247  -38.34990691532585  
248  -38.349928164886954  
249  -38.34994713603624  
250  -38.34996641951003  
251  -38.34998609942525  
252  -38.35000172367614  
253  -38.3500154857094  
254  -38.35003582181462  
255  -38.35004597692173  
256  -38.350057693919496  
257  -38.35006816804569  
258  -38.350078188282595  
259  -38.35009180429391  
260  -38.350106178213096  
261  -38.35011293891093  
262  -38.35012501427719  
263  -38.35013182087093  
264  -38.35014171382932  
265  -38.35015110230145  
266  -38.35015706311684  
267  -38.35016548710596  
268  -38.35017564169546  
269  -38.35018091888642  
270  -38.35018973367294  
271  -38.35019612833616  
272  -38.35020449750668  
273  -38.35020983697224  
274  -38.35021638293653  
275  -38.350222458493825  
276  -38.35022965963751  
277  -38.350234695064955  
278  -38.35023968751152  
279  -38.350243978208475  
280  -38.35024886809653  
281  -38.350253188909285  
282  -38.350256729483995  
283  -38.35026012230341  
284  -38.35026600343526  
285  -38.35026830713742  
286  -38.350272655812965  
287  -38.350275272196406  
288  -38.35028013572089  
289  -38.350282990723805  
290  -38.350285636832695  
291  -38.35029061061372  
292  -38.35028859350565  
293  -38.350293528701286  
294  -38.35029822306957  
295  -38.350301919918344  
296  -38.350306309311044  
297  -38.35030987245403  
298  -38.35031286142439  
299  -38.35031716766585  
300  -38.35032011628131  
301  -38.35032470952394  
302  -38.350327637999385  
303  -38.35033178858592  
304  -38.350334928321836  
305  -38.3503387046299  
306  -38.35034254990313  
307  -38.350347718568585  
308  -38.35035116724838  
309  -38.350355095825904  
310  -38.35035826922598  
311  -38.35036245590789  
312  -38.350367810114214  
313  -38.3503716100243  
314  -38.350377679805504  
315  -38.350384467972695  
316  -38.350388731386815  
317  -38.35039600623983  
318  -38.35040081561008  
319  -38.35040548543377  
320  -38.35041406461238  
321  -38.350419207309194  
322  -38.350430615803916  
323  -38.35044083411411  
324  -38.35045341452798  
325  -38.35046340671439  
326  -38.350471269412104  
327  -38.35048601605122  
328  -38.35049907296343  
329  -38.35051316216307  
330  -38.35052676777702  
331  -38.35053998622895  
332  -38.35056397245535  
333  -38.3505825964302  
334  -38.35060174180945  
335  -38.350617022507144  
336  -38.350632595257764  
337  -38.35065333361357  
338  -38.35067183428541  
339  -38.35068608719823  
340  -38.350700173792845  
341  -38.35071358976669  
342  -38.3507295586309  
343  -38.35074045555423  
344  -38.35075071642961  
345  -38.35076101016001  
346  -38.35077473145984  
347  -38.35078165247756  
348  -38.3507903449722  
349  -38.35079642324964  
350  -38.35080752589121  
351  -38.350814289255  
352  -38.35081990516646  
353  -38.35083056688844  
354  -38.35082336238756  
355  -38.350837258536245  
356  -38.35084696636275  
357  -38.350855120425116  
358  -38.35086575302619  
359  -38.35087546103947  
360  -38.35088792930823  
361  -38.350904071968756  
362  -38.35092276990369  
363  -38.35096372126319  
364  -38.35101929915832  
365  -38.35110976440124  
366  -38.35129590800603  
367  -38.35145243756851  
368  -38.351622326996996  
369  -38.35182386295722  
370  -38.35197671936266  
371  -38.35214268256058  
372  -38.35227604628463  
373  -38.35247938885957  
374  -38.352576714155845  
375  -38.35276771145841  
376  -38.35287050540093  
377  -38.352959186067324  
378  -38.35312424203565  
379  -38.35300369623131  
380  -38.35320853335804  
381  -38.35331976682194  
382  -38.353398844505506  
383  -38.3534795851846  
384  -38.353541120752425  
385  -38.35358918689577  
386  -38.35364170475948  
387  -38.353675560483325  
388  -38.35371641021934  
389  -38.353738730070305  
390  -38.3537559246875  
391  -38.353774169002925  
392  -38.35378862938461  
393  -38.35380379459046  
394  -38.35381403138459  
395  -38.35382261919445  
396  -38.35383006134572  
397  -38.35383826756767  
398  -38.353843564324016  
399  -38.35384892653859  
400  -38.35385306158189  
401  -38.3538609062128  
402  -38.353863486116886  
403  -38.35386701213783  
404  -38.35387186390576  
405  -38.353870988239024  
406  -38.35387500827879  
407  -38.35387891611688  
408  -38.35388170173083  
409  -38.35388529527648  
410  -38.353887762003815  
411  -38.3538906571185  
412  -38.3538931260631  
413  -38.353895175348086  
414  -38.35389930184446  
415  -38.35390169739755  
416  -38.35390430277714  
417  -38.35390615597102  
418  -38.35390803515566  
419  -38.35390899689166  
420  -38.35391246377742  
421  -38.35391363039641  
422  -38.35391516238727  
423  -38.35391709901772  
424  -38.3539174650268  
425  -38.35392002044579  
426  -38.35392068013039  
427  -38.35392181360755  
428  -38.3539233033402  
429  -38.35392431627139  
430  -38.35392558578235  
431  -38.35392646840607  
432  -38.35392741616841  
433  -38.353927805683185  
434  -38.353929615946704  
435  -38.35393026981545  
436  -38.35393122168084  
437  -38.353932439755205  
438  -38.35393134043445  
439  -38.35393318906605  
440  -38.35393439037555  
441  -38.35393534040488  
442  -38.35393657387497  
443  -38.35393764594383  
444  -38.35393869118819  
445  -38.3539400276843  
446  -38.35394095423522  
447  -38.35394262947313  
448  -38.35394402715881  
449  -38.35394555599903  
450  -38.35394681664928  
451  -38.353948043328046  
452  -38.35394933049692  
453  -38.35395071334535  
454  -38.35395206373366  
455  -38.35395341239482  
456  -38.353954484079075  
457  -38.353956257868155  
458  -38.35395729372009  
459  -38.35395863491421  
460  -38.35396051587324  
461  -38.35396267345852  
462  -38.35396445257232  
463  -38.353966907391154  
464  -38.3539689531796  
465  -38.353970802989984  
466  -38.35397431480993  
467  -38.3539766962184  
468  -38.35397894253894  
469  -38.353986289905684  
470  -38.353987352807465  
471  -38.353992368601475  
472  -38.3539957861422  
473  -38.354002521783634  
474  -38.35400958100181  
475  -38.35401275149404  
476  -38.354031150509705  
477  -38.35403961465123  
478  -38.35404986990834  
479  -38.35406198633143  
480  -38.354079447414804  
481  -38.35409599910122  
482  -38.35410870000157  
483  -38.35411982120365  
484  -38.35413463147939  
485  -38.354146889958955  
486  -38.354160007186124  
487  -38.35417099706405  
488  -38.354185650011146  
489  -38.354189885980354  
490  -38.35420504961565  
491  -38.35421072036454  
492  -38.354218725715846  
493  -38.35423111378801  
494  -38.35423037774429  
495  -38.354239628329545  
496  -38.35425128251725  
497  -38.35425880059158  
498  -38.35426819813481  
499  -38.354277060336834  
500  -38.35428653878553  
501  -38.35429730079118  
502  -38.354303918609624  
503  -38.354313121213686  
504  -38.35432137205631  
505  -38.354329503417134  
506  -38.35433559781408  
507  -38.35434138675892  
508  -38.35434804125731  
509  -38.3543514737609  
510  -38.35435824701409  
511  -38.35435615364761  
512  -38.35436146694032  
513  -38.35436641047494  
514  -38.3543714151218  
515  -38.35437538867365  
516  -38.35437943588141  
517  -38.35438377038519  
518  -38.35438737788892  
519  -38.35439112212081  
520  -38.354394430686646  
521  -38.35439861482064  
522  -38.35440084863628  
523  -38.354404621314764  
524  -38.35440740673962  
525  -38.35441004288237  
526  -38.35441472343018  
527  -38.354411611833754  
528  -38.35441743596263  
529  -38.35442057199514  
530  -38.35442318228601  
531  -38.354426106977314  
532  -38.35442939022943  
533  -38.354432581260724  
534  -38.354436246548964  
535  -38.35443878378199  
536  -38.354441173085775  
537  -38.35444507562716  
538  -38.35444732141461  
539  -38.354449623778116  
540  -38.35445313069038  
541  -38.354454701010155  
542  -38.35445660507888  
543  -38.35446127495699  
544  -38.35446201253091  
545  -38.354463565902634  
546  -38.35446551411633  
547  -38.35446728331635  
548  -38.35446984417538  
549  -38.35445947677836  
550  -38.35447091594095  
551  -38.35447344822258  
552  -38.35447521877914  
553  -38.3544767069221  
554  -38.35447818728799  
555  -38.35447904715035  
556  -38.35448064643099  
557  -38.35448154221993  
558  -38.35448285823558  
559  -38.35448395396682  
560  -38.35448500367128  
561  -38.354486913255556  
562  -38.35448713692513  
563  -38.354488113332266  
564  -38.35448938586784  
565  -38.354490582375064  
566  -38.35449182839154  
567  -38.354493390907635  
568  -38.35449484265331  
569  -38.35449621807274  
570  -38.354497286330805  
571  -38.35449900900521  
572  -38.35450021605349  
573  -38.35450173555516  
574  -38.3545027743027  
575  -38.35450404183523  
576  -38.35450554618557  
577  -38.354507346454575  
578  -38.35450839977346  
579  -38.35450981298694  
580  -38.35451028996757  
581  -38.35451166893243  
582  -38.35451253108394  
583  -38.35451328809553  
584  -38.35451466788025  
585  -38.35451365292436  
586  -38.354515523839886  
587  -38.3545171291652  
588  -38.35451816654004  
589  -38.35451924817857  
590  -38.354520128259814  
591  -38.35452088426724  
592  -38.35452200453533  
593  -38.354522712441465  
594  -38.35452339510215  
595  -38.35452423460713  
596  -38.35452484476542  
597  -38.35452499799236  
598  -38.354526615218475  
599  -38.35452698279837  
600  -38.35452766585076  
601  -38.35452866756001  
602  -38.35452855189626  
603  -38.35452937948005  
604  -38.35453049235349  
605  -38.35453128972279  
606  -38.35453220727936  
607  -38.354533102035155  
608  -38.35453400611003  
609  -38.354534995549315  
610  -38.354535921594085  
611  -38.35453652555191  
612  -38.35453760578625  
613  -38.354538140484955  
614  -38.35453894194187  
615  -38.35453982724797  
616  -38.35454044309122  
617  -38.35454151213987  
618  -38.35454252574036  
619  -38.35454307349771  
620  -38.35454388504454  
621  -38.35454448801707  
622  -38.35454521393329  
623  -38.35454623941299  
624  -38.354546814520624  
625  -38.35454785355702  
626  -38.35454858172732  
627  -38.35454961707285  
628  -38.354550443023285  
629  -38.354551190647356  
630  -38.354551709846675  
631  -38.35455282159619  
632  -38.35455342176663  
633  -38.35455413771975  
634  -38.35455512219666  
635  -38.35455504700011  
636  -38.3545558799224  
637  -38.35455685042437  
638  -38.3545576282798  
639  -38.354558548729585  
640  -38.354559660750276  
641  -38.354560853374  
642  -38.35456220138469  
643  -38.35456310308974  
644  -38.35456430641745  
645  -38.35456608185752  
646  -38.3545674744237  
647  -38.35456856118201  
648  -38.35457043418878  
649  -38.354571585579166  
650  -38.35457298535246  
651  -38.354575511302656  
652  -38.3545767336461  
653  -38.354578025763225  
654  -38.35458057264352  
655  -38.35458199813424  
656  -38.354583891069296  
657  -38.354587427201096  
658  -38.35458997337084  
659  -38.354591337821574  
660  -38.354595195605555  
661  -38.35459787456154  
662  -38.354601036366695  
663  -38.35460511554212  
664  -38.35460820225305  
665  -38.35461298640842  
666  -38.354616544645985  
667  -38.35462082512783  
668  -38.354624619738615  
669  -38.35462873959252  
670  -38.35463252082706  
671  -38.35463909782498  
672  -38.354642629671154  
673  -38.354646844354065  
674  -38.35465120865741  
675  -38.354657202367065  
676  -38.354663371897225  
677  -38.35466810548529  
678  -38.35467162556734  
679  -38.354676563041004  
680  -38.35468074603845  
681  -38.3546850430562  
682  -38.35468896875844  
683  -38.35469551842281  
684  -38.35469819765345  
685  -38.354701697655806  
686  -38.35470642644098  
687  -38.35471050995529  
688  -38.35471527438035  
689  -38.35471835545052  
690  -38.3547214852539  
691  -38.35472574893821  
692  -38.35473194558806  
693  -38.354735211396886  
694  -38.35473927525705  
695  -38.354743140176566  
696  -38.35474775337222  
697  -38.35475144920884  
698  -38.35475493535  
699  -38.35475850683707  
700  -38.35476244868313  
701  -38.35476642796111  
702  -38.35476829644655  
703  -38.35477215535725  
704  -38.35477461624771  
705  -38.35477720858624  
706  -38.35478120992467  
707  -38.35478531278045  
708  -38.354787976387406  
709  -38.35479085872461  
710  -38.35479298857846  
711  -38.35479574680907  
712  -38.354799824788714  
713  -38.35480192890485  
714  -38.35480349742215  
715  -38.354808234359574  
716  -38.35480871715233  
717  -38.35481100513944  
718  -38.35481255757579  
719  -38.354814869163775  
720  -38.35481721171173  
721  -38.35481843235795  
722  -38.35482312946428  
723  -38.3548242628293  
724  -38.35482561175574  
725  -38.3548276271784  
726  -38.35482961345874  
727  -38.35483139881386  
728  -38.35483262181758  
729  -38.35483394010783  
730  -38.354835094833334  
731  -38.35483755532524  
732  -38.354838511337014  
733  -38.3548396101048  
734  -38.35484126541625  
735  -38.354842365395264  
736  -38.35484458795949  
737  -38.35484541806977  
738  -38.35484639734649  
739  -38.354848043474405  
740  -38.35484983720805  
741  -38.354851159617105  
742  -38.35485269009609  
743  -38.35485391098747  
744  -38.35485495936133  
745  -38.35485721450245  
746  -38.354858020545585  
747  -38.354858956935374  
748  -38.35486037119581  
749  -38.354861477512785  
750  -38.35486354937363  
751  -38.35486304588883  
752  -38.354864822184936  
753  -38.354866051487136  
754  -38.35486696553017  
755  -38.35486824040356  
756  -38.35486964428924  
757  -38.354870931000214  
758  -38.35487219722386  
759  -38.35487317379234  
760  -38.35487467037178  
761  -38.354875246609396  
762  -38.35487708119153  
763  -38.3548777887514  
764  -38.35487904446526  
765  -38.35488056219176  
766  -38.35488202491618  
767  -38.35488312153058  
768  -38.35488450649955  
769  -38.354885434478014  
770  -38.35488670296869  
771  -38.35488802346481  
772  -38.35488903196912  
773  -38.35488990814042  
774  -38.354891440908894  
775  -38.354892270931515  
776  -38.35489301225533  
777  -38.354894533530114  
778  -38.354895428539294  
779  -38.35489658411289  
780  -38.354897852337594  
781  -38.35489858354219  
782  -38.354899674930934  
783  -38.35490042551061  
784  -38.3549015577176  
785  -38.35490242923544  
786  -38.354903176940674  
787  -38.354904554350995  
788  -38.35490560632109  
789  -38.35490637827882  
790  -38.35490726241027  
791  -38.35490797366631  
792  -38.354908941165064  
793  -38.354909970737815  
794  -38.35491073955816  
795  -38.35491140276394  
796  -38.35491247906477  
797  -38.35491315817439  
798  -38.35491402483802  
799  -38.354914946408215  
800  -38.354915655855834  
801  -38.35491615249524  
802  -38.354917077865544  
803  -38.3549176918203  
804  -38.35491831480946  
805  -38.35491915738223  
806  -38.35491962456043  
807  -38.354920263603326  
808  -38.35492122576054  
809  -38.354921616250024  
810  -38.35492228589811  
811  -38.35492290291417  
812  -38.35492365701667  
813  -38.354924297138936  
814  -38.354924776539114  
815  -38.35492539640265  
816  -38.354926071273056  
817  -38.35492659529167  
818  -38.35492724519709  
819  -38.354927742888904  
820  -38.35492818834263  
821  -38.354929036830946  
822  -38.354929379140174  
823  -38.354929807329505  
824  -38.354930299805154  
825  -38.35493062601664  
826  -38.354931420924736  
827  -38.354931827279685  
828  -38.35493241249053  
829  -38.35493268431604  
830  -38.35493314546702  
831  -38.35493371529559  
832  -38.35493428511631  
833  -38.35493463903809  
834  -38.35493508250089  
835  -38.35493558692039  
836  -38.3549361981435  
837  -38.354936745764135  
838  -38.35493720299789  
839  -38.35493767873284  
840  -38.35493824249977  
841  -38.35493875816857  
842  -38.35493919965443  
843  -38.35493955447182  
844  -38.35494005039248  
845  -38.354940545976696  
846  -38.35494104251667  
847  -38.35494153460834  
848  -38.35494197027123  
849  -38.35494244394705  
850  -38.35494289918148  
851  -38.35494351268843  
852  -38.35494393874259  
853  -38.35494435541334  
854  -38.35494476845552  
855  -38.35494515876227  
856  -38.35494550064502  
857  -38.35494614282941  
858  -38.354946423994065  
859  -38.35494677175661  
860  -38.3549471611769  
861  -38.35494768520991  
862  -38.35494803882399  
863  -38.35494838468354  
864  -38.354948725549555  
865  -38.35494914150275  
866  -38.35494951346812  
867  -38.35494997171167  
868  -38.354950342548  
869  -38.35495070321429  
870  -38.354951056318654  
871  -38.35495139901902  
872  -38.35495189432937  
873  -38.3549524307992  
874  -38.35495269157231  
875  -38.35495310697649  
876  -38.35495346330714  
877  -38.3549539374734  
878  -38.354954352377504  
879  -38.35495472936438  
880  -38.354954985395956  
881  -38.35495565619794  
882  -38.354955935471494  
883  -38.35495633246861  
884  -38.35495690513092  
885  -38.3549574975627  
886  -38.354957939562354  
887  -38.35495842676722  
888  -38.35495883047298  
889  -38.354959437277024  
890  -38.354960009018875  
891  -38.354960591838434  
892  -38.354960950041004  
893  -38.35496156199129  
894  -38.35496205541048  
895  -38.354962459020655  
896  -38.354963151816136  
897  -38.35496359381446  
898  -38.35496424314525  
899  -38.354964799406744  
900  -38.35496540315263  
901  -38.35496592393396  
902  -38.35496634464775  
903  -38.35496680422108  
904  -38.354967280830934  
905  -38.35496785957094  
906  -38.35496837268569  
907  -38.35496886314842  
908  -38.35496930861576  
909  -38.354969754885424  
910  -38.35497011060831  
911  -38.35497086249273  
912  -38.35497115250267  
913  -38.35497151813657  
914  -38.35497213074902  
915  -38.35497271008913  
916  -38.35497316201918  
917  -38.354973640274395  
918  -38.35497405018673  
919  -38.35497465739802  
920  -38.35497507916462  
921  -38.354975718581876  
922  -38.354976089918054  
923  -38.35497664747458  
924  -38.354977228550396  
925  -38.35497795059738  
926  -38.35497848951791  
927  -38.35497906929075  
928  -38.354979584098245  
929  -38.35498012353424  
930  -38.35498102189473  
931  -38.35498143803015  
932  -38.35498182478492  
933  -38.354982767216185  
934  -38.35498324471356  
935  -38.35498364422414  
936  -38.354984737093275  
937  -38.35498505606215  
938  -38.354985781826024  
939  -38.35498605483559  
940  -38.35498701787384  
941  -38.35498742527216  
942  -38.354987870284425  
943  -38.35498864125569  
944  -38.354988580940585  
945  -38.354989195952996  
946  -38.35498996155359  
947  -38.35499050091791  
948  -38.35499121227362  
949  -38.35499194535891  
950  -38.354992686777045  
951  -38.354993614463325  
952  -38.35499413416666  
953  -38.35499464073299  
954  -38.35499580152963  
955  -38.35499626132555  
956  -38.35499674798995  
957  -38.35499769924991  
958  -38.35499816900634  
959  -38.35499926734857  
960  -38.35500006173802  
961  -38.35500058304866  
962  -38.35500129771768  
963  -38.355001855246606  
964  -38.35500267346962  
965  -38.35500345544846  
966  -38.355004257540614  
967  -38.35500482589929  
968  -38.355005440617724  
969  -38.35500605840922  
970  -38.35500678112673  
971  -38.355007423129194  
972  -38.355007936608985  
973  -38.35500848535424  
974  -38.35500933785066  
975  -38.355009824445105  
976  -38.3550103460215  
977  -38.355010936091006  
978  -38.35501184918912  
979  -38.35501243279758  
980  -38.355013014605795  
981  -38.35501391666483  
982  -38.355014204260726  
983  -38.35501529859433  
984  -38.35501564823622  
985  -38.35501625520995  
986  -38.35501666923244  
987  -38.355017501677146  
988  -38.3550179686374  
989  -38.3550184735159  
990  -38.35501933702628  
991  -38.35501911752871  
992  -38.35501987006843  
993  -38.355020506885694  
994  -38.355021031367514  
995  -38.35502164964238  
996  -38.355022236159044  
997  -38.35502272704509  
998  -38.355023447625705  
999  -38.35502387376605  
1000  -38.35502438346036  
1001  -38.35502524753835  
1002  -38.355025660283744  
1003  -38.35502620923706  
1004  -38.35502674571322  
1005  -38.35502755150113  
1006  -38.3550278164367  
1007  -38.35502857890809  
1008  -38.35502853196502  
1009  -38.355028955863915  
1010  -38.355029328263775  
1011  -38.35502997612959  
1012  -38.35503036820016  
1013  -38.355030830356036  
1014  -38.355031561607646  
1015  -38.35503197332838  
1016  -38.355032640761614  
1017  -38.355033147867054  
1018  -38.3550336623408  
1019  -38.35503405690991  
1020  -38.35503452427423  
1021  -38.355035039574204  
1022  -38.35503547572428  
1023  -38.35503604391235  
1024  -38.35503651783693  
1025  -38.35503687627113  
1026  -38.355037403452016  
1027  -38.35503775665025  
1028  -38.35503814036362  
1029  -38.35503887772752  
1030  -38.35503919983366  
1031  -38.35503968635073  
1032  -38.355039982711155  
1033  -38.355040700747914  
1034  -38.3550409379215  
1035  -38.35504151754087  
1036  -38.35504173834454  
1037  -38.35504222939209  
1038  -38.35504255680688  
1039  -38.35504289893265  
1040  -38.35504342802487  
1041  -38.35504234784667  
1042  -38.355043688409644  
1043  -38.35504423693768  
1044  -38.355044689428894  
1045  -38.3550451660441  
1046  -38.355045533525214  
1047  -38.355045870787755  
1048  -38.355046456881325  
1049  -38.35504679440412  
1050  -38.355047228778744  
1051  -38.35504762411551  
1052  -38.35504816623145  
1053  -38.35504846910048  
1054  -38.355049051773904  
1055  -38.35504931534439  
1056  -38.35504995286777  
1057  -38.35505029556787  
1058  -38.35505062370829  
1059  -38.35505110975867  
1060  -38.355051660843955  
1061  -38.35505205933513  
1062  -38.35505247331316  
1063  -38.35505274653645  
1064  -38.35505306729012  
1065  -38.355053729669365  
1066  -38.35505398329027  
1067  -38.35505429174173  
1068  -38.35505497948127  
1069  -38.355055265897604  
1070  -38.355055632605655  
1071  -38.355056242027274  
1072  -38.35505646024776  
1073  -38.35505674260855  
1074  -38.355057191301235  
1075  -38.35505752433259  
1076  -38.355058101128975  
1077  -38.35505851351732  
1078  -38.355058922874115  
1079  -38.35505923224916  
1080  -38.355059592912376  
1081  -38.35505984077497  
1082  -38.35506050043439  
1083  -38.35506074401847  
1084  -38.3550610846585  
1085  -38.3550614906422  
1086  -38.355061904337056  
1087  -38.3550622517282  
1088  -38.35506256191344  
1089  -38.355062830146714  
1090  -38.35506329761231  
1091  -38.355063710484295  
1092  -38.35506398155452  
1093  -38.355064357698126  
1094  -38.35506460370858  
1095  -38.3550650616777  
1096  -38.35506537222671  
1097  -38.3550656375359  
1098  -38.3550661787278  
1099  -38.355066339363965  
1100  -38.35506690125586  
1101  -38.35506709953084  
1102  -38.35506745354217  
1103  -38.355067875402746  
1104  -38.35506833181243  
1105  -38.35506861338325  
1106  -38.355068942376334  
1107  -38.35506923401603  
1108  -38.355069589806604  
1109  -38.35506991972994  
1110  -38.35507033449869  
1111  -38.355070521052355  
1112  -38.35507098089766  
1113  -38.35507100123168  
1114  -38.3550712065199  
1115  -38.35507148191218  
1116  -38.355071940119885  
1117  -38.35507221497414  
1118  -38.35507254656775  
1119  -38.35507294011652  
1120  -38.35507326216178  
1121  -38.35507360360594  
1122  -38.35507389545223  
1123  -38.355074255872886  
1124  -38.355074512966745  
1125  -38.35507480230631  
1126  -38.35507515922445  
1127  -38.35507548231529  
1128  -38.355075654847305  
1129  -38.35507614881249  
1130  -38.35507617846219  
1131  -38.35507637906421  
1132  -38.35507658083411  
1133  -38.355076984235104  
1134  -38.35507717929243  
1135  -38.355077408019326  
1136  -38.355077803381946  
1137  -38.35507803309686  
1138  -38.35507855471025  
1139  -38.35507875154062  
1140  -38.35507916778047  
1141  -38.355079389857586  
1142  -38.355079672820175  
1143  -38.35508028193336  
1144  -38.35507921403945  
1145  -38.35508051996754  
1146  -38.3550810047202  
1147  -38.35508138655021  
1148  -38.35508174915407  
1149  -38.35508208965669  
1150  -38.3550823399511  
1151  -38.35508272789964  
1152  -38.3550829359275  
1153  -38.35508315397192  
1154  -38.35508345215594  
1155  -38.35508365582751  
1156  -38.35508380155677  
1157  -38.35508431669734  
1158  -38.35508451754774  
1159  -38.35508474309595  
1160  -38.355085086216604  
1161  -38.35508522984433  
1162  -38.35508571141215  
1163  -38.35508583873606  
1164  -38.3550861171714  
1165  -38.35508630079418  
1166  -38.35508666747389  
1167  -38.35508688450199  
1168  -38.35508711524018  
1169  -38.35508749997069  
1170  -38.35508696891517  
1171  -38.35508768236218  
1172  -38.35508800688086  
1173  -38.355088262389145  
1174  -38.35508860121794  
1175  -38.35508886135433  
1176  -38.35508910466085  
1177  -38.35508942706421  
1178  -38.35508965774332  
1179  -38.35509006811767  
1180  -38.35509029305842  
1181  -38.355090536516315  
1182  -38.355090776080175  
1183  -38.3550910402601  
1184  -38.355091256323526  
1185  -38.3550916355032  
1186  -38.35509179762594  
1187  -38.35509204336087  
1188  -38.35509232531044  
1189  -38.355092640748396  
1190  -38.35509288910195  
1191  -38.35509317012722  
1192  -38.355093386048274  
1193  -38.35509366192294  
1194  -38.35509391851159  
1195  -38.35509427349712  
1196  -38.35509440979891  
1197  -38.35509475966925  
1198  -38.355094741497275  
1199  -38.355094919129066  
1200  -38.355095102935934  
1201  -38.355095425827386  
1202  -38.355095610544424  
1203  -38.35509582397921  
1204  -38.35509608223884  
1205  -38.3550962818325  
1206  -38.355096550324724  
1207  -38.3550968182353  
1208  -38.3550970748174  
1209  -38.35509729907959  
1210  -38.35509758969617  
1211  -38.35509785099741  
1212  -38.35509808414127  
1213  -38.35509830410069  
1214  -38.355098584728964  
1215  -38.35509884149231  
1216  -38.355099053031246  
1217  -38.355099288282474  
1218  -38.35509958231865  
1219  -38.355099795178525  
1220  -38.35509998070288  
1221  -38.355100218145395  
1222  -38.35510040683798  
1223  -38.35510062787901  
1224  -38.35510077259302  
1225  -38.35510096661664  
1226  -38.35510117185135  
1227  -38.35510140373534  
1228  -38.355101568479114  
1229  -38.35510176685843  
1230  -38.35510190543292  
1231  -38.35510220060161  
1232  -38.35510231863928  
1233  -38.35510247440763  
1234  -38.355102691048145  
1235  -38.35510290379743  
1236  -38.35510308378874  
1237  -38.355103269745115  
1238  -38.35510346750655  
1239  -38.35510369430146  
1240  -38.35510392192694  
1241  -38.355104041293586  
1242  -38.355104228240585  
1243  -38.35510441183135  
1244  -38.3551046493476  
1245  -38.35510482165242  
1246  -38.35510500561608  
1247  -38.3551052033694  
1248  -38.35510543705256  
1249  -38.3551055928379  
1250  -38.35510576673651  
1251  -38.35510590508726  
1252  -38.355106117481945  
1253  -38.35510627916205  
1254  -38.35510640641072  
1255  -38.355106624836935  
1256  -38.355106809667106  
1257  -38.355106957698204  
1258  -38.35510711712668  
1259  -38.355107251724085  
1260  -38.35510747163396  
1261  -38.35510762818604  
1262  -38.355107757575574  
1263  -38.35510791205199  
1264  -38.35510805495511  
1265  -38.35510820941285  
1266  -38.35510834226541  
1267  -38.35510848090118  
1268  -38.355108616044646  
1269  -38.35510877395025  
1270  -38.35510890949123  
1271  -38.355109067010105  
1272  -38.355109203657584  
1273  -38.355109317297234  
1274  -38.35510949265886  
1275  -38.35510960977154  
1276  -38.355109770516755  
1277  -38.35510991689592  
1278  -38.35511000591283  
1279  -38.355110195873614  
1280  -38.355110364291974  
1281  -38.355110471499586  
1282  -38.35511058890409  
1283  -38.35511069189019  
1284  -38.35511087245351  
1285  -38.355111009933836  
1286  -38.35511120882493  
1287  -38.355111292996185  
1288  -38.355111398119085  
1289  -38.35511146073246  
1290  -38.35511162624837  
1291  -38.355111720000394  
1292  -38.35511180392602  
1293  -38.35511195777929  
1294  -38.35511177403344  
1295  -38.355112043638066  
1296  -38.35511218878246  
1297  -38.35511227682886  
1298  -38.35511241001663  
1299  -38.355112493601425  
1300  -38.35511260444572  
1301  -38.355112705163464  
1302  -38.35511277426584  
1303  -38.3551128786934  
1304  -38.35511302761253  
1305  -38.35511309995937  
1306  -38.35511320610413  
1307  -38.35511326085623  
1308  -38.35511338245338  
1309  -38.35511347607411  
1310  -38.3551135622892  
1311  -38.35511372910657  
1312  -38.355113365758854  
1313  -38.35511379766258  
1314  -38.35511393289907  
1315  -38.35511402665613  
1316  -38.35511418288587  
1317  -38.355114259221345  
1318  -38.35511437384441  
1319  -38.35511446911309  
1320  -38.355114556874014  
1321  -38.355114729126  
1322  -38.355114671975166  
1323  -38.35511482336214  
1324  -38.35511491873719  
1325  -38.355115000512086  
1326  -38.3551150831941  
1327  -38.35511519096468  
1328  -38.35511530493142  
1329  -38.35511540711099  
1330  -38.35511547098111  
1331  -38.35511556206884  
1332  -38.35511566475642  
1333  -38.355115762593705  
1334  -38.35511583240871  
1335  -38.355115945961266  
1336  -38.355116035684844  
1337  -38.35511611637986  
1338  -38.35511621834752  
1339  -38.35511630281354  
1340  -38.35511639119502  
1341  -38.35511651143919  
1342  -38.355116563791206  
1343  -38.35511665904  
1344  -38.35511671310974  
1345  -38.35511683848747  
1346  -38.355116899031756  
1347  -38.35511696481756  
1348  -38.35511707284537  
1349  -38.35511708655306  
1350  -38.355117151195095  
1351  -38.355117239011435  
1352  -38.355117313453455  
1353  -38.35511739862829  
1354  -38.35511749649473  
1355  -38.35511759191238  
1356  -38.355117696086126  
1357  -38.35511776962385  
1358  -38.35511787570401  
1359  -38.35511798513742  
1360  -38.355118090282595  
1361  -38.35511816128432  
1362  -38.35511828333141  
1363  -38.35511836946919  
1364  -38.355118433568606  
1365  -38.355118542183945  
1366  -38.35511861958239  
1367  -38.355118717285364  
1368  -38.35511879742767  
1369  -38.355118866045416  
1370  -38.355118954023844  
1371  -38.35511901533582  
1372  -38.35511910775631  
1373  -38.35511916586133  
1374  -38.35511922851377  
1375  -38.35511934417681  
1376  -38.35511940992768  
1377  -38.35511949498434  
1378  -38.35511955211268  
1379  -38.35511961384781  
1380  -38.355119698856896  
1381  -38.35511979812399  
1382  -38.35511984959354  
1383  -38.35511992652541  
1384  -38.35511998537541  
1385  -38.35512006257807  
1386  -38.35512016594267  
1387  -38.35512022739203  
1388  -38.355120290003384  
1389  -38.35512037171055  
1390  -38.35512044168133  
1391  -38.35512043683819  
1392  -38.355120510656384  
1393  -38.35512061130557  
1394  -38.355120684552375  
1395  -38.355120755992296  
1396  -38.35512083325464  
1397  -38.35512091444591  
1398  -38.35512100717704  
1399  -38.355121071263305  
1400  -38.35512111327347  
1401  -38.35512121450065  
1402  -38.355121269219744  
1403  -38.35512132255724  
1404  -38.35512138219099  
1405  -38.35512142845083  
1406  -38.35512153710539  
1407  -38.355121589271484  
1408  -38.355121677854875  
1409  -38.355121713979855  
1410  -38.35512177175116  
1411  -38.355121846268794  
1412  -38.35512193612605  
1413  -38.355121997746664  
1414  -38.355122056912805  
1415  -38.35512212040015  
1416  -38.35512219100868  
1417  -38.35512227681559  
1418  -38.35512233890324  
1419  -38.35512242025811  
1420  -38.35512248775978  
1421  -38.35512256531432  
1422  -38.35512263342924  
1423  -38.35512271743133  
1424  -38.35512278517773  
1425  -38.355122833418434  
1426  -38.355122902336916  
1427  -38.35512298143088  
1428  -38.35512305623293  
1429  -38.35512313308049  
1430  -38.3551231914922  
1431  -38.355123271262464  
1432  -38.3551233508869  
1433  -38.35512342365718  
1434  -38.355123496751915  
1435  -38.355123562353796  
1436  -38.355123630724314  
1437  -38.35512369590268  
1438  -38.35512376500355  
1439  -38.35512382130779  
1440  -38.355123888007775  
1441  -38.35512395722551  
1442  -38.355124013992885  
1443  -38.355124078086845  
1444  -38.35512413456992  
1445  -38.35512420565495  
1446  -38.35512426662038  
1447  -38.355124318975584  
1448  -38.35512439099589  
1449  -38.35512443828818  
1450  -38.35512448664171  
1451  -38.35512456876342  
1452  -38.35512460948217  
1453  -38.355124659608705  
1454  -38.3551247600665  
1455  -38.355124803414014  
1456  -38.35512483670294  
1457  -38.355124883652145  
1458  -38.35512494375392  
1459  -38.35512501298772  
1460  -38.35512507011027  
1461  -38.35512512510844  
1462  -38.355125168200985  
1463  -38.35512521414424  
1464  -38.355125228254906  
1465  -38.355125330296886  
1466  -38.35512535815936  
1467  -38.35512539895993  
1468  -38.3551254551676  
1469  -38.35512552144714  
1470  -38.35512557605204  
1471  -38.35512562835898  
1472  -38.35512566758777  
1473  -38.35512572370303  
1474  -38.355125782091065  
1475  -38.35512583913687  
1476  -38.35512587181762  
1477  -38.35512593640844  
1478  -38.35512595999008  
1479  -38.35512601530441  
1480  -38.35512605508955  
1481  -38.35512609812098  
1482  -38.3551261568352  
1483  -38.35512620070895  
1484  -38.355126250854184  
1485  -38.35512628691683  
1486  -38.3551263286035  
1487  -38.355126356703394  
1488  -38.355126442412036  
1489  -38.35512647413662  
1490  -38.35512651759469  
1491  -38.355126573537355  
1492  -38.35512662663205  
1493  -38.355126679123416  
1494  -38.35512671755921  
1495  -38.35512676060082  
1496  -38.35512680607257  
1497  -38.355126861260636  
1498  -38.35512689262901  
1499  -38.35512693087524  
1500  -38.355126968414396  
1501  -38.35512703279657  
1502  -38.35512707051842  
1503  -38.355127112258806  
1504  -38.35512717388282  
1505  -38.35512723112577  
1506  -38.35512727624346  
1507  -38.35512732890931  
1508  -38.35512737521507  
1509  -38.355127444128186  
1510  -38.355127502849754  
1511  -38.35512755812545  
1512  -38.35512760349038  
1513  -38.355127655501754  
1514  -38.355127723940825  
1515  -38.35512775138618  
1516  -38.35512781127597  
1517  -38.35512782663542  
1518  -38.35512789858777  
1519  -38.35512793338307  
1520  -38.35512797173186  
1521  -38.35512803630046  
1522  -38.35512800551765  
1523  -38.35512807260902  
1524  -38.35512811793454  
1525  -38.355128150841544  
1526  -38.355128204517065  
1527  -38.35512825283084  
1528  -38.355128293674596  
1529  -38.35512834871691  
1530  -38.35512838102224  
1531  -38.355128425284384  
1532  -38.355128497494846  
1533  -38.35512854779509  
1534  -38.35512858284009  
1535  -38.35512863148076  
1536  -38.35512866893655  
1537  -38.355128718136825  
1538  -38.355128765460684  
1539  -38.355128800282074  
1540  -38.35512884041718  
1541  -38.35512887395459  
1542  -38.35512891513136  
1543  -38.355128938492946  
1544  -38.35512898777722  
1545  -38.355129016290846  
1546  -38.355129044666754  
1547  -38.355129091646866  
1548  -38.3551291372738  
1549  -38.35512917701778  
1550  -38.355129212368865  
1551  -38.35512924803724  
1552  -38.35512928185424  
1553  -38.35512932881522  
1554  -38.3551293496064  
1555  -38.35512938233146  
1556  -38.35512940843963  
1557  -38.35512946552585  
1558  -38.35512949329824  
1559  -38.355129518131925  
1560  -38.35512955877693  
1561  -38.35512955891352  
1562  -38.35512959008529  
1563  -38.35512963145984  
1564  -38.35512966225559  
1565  -38.35512969480128  
1566  -38.355129730691985  
1567  -38.35512976461713  
1568  -38.35512980141604  
1569  -38.35512983281293  
1570  -38.35512987244908  
1571  -38.355129909928316  
1572  -38.355129937389385  
1573  -38.35512996814126  
1574  -38.355130026553844  
1575  -38.35513005671923  
1576  -38.35513008713194  
1577  -38.35513013586419  
1578  -38.35513008580838  
1579  -38.35513016592653  
1580  -38.35513021005919  
1581  -38.35513024219128  
1582  -38.355130283800094  
1583  -38.355130311536826  
1584  -38.355130349924025  
1585  -38.355130384881704  
1586  -38.355130414279394  
1587  -38.35513045612533  
1588  -38.35513050777979  
1589  -38.35513053304197  
1590  -38.3551305716929  
1591  -38.35513059432851  
1592  -38.355130632840165  
1593  -38.35513067340144  
1594  -38.35513070058259  
1595  -38.35513076151456  
1596  -38.35513075777048  
1597  -38.35513079889505  
1598  -38.355130838200964  
1599  -38.3551308753427  
1600  -38.355130915128335  
1601  -38.35513096139754  
1602  -38.35513100330967  
1603  -38.355131049841646  
1604  -38.355131089529166  
1605  -38.355131124483734  
1606  -38.35513117571137  
1607  -38.355131214812154  
1608  -38.35513123879648  
1609  -38.3551313084571  
1610  -38.35513132249874  
1611  -38.355131362695715  
1612  -38.35513139690024  
1613  -38.355131432287855  
1614  -38.35513147985825  
1615  -38.355131360751066  
1616  -38.35513150675214  
1617  -38.355131565266404  
1618  -38.35513160689527  
1619  -38.35513165387518  
1620  -38.35513169128375  
1621  -38.35513171918962  
1622  -38.35513177695054  
1623  -38.35513180704822  
1624  -38.35513183475797  
1625  -38.35513188061876  
1626  -38.35513190697215  
1627  -38.35513196818599  
1628  -38.35513200360872  
1629  -38.35513204247492  
1630  -38.35513207979881  
1631  -38.35513210765461  
1632  -38.35513214486158  
1633  -38.355132198375344  
1634  -38.35513222650868  
1635  -38.35513226204013  
1636  -38.35513229659398  
1637  -38.35513234353317  
1638  -38.35513238942235  
1639  -38.355132419432394  
1640  -38.3551324530459  
1641  -38.35513248598139  
1642  -38.355132527579144  
1643  -38.355132559592434  
1644  -38.35513259538398  
1645  -38.35513263179564  
1646  -38.355132664238965  
1647  -38.355132684524804  
1648  -38.35513272026451  
1649  -38.35513272190144  
1650  -38.35513274139937  
1651  -38.355132768477695  
1652  -38.355132805615646  
1653  -38.35513282558748  
1654  -38.35513284815279  
1655  -38.35513288084336  
1656  -38.355132903836896  
1657  -38.35513293017205  
1658  -38.355132959957466  
1659  -38.35513298279445  
1660  -38.355133009386876  
1661  -38.35513303187527  
1662  -38.35513305941165  
1663  -38.355133080392214  
1664  -38.355133111484086  
1665  -38.35513313094881  
1666  -38.355133149375504  
1667  -38.3551331791727  
1668  -38.35513321103232  
1669  -38.355133234134755  
1670  -38.35513326274809  
1671  -38.355133279099846  
1672  -38.3551332979223  
1673  -38.35513333406657  
1674  -38.35513334868325  
1675  -38.35513336737406  
1676  -38.3551334028995  
1677  -38.35513341416808  
1678  -38.355133429716616  
1679  -38.35513346116571  
1680  -38.35513347881384  
1681  -38.35513351558532  
1682  -38.355133511279035  
1683  -38.35513353921825  
1684  -38.355133560172156  
1685  -38.35513357779579  
1686  -38.35513359904341  
1687  -38.35513362624437  
1688  -38.35513365176663  
1689  -38.35513367408243  
1690  -38.355133691411496  
1691  -38.355133722520485  
1692  -38.35513375028135  
1693  -38.35513376504441  
1694  -38.35513379181893  
1695  -38.35513381234669  
1696  -38.355133837328495  
1697  -38.355133868269824  
1698  -38.35513388744711  
1699  -38.35513391054418  
1700  -38.355133946644386  
1701  -38.35513396862377  
1702  -38.3551339843754  
1703  -38.35513402090561  
1704  -38.35513404671553  
1705  -38.35513407697484  
1706  -38.355134099151385  
1707  -38.35513412249309  
1708  -38.35513414363616  
1709  -38.35513416965979  
1710  -38.35513419370139  
1711  -38.35513421476903  
1712  -38.35513423916681  
1713  -38.35513426204149  
1714  -38.355134283475  
1715  -38.35513431280472  
1716  -38.35513433478592  
1717  -38.355134353393105  
1718  -38.355134376632996  
1719  -38.355134393724995  
1720  -38.355134422054114  
1721  -38.35513444880223  
1722  -38.355134461882265  
1723  -38.355134486613366  
1724  -38.355134507117164  
1725  -38.355134533578884  
1726  -38.355134557319325  
1727  -38.355134573958146  
1728  -38.35513460940203  
1729  -38.35513463801328  
1730  -38.35513466018388  
1731  -38.35513468793455  
1732  -38.3551347094084  
1733  -38.3551347418206  
1734  -38.355134775716735  
1735  -38.35513480447415  
1736  -38.35513482892162  
1737  -38.35513485153163  
1738  -38.35513487334421  
1739  -38.35513490153518  
1740  -38.35513492505417  
1741  -38.35513495013106  
1742  -38.35513497107771  
1743  -38.35513499506923  
1744  -38.35513502827907  
1745  -38.355135052357944  
1746  -38.3551350700281  
1747  -38.35513510385829  
1748  -38.35513512905337  
1749  -38.35513516526823  
1750  -38.35513519527711  
1751  -38.35513522384015  
1752  -38.35513524855893  
1753  -38.3551352909829  
1754  -38.35513532093861  
1755  -38.35513534359128  
1756  -38.35513537074155  
1757  -38.355135393949006  
1758  -38.355135418704265  
1759  -38.355135451310005  
1760  -38.35513546926842  
1761  -38.355135493864026  
1762  -38.35513551566062  
1763  -38.35513554899586  
1764  -38.35513557366485  
1765  -38.355135597825424  
1766  -38.355135632192386  
1767  -38.35513566939991  
1768  -38.35513569453982  
1769  -38.355135724586624  
1770  -38.35513574988974  
1771  -38.355135773222436  
1772  -38.35513580282438  
1773  -38.35513582157872  
1774  -38.355135839078486  
1775  -38.35513587436857  
1776  -38.35513589198286  
1777  -38.355135909841174  
1778  -38.35513594368536  
1779  -38.355135956858106  
1780  -38.3551359822971  
1781  -38.35513598229027  
1782  -38.3551360004803  
1783  -38.35513602589809  
1784  -38.35513605386669  
1785  -38.35513607597697  
1786  -38.35513610035261  
1787  -38.3551361258796  
1788  -38.355136146052175  
1789  -38.35513616907092  
1790  -38.35513618693407  
1791  -38.35513621363714  
1792  -38.355136217887065  
