0  -33.28607667743696  
2  -35.04349206306829  
3  -36.41995862794893  
4  -37.093342395021345  
5  -37.493147819292396  
6  -37.66983702809633  
7  -37.771862413668806  
8  -37.900765989943714  
9  -37.98433127690875  
10  -38.06475629285484  
11  -38.14483475074452  
12  -38.19110527290157  
13  -38.23363087079171  
14  -38.26052932007305  
15  -38.280725062701684  
16  -38.304758628226026  
17  -38.319318648058555  
18  -38.34391374145977  
19  -38.35544618775611  
20  -38.36881819135105  
21  -38.38587126804181  
22  -38.40429574527978  
23  -38.420439188978904  
24  -38.43975412491737  
25  -38.45097651831355  
26  -38.46884725192479  
27  -38.48849838403044  
28  -38.49803496077931  
29  -38.50893805208346  
30  -38.51739109974866  
31  -38.52306703812723  
32  -38.53725244380254  
33  -38.54979844121678  
34  -38.559459433175675  
35  -38.56616401712349  
36  -38.57415218564931  
37  -38.58099929536804  
38  -38.589214107490776  
39  -38.59792639547823  
40  -38.60376528442097  
41  -38.61072639800386  
42  -38.61433806280039  
43  -38.62138879063658  
44  -38.624913813502666  
45  -38.63152772997048  
46  -38.636271670458584  
47  -38.64109369539149  
48  -38.64954231150597  
49  -38.64636818861831  
50  -38.65397440844317  
51  -38.66038883811116  
52  -38.66546497060802  
53  -38.67051749834623  
54  -38.67523460316268  
55  -38.67881684010436  
56  -38.683182131087996  
57  -38.686372035964695  
58  -38.68944712156753  
59  -38.694235527200206  
60  -38.69614051652926  
61  -38.698428150627  
62  -38.70131332748181  
63  -38.70333038635049  
64  -38.70591136739726  
65  -38.70884728934486  
66  -38.710045097096405  
67  -38.71204009510723  
68  -38.713785083404304  
69  -38.71571832286203  
70  -38.717218539876136  
71  -38.71828279782947  
72  -38.71977394660849  
73  -38.72104547827471  
74  -38.722238501826666  
75  -38.723063511610405  
76  -38.723998456265164  
77  -38.72439106210094  
78  -38.72564357878191  
79  -38.72613970411981  
80  -38.726824801637775  
81  -38.727798299909445  
82  -38.72853279614209  
83  -38.72924826684015  
84  -38.72977476387571  
85  -38.730394662456234  
86  -38.73084042190363  
87  -38.73179017292936  
88  -38.7321702634383  
89  -38.732662935971014  
90  -38.73339229719031  
91  -38.73357931788532  
92  -38.73440807112002  
93  -38.73467913330338  
94  -38.73511564213768  
95  -38.73562712721487  
96  -38.736230571117275  
97  -38.73667351289308  
98  -38.73721902772532  
99  -38.737291065325486  
100  -38.737891636061605  
101  -38.73818682759702  
102  -38.73852989193626  
103  -38.739004084560655  
104  -38.73970059235825  
105  -38.74017610370113  
106  -38.740514782837124  
107  -38.74077952288762  
108  -38.741082905335304  
109  -38.74137125470551  
110  -38.741668111215915  
111  -38.74190261444628  
112  -38.74212053663465  
113  -38.74227068007576  
114  -38.7427295798837  
115  -38.742868816291434  
116  -38.74307050535892  
117  -38.74336039719928  
118  -38.74330229416294  
119  -38.7435712081255  
120  -38.74387111618109  
121  -38.744092894880914  
122  -38.74436492372732  
123  -38.74450420687087  
124  -38.74484339280735  
125  -38.745024426473854  
126  -38.74522909984042  
127  -38.745492676820625  
128  -38.74579282168946  
129  -38.74599648802702  
130  -38.74630758364386  
131  -38.74640650321154  
132  -38.74666367872626  
133  -38.74685025155166  
134  -38.74700776753093  
135  -38.74731226015009  
136  -38.74684658676554  
137  -38.747480246743706  
138  -38.74781475395814  
139  -38.748051392536276  
140  -38.74834756154533  
141  -38.748577868406215  
142  -38.74877081713671  
143  -38.74907600222038  
144  -38.74926186272443  
145  -38.749475345371046  
146  -38.749816201315014  
147  -38.75003494776374  
148  -38.75018623701769  
149  -38.750575807662024  
150  -38.75072728530019  
151  -38.75092822336674  
152  -38.751288419756804  
153  -38.751436320680156  
154  -38.75168037040563  
155  -38.751958996165705  
156  -38.75222981930186  
157  -38.75240087521261  
158  -38.75264124738076  
159  -38.75273670483835  
160  -38.75298323091421  
161  -38.75313648456103  
162  -38.75328979672726  
163  -38.753451891348256  
164  -38.753690040035  
165  -38.75384183577173  
166  -38.75398342056152  
167  -38.75408799200581  
168  -38.754258693075755  
169  -38.75439443886693  
170  -38.75450312900781  
171  -38.754719554888126  
172  -38.75468889599448  
173  -38.75485001141234  
174  -38.75497626086279  
175  -38.755084709117114  
176  -38.75520487061488  
177  -38.75534030232482  
178  -38.755453059907644  
179  -38.75556835272367  
180  -38.755669825994254  
181  -38.755777463672835  
182  -38.755915743582385  
183  -38.75601370846191  
184  -38.75608164874501  
185  -38.75617336882109  
186  -38.75625276307677  
187  -38.7563626939943  
188  -38.756490722478965  
189  -38.75655786588507  
190  -38.75664113500253  
191  -38.756707653952304  
192  -38.75677372762428  
193  -38.756899704655346  
194  -38.75695872536591  
195  -38.75701829255245  
196  -38.757127545035814  
197  -38.75717964648161  
198  -38.75725950909089  
199  -38.7573652426515  
200  -38.75740607194003  
201  -38.75749292716465  
202  -38.75755898641072  
203  -38.75761589459336  
204  -38.75767762255088  
205  -38.75772869298617  
206  -38.75776135008586  
207  -38.75786032824787  
208  -38.75788877706987  
209  -38.75794453818321  
210  -38.75802398409643  
211  -38.758065075017896  
212  -38.75814987824004  
213  -38.75818579842719  
214  -38.75823413678671  
215  -38.7582920220731  
216  -38.75836431797063  
217  -38.75841552100704  
218  -38.75847306254658  
219  -38.75851865238369  
220  -38.75856479812905  
221  -38.758636211898455  
222  -38.758683983930666  
223  -38.758768069239146  
224  -38.75880217998354  
225  -38.75885318292523  
226  -38.75889705809141  
227  -38.75894679145245  
228  -38.75903010359984  
229  -38.75891870317007  
230  -38.75906704312914  
231  -38.759137482484775  
232  -38.759194929761044  
233  -38.75926017448283  
234  -38.75930796741874  
235  -38.759359303904304  
236  -38.759424324776965  
237  -38.75947082222303  
238  -38.75950940877463  
239  -38.75963396522501  
240  -38.75967058387462  
241  -38.75971700905531  
242  -38.75978334746426  
243  -38.75986558991764  
244  -38.75995026321293  
245  -38.760014196354895  
246  -38.76008446434029  
247  -38.760169964104556  
248  -38.76028214502433  
249  -38.760353542133196  
250  -38.7604467165257  
251  -38.76050743475201  
252  -38.76060126077449  
253  -38.76069767056937  
254  -38.76076789368302  
255  -38.76091906933205  
256  -38.76103861262317  
257  -38.76112253562886  
258  -38.761214538382106  
259  -38.76130507150493  
260  -38.76142826155761  
261  -38.7615280090824  
262  -38.76162221474767  
263  -38.76170781641536  
264  -38.76182266207281  
265  -38.76194000036013  
266  -38.762009313648385  
267  -38.76212234534838  
268  -38.76220605445974  
269  -38.762294401076545  
270  -38.76238790485046  
271  -38.76246828961088  
272  -38.76257525764337  
273  -38.76268212743033  
274  -38.76274385090913  
275  -38.762840884363804  
276  -38.76284756283459  
277  -38.762916417023696  
278  -38.76301534270306  
279  -38.763101182574054  
280  -38.76317588075643  
281  -38.76325676135719  
282  -38.76333551727781  
283  -38.76340027611257  
284  -38.76347184121612  
285  -38.76351459678101  
286  -38.7636020373808  
287  -38.76362748739277  
288  -38.76370482863261  
289  -38.763748199489356  
290  -38.76379335784084  
291  -38.763862623142145  
292  -38.76374458683788  
293  -38.763903141317094  
294  -38.76397211266373  
295  -38.76401441251566  
296  -38.76406856809025  
297  -38.76410167315602  
298  -38.7641567594486  
299  -38.76420500315978  
300  -38.764241668966605  
301  -38.764303681558154  
302  -38.76436321488437  
303  -38.764404460079966  
304  -38.76445577733574  
305  -38.76448862143525  
306  -38.76452854684841  
307  -38.76460413433388  
308  -38.764644098476595  
309  -38.76467268126414  
310  -38.764739318589555  
311  -38.76477929923154  
312  -38.76476897580665  
313  -38.76482380939  
314  -38.7648881281387  
315  -38.76492502929105  
316  -38.764975448035045  
317  -38.765021878443406  
318  -38.765067948606486  
319  -38.76510982058309  
320  -38.7651476886284  
321  -38.7651897579359  
322  -38.76524138783044  
323  -38.76528373025592  
324  -38.765314804508385  
325  -38.76535859763332  
326  -38.76538855567717  
327  -38.76542770515839  
328  -38.76549001029622  
329  -38.765513334178706  
330  -38.76554103848838  
331  -38.76557122586664  
332  -38.76560204536763  
333  -38.76565328449383  
334  -38.76552368730035  
335  -38.76567694934262  
336  -38.7657222418807  
337  -38.76575405983869  
338  -38.765792968021415  
339  -38.765827684712704  
340  -38.76585563752859  
341  -38.76589999282606  
342  -38.76592284915748  
343  -38.76594819604031  
344  -38.765986254269045  
345  -38.766010997429  
346  -38.7660326046377  
347  -38.76608674529544  
348  -38.766102056955205  
349  -38.76612898565736  
350  -38.76615061983924  
351  -38.76618280014446  
352  -38.76620778139137  
353  -38.766227654998424  
354  -38.76626014212463  
355  -38.76625677043391  
356  -38.766279938283986  
357  -38.76630107451253  
358  -38.766321877880266  
359  -38.76634220079754  
360  -38.766366754207276  
361  -38.766388549249314  
362  -38.76640815610218  
363  -38.766424732493164  
364  -38.76645145671081  
365  -38.76646879232118  
366  -38.76648662972114  
367  -38.7665013151871  
368  -38.76651994420618  
369  -38.766529592417335  
370  -38.766553556694994  
371  -38.76656345392175  
372  -38.76657622645493  
373  -38.766594845254325  
374  -38.766610460473714  
375  -38.766624983062414  
376  -38.76663770899543  
377  -38.76665054138884  
378  -38.76666118115568  
379  -38.76668072090674  
380  -38.7666876812661  
381  -38.766699676906256  
382  -38.76670879962163  
383  -38.766722970277506  
384  -38.76673260548234  
385  -38.766741176885446  
386  -38.766758054895604  
387  -38.76676681389487  
388  -38.766780814286825  
389  -38.76678838518813  
390  -38.76679934327874  
391  -38.76680592339838  
392  -38.7668227257021  
393  -38.766829885668  
394  -38.76683969683695  
395  -38.76685439453805  
396  -38.766834404804285  
397  -38.76686180462837  
398  -38.76687455988046  
399  -38.76688369351575  
400  -38.76689686185649  
401  -38.76690743508737  
402  -38.76691659962714  
403  -38.76692990953221  
404  -38.766937845244954  
405  -38.76694887326252  
406  -38.76696059148805  
407  -38.76697624745692  
408  -38.76698260093499  
409  -38.76699638260435  
410  -38.76699697343453  
411  -38.76700430381733  
412  -38.76701228683745  
413  -38.7670278087476  
414  -38.76703145865228  
415  -38.76704182117948  
416  -38.76704908104158  
417  -38.767057080629094  
418  -38.76707128888748  
419  -38.76705015056617  
420  -38.767079331262046  
421  -38.76709433321851  
422  -38.767105017172895  
423  -38.76712190494855  
424  -38.7671322797346  
425  -38.76714494510185  
426  -38.76715726315173  
427  -38.767167101747155  
428  -38.76718367478907  
429  -38.767205134005444  
430  -38.76721756860202  
431  -38.76723626743047  
432  -38.76725103316508  
433  -38.767269890348075  
434  -38.767291910098194  
435  -38.76731230947999  
436  -38.76733655124921  
437  -38.76736056870738  
438  -38.76739256574707  
439  -38.767413029802235  
440  -38.76743375008687  
441  -38.767476157936514  
442  -38.767501251384026  
443  -38.76752028423202  
444  -38.76756348182947  
445  -38.767587542690904  
446  -38.767629728626694  
447  -38.76766873047658  
448  -38.76770896003798  
449  -38.76774522530305  
450  -38.767780599467706  
451  -38.76782126292912  
452  -38.767859123150004  
453  -38.76790215201926  
454  -38.7679449618858  
455  -38.7679815538053  
456  -38.76801736344257  
457  -38.768054768144275  
458  -38.768089915045685  
459  -38.76813361163411  
460  -38.76815419250646  
461  -38.768199543668324  
462  -38.76822431109548  
463  -38.7682505944626  
464  -38.76829496877274  
465  -38.76833875324487  
466  -38.76836891714093  
467  -38.76840338533756  
468  -38.768425964522535  
469  -38.768453547916096  
470  -38.76849843172102  
471  -38.76851951274406  
472  -38.76855289812259  
473  -38.768573262011664  
474  -38.768616721896876  
475  -38.768633214371  
476  -38.76866352988935  
477  -38.768679037450376  
478  -38.76871312650417  
479  -38.768731781517545  
480  -38.768750527299154  
481  -38.76878069947222  
482  -38.76878869579867  
483  -38.76884060386055  
484  -38.76885639650548  
485  -38.768875627323794  
486  -38.768898949547456  
487  -38.76891499558301  
488  -38.76894273097395  
489  -38.76895388211089  
490  -38.768971665200915  
491  -38.768977950249045  
492  -38.769008219366825  
493  -38.769020143762106  
494  -38.76903395816492  
495  -38.76905435456061  
496  -38.76905754245183  
497  -38.769071263468284  
498  -38.76909011082048  
499  -38.76910341981346  
500  -38.76912006744821  
501  -38.76913425006801  
502  -38.7691525086933  
503  -38.76916749010779  
504  -38.769181312001145  
505  -38.769205610164946  
506  -38.76922730382902  
507  -38.769240690556245  
508  -38.76925916293499  
509  -38.76927417535312  
510  -38.76929372621592  
511  -38.769317514320115  
512  -38.76933283700151  
513  -38.76934639856257  
514  -38.769369570462295  
515  -38.76939362031489  
516  -38.76940321629044  
517  -38.76942263163986  
518  -38.769441692136205  
519  -38.76945610517262  
520  -38.76947385447188  
521  -38.76948828031775  
522  -38.76950251191082  
523  -38.76951899223604  
524  -38.769540442968726  
525  -38.76955149806693  
526  -38.769565763858395  
527  -38.76957394497187  
528  -38.7695868137238  
529  -38.76959793327502  
530  -38.769606293326156  
531  -38.76962142813063  
532  -38.76963226514006  
533  -38.769640897995444  
534  -38.76964764731343  
535  -38.769655728521876  
536  -38.76966351643616  
537  -38.769671604176835  
538  -38.769676412963626  
539  -38.76968299549859  
540  -38.76969218817145  
541  -38.76970046065274  
542  -38.76970595556373  
543  -38.76971264430017  
544  -38.769718391864174  
545  -38.769726892530805  
546  -38.769729068528264  
547  -38.76973778814165  
548  -38.76974101848559  
549  -38.76974698891444  
550  -38.76975400612636  
551  -38.7697599511027  
552  -38.769766292211585  
553  -38.76977097362206  
554  -38.769776005437514  
555  -38.769777035474334  
556  -38.76978761995075  
557  -38.769791044923736  
558  -38.76979563790134  
559  -38.769802083839366  
560  -38.76980813760182  
561  -38.769814832904935  
562  -38.7698184926651  
563  -38.76982315847286  
564  -38.769826215449825  
565  -38.76983482893501  
566  -38.76983826493452  
567  -38.769842317595696  
568  -38.76984825891993  
569  -38.76985439402477  
570  -38.769858652829335  
571  -38.769864429949735  
572  -38.76986864147515  
573  -38.7698730332403  
574  -38.76987997644996  
575  -38.76988387972246  
576  -38.76988759684405  
577  -38.7698950819067  
578  -38.7698987669713  
579  -38.769901541468634  
580  -38.76990546600618  
581  -38.76991015516657  
582  -38.769915853583676  
583  -38.769899148873776  
584  -38.769918705014156  
585  -38.76992441394866  
586  -38.76992846101785  
587  -38.76993377518861  
588  -38.76993595977688  
589  -38.76994103805503  
590  -38.76994432225448  
591  -38.76994757236591  
592  -38.76995344096543  
593  -38.76994813759565  
594  -38.76995685919898  
595  -38.76996386373407  
596  -38.76996852743417  
597  -38.76997308862838  
598  -38.769977111136576  
599  -38.769980446741116  
600  -38.769986151274615  
601  -38.7699901189827  
602  -38.76999323714694  
603  -38.769999136525854  
604  -38.77000219335466  
605  -38.77000552722256  
606  -38.77001202796501  
607  -38.770015510912955  
608  -38.770021459066406  
609  -38.77002868238463  
610  -38.77003120675627  
611  -38.770037682531296  
612  -38.770041277061196  
613  -38.77004788311193  
614  -38.770052213223934  
615  -38.77005671162587  
616  -38.7700645499447  
617  -38.77006916159414  
618  -38.770076852578924  
619  -38.77008163240695  
620  -38.770086714299865  
621  -38.770093454723224  
622  -38.770102966813106  
623  -38.770108117178836  
624  -38.77011451518017  
625  -38.770121389498854  
626  -38.7701301965825  
627  -38.77013773430903  
628  -38.7701453438762  
629  -38.770151628563596  
630  -38.77015638163347  
631  -38.770165166386334  
632  -38.770170187157696  
633  -38.77017507096605  
634  -38.770183742092044  
635  -38.77018774467568  
636  -38.7701946794835  
637  -38.77020535518045  
638  -38.770213003556655  
639  -38.77021824322892  
640  -38.770222234374444  
641  -38.77022875035268  
642  -38.77023474051784  
643  -38.77024204384181  
644  -38.77024748822916  
645  -38.77025290830766  
646  -38.77025922324275  
647  -38.77026616277847  
648  -38.77027135376509  
649  -38.770277027628026  
650  -38.770281598302596  
651  -38.770286687325566  
652  -38.77029280332395  
653  -38.770296577965844  
654  -38.77030162631822  
655  -38.77030603013194  
656  -38.77030894400114  
657  -38.770313011163275  
658  -38.77031601857738  
659  -38.770320211624735  
660  -38.77032365011214  
661  -38.770326848056875  
662  -38.770327311506215  
663  -38.77032969562566  
664  -38.770334008531414  
665  -38.77033684593538  
666  -38.77034039867691  
667  -38.770343319043434  
668  -38.77034591098829  
669  -38.77035006726862  
670  -38.77035169696931  
671  -38.770353877457985  
672  -38.77035711960564  
673  -38.77035912750648  
674  -38.770363373692085  
675  -38.770366097247035  
676  -38.77036845181778  
677  -38.770370239675664  
678  -38.77037269429209  
679  -38.77037635773722  
680  -38.7703797561337  
681  -38.7703819607877  
682  -38.7703848153794  
683  -38.770387169514876  
684  -38.77039130562099  
685  -38.770393464658625  
686  -38.770396696891765  
687  -38.77039894323007  
688  -38.77040176460946  
689  -38.77040471637201  
690  -38.77040879681253  
691  -38.77041083077381  
692  -38.77041329946474  
693  -38.77041606205443  
694  -38.77041936104014  
695  -38.770421850469155  
696  -38.77042463742283  
697  -38.770426898398796  
698  -38.770429789014436  
699  -38.77043251603445  
700  -38.77043519063819  
701  -38.77043676182014  
702  -38.770440043991755  
703  -38.770440121133895  
704  -38.770441632934826  
705  -38.77044379888664  
706  -38.77044683086981  
707  -38.77044874091082  
708  -38.77045078508918  
709  -38.77045319650306  
710  -38.77045536437694  
711  -38.770457716584616  
712  -38.770460089358636  
713  -38.77046244561184  
714  -38.77046481177725  
715  -38.770466421909525  
716  -38.77046930754313  
717  -38.770471012242965  
718  -38.77047267920131  
719  -38.77047512663167  
720  -38.77047668617524  
721  -38.77047891593013  
722  -38.7704825954863  
723  -38.77048417169775  
724  -38.77048658650899  
725  -38.77048831626222  
726  -38.77049122208697  
727  -38.770493534189306  
728  -38.77049568800675  
729  -38.77049892281925  
730  -38.77050254240873  
731  -38.770505246748776  
732  -38.77050890314788  
733  -38.770511752231876  
734  -38.77051455362576  
735  -38.77051994830476  
736  -38.77052198998932  
737  -38.7705251972394  
738  -38.77052903575796  
739  -38.7705327190938  
740  -38.77053885221101  
741  -38.770532577467534  
742  -38.77054264899998  
743  -38.77054855416827  
744  -38.77055279517774  
745  -38.77055864228327  
746  -38.77056435236421  
747  -38.77056949782835  
748  -38.77057717754918  
749  -38.77058266760232  
750  -38.770590012471196  
751  -38.77059667021918  
752  -38.77060907956181  
753  -38.77061351354732  
754  -38.770624837381256  
755  -38.77062799722556  
756  -38.77064191663508  
757  -38.77064929109725  
758  -38.770658694024036  
759  -38.770672006801036  
760  -38.77065580043549  
761  -38.77068007584737  
762  -38.77069425914155  
763  -38.770705398996164  
764  -38.77071866145105  
765  -38.77073037793631  
766  -38.77074066922846  
767  -38.770757367265375  
768  -38.7707657901559  
769  -38.77077564911747  
770  -38.770793179399234  
771  -38.77080171281618  
772  -38.770815590253996  
773  -38.7708260940711  
774  -38.770840665315106  
775  -38.77084851284071  
776  -38.77085704524131  
777  -38.770862612797515  
778  -38.7708755540116  
779  -38.77088318364077  
780  -38.77089115374048  
781  -38.77090183782652  
782  -38.77091232196681  
783  -38.77092000670137  
784  -38.77092864376383  
785  -38.77093616116375  
786  -38.77094813448122  
787  -38.77095761938037  
788  -38.77096723221479  
789  -38.770975304319514  
790  -38.7709864759265  
791  -38.77099610094821  
792  -38.77100404821449  
793  -38.77101596528523  
794  -38.7710250105809  
795  -38.77103720885674  
796  -38.77104851822778  
797  -38.771059113109125  
798  -38.771066108370576  
799  -38.77107927029514  
800  -38.771083791205776  
801  -38.771097830023216  
802  -38.77110587450331  
803  -38.77111457279816  
804  -38.77112762994802  
805  -38.771141880062096  
806  -38.77116368705482  
807  -38.77117378054485  
808  -38.77118430523933  
809  -38.77119269391451  
810  -38.77120438780224  
811  -38.77121944967773  
812  -38.771227422529385  
813  -38.77123763662139  
814  -38.77124636988788  
815  -38.771255599224745  
816  -38.77126399969348  
817  -38.77127177973671  
818  -38.771281171004674  
819  -38.771285951640465  
820  -38.77129282698014  
821  -38.771296558224755  
822  -38.77130442809207  
823  -38.771309062747925  
824  -38.7713135167828  
825  -38.77132260362938  
826  -38.77131055051846  
827  -38.77132671076207  
828  -38.771333555772884  
829  -38.77133883316277  
830  -38.77134578302405  
831  -38.77135190386346  
832  -38.77135654447508  
833  -38.771363249737284  
834  -38.771367541883585  
835  -38.77137196083157  
836  -38.771381042550914  
837  -38.771384995545176  
838  -38.771389285484105  
839  -38.77139764218976  
840  -38.771401472492684  
841  -38.771408135288354  
842  -38.77140646607116  
843  -38.77141211144583  
844  -38.7714182585043  
845  -38.77142239269776  
846  -38.77142723287709  
847  -38.771431306162064  
848  -38.77143493693097  
849  -38.77144038771622  
850  -38.77144368030198  
851  -38.7714473993324  
852  -38.77145220122183  
853  -38.77145567820687  
854  -38.77145823614424  
855  -38.77146370112613  
856  -38.77146578895052  
857  -38.77146857500345  
858  -38.771472862894825  
859  -38.77147511129048  
860  -38.771478455669005  
861  -38.771483023224846  
862  -38.77148497079107  
863  -38.77148811884949  
864  -38.77148954261418  
865  -38.77149344128307  
866  -38.77149604696273  
867  -38.771498351075685  
868  -38.77150248967491  
869  -38.771503074795575  
870  -38.77151031521349  
871  -38.771512152406636  
872  -38.7715147634267  
873  -38.77151830978918  
874  -38.771513686678894  
875  -38.77152066757761  
876  -38.77152461104118  
877  -38.77152679126874  
878  -38.77152963519261  
879  -38.77153224731918  
880  -38.771534916992906  
881  -38.77153801597492  
882  -38.77154063582663  
883  -38.77154303366765  
884  -38.771546147261894  
885  -38.77154752852138  
886  -38.771550132845  
887  -38.771552149238374  
888  -38.771554204222404  
889  -38.77155802946673  
890  -38.771554542071485  
891  -38.77156010914221  
892  -38.771562935652376  
893  -38.77156494697392  
894  -38.771567971363496  
895  -38.7715694756035  
896  -38.77157301493938  
897  -38.77157516804236  
898  -38.771577024732395  
899  -38.77157983444026  
900  -38.771571954405786  
901  -38.77158153693675  
902  -38.771584481420874  
903  -38.7715875383292  
904  -38.77158999907216  
905  -38.77159197056189  
906  -38.77159461749919  
907  -38.771596881090005  
908  -38.77159892716062  
909  -38.77160196490495  
910  -38.771605186406305  
911  -38.7716069579553  
912  -38.77160940170499  
913  -38.77161099292271  
914  -38.77161313662338  
915  -38.771616016453315  
916  -38.77161740143267  
917  -38.77161746323993  
918  -38.77161951151811  
919  -38.7716226283507  
920  -38.77162452645188  
921  -38.771627012075875  
922  -38.77162925100461  
923  -38.77163138615404  
924  -38.77163375675324  
925  -38.771636120703896  
926  -38.77163780579077  
927  -38.77164129437348  
928  -38.77163981904899  
929  -38.77164273495599  
930  -38.771644588134606  
931  -38.77164767581332  
932  -38.77164966553476  
933  -38.77165202902664  
934  -38.77165471488755  
935  -38.771657171660834  
936  -38.77165976623733  
937  -38.77166211411631  
938  -38.77166551038936  
939  -38.771667634387875  
940  -38.77166984133346  
941  -38.771674311384864  
942  -38.77167619806906  
943  -38.77167870687106  
944  -38.77168483064498  
945  -38.77168668504392  
946  -38.771690118511955  
947  -38.771693927266604  
948  -38.77169752583193  
949  -38.771702067899284  
950  -38.771707497412336  
951  -38.7717116389904  
952  -38.771716564115486  
953  -38.77172064992189  
954  -38.77172362104409  
955  -38.77172973591493  
956  -38.77173222512231  
957  -38.77173539565813  
958  -38.77174144724472  
959  -38.77174426738102  
960  -38.77174501059853  
961  -38.77174821094299  
962  -38.77175383707943  
963  -38.771757097399245  
964  -38.77176099864968  
965  -38.77176541782209  
966  -38.77176950673267  
967  -38.77177246792239  
968  -38.771774636203894  
969  -38.77177860716103  
970  -38.77178185433001  
971  -38.77178536647576  
972  -38.77178796194507  
973  -38.77179020394139  
974  -38.77179372378078  
975  -38.77179813418153  
976  -38.771800622844054  
977  -38.77180331552495  
978  -38.77180667821423  
979  -38.77181088785286  
980  -38.77181437820606  
981  -38.77181714306121  
982  -38.77182007090943  
983  -38.77182350828608  
984  -38.77182681425835  
985  -38.77183021512439  
986  -38.771831696681346  
987  -38.77183819842359  
988  -38.77184054793279  
989  -38.771843664931396  
990  -38.771848412870135  
991  -38.77184801813691  
992  -38.771852291074836  
993  -38.77185805228836  
994  -38.77186159594479  
995  -38.77186546562883  
996  -38.771869482592926  
997  -38.77187413449779  
998  -38.771879450621704  
999  -38.771884712572636  
1000  -38.77188768936508  
1001  -38.77189442634136  
1002  -38.77189791974747  
1003  -38.77190194073541  
1004  -38.77190722440701  
1005  -38.77191060444946  
1006  -38.77190793066748  
1007  -38.77191426318228  
1008  -38.77191998521048  
1009  -38.771924090707216  
1010  -38.771929355796054  
1011  -38.771931183331105  
1012  -38.77193655058178  
1013  -38.77193947717817  
1014  -38.77194307299656  
1015  -38.771949133796504  
1016  -38.771946535561675  
1017  -38.7719526172122  
1018  -38.771959306514766  
1019  -38.77196391101833  
1020  -38.77196851703524  
1021  -38.771971742153006  
1022  -38.7719743716071  
1023  -38.7719784638881  
1024  -38.77198126917873  
1025  -38.77198645988998  
1026  -38.77198970220828  
1027  -38.771993302904484  
1028  -38.77199629194811  
1029  -38.77199885550632  
1030  -38.77200171903156  
1031  -38.77200663645175  
1032  -38.77200922935842  
1033  -38.77201273586853  
1034  -38.77201592402279  
1035  -38.77202017937705  
1036  -38.772024216393646  
1037  -38.772027810191176  
1038  -38.77203165678189  
1039  -38.77203661262972  
1040  -38.77203985152753  
1041  -38.77204425888648  
1042  -38.77204769908258  
1043  -38.772051854218915  
1044  -38.772057329636056  
1045  -38.772061304152075  
1046  -38.77206761483008  
1047  -38.77207296875541  
1048  -38.77207747126416  
1049  -38.77208433787899  
1050  -38.77209114278858  
1051  -38.77209754109338  
1052  -38.7721040733323  
1053  -38.772110295039646  
1054  -38.77211937199105  
1055  -38.77212623026657  
1056  -38.77213208337116  
1057  -38.772138458068724  
1058  -38.772145922087354  
1059  -38.772153960753634  
1060  -38.77216125558706  
1061  -38.7721681506824  
1062  -38.77217746468364  
1063  -38.772183492491415  
1064  -38.77218987731802  
1065  -38.77219817395716  
1066  -38.77220445889777  
1067  -38.77220888511685  
1068  -38.772218449161535  
1069  -38.772222746048605  
1070  -38.77223133151392  
1071  -38.772231382749254  
1072  -38.77223616884904  
1073  -38.77224259105466  
1074  -38.7722490399463  
1075  -38.77225494286623  
1076  -38.7722619269678  
1077  -38.77227126970573  
1078  -38.77227596535757  
1079  -38.77228226896153  
1080  -38.7722875620813  
1081  -38.77229324254317  
1082  -38.77230043199191  
1083  -38.772307952410536  
1084  -38.77231226564249  
1085  -38.77231746585244  
1086  -38.772321203588675  
1087  -38.77232530758711  
1088  -38.772331973441766  
1089  -38.772334300880814  
1090  -38.77233718732712  
1091  -38.772343105273016  
1092  -38.772345600807576  
1093  -38.77234824475035  
1094  -38.772353258833064  
1095  -38.77235548260737  
1096  -38.77235901607991  
1097  -38.77236110092316  
1098  -38.77236537047404  
1099  -38.77236705398043  
1100  -38.772369502241006  
1101  -38.77237208894118  
1102  -38.77237519142456  
1103  -38.77237746617752  
1104  -38.77237950560853  
1105  -38.77238215158258  
1106  -38.77238525796001  
1107  -38.772387702215184  
1108  -38.77239059331952  
1109  -38.772392522915226  
1110  -38.772394486571656  
1111  -38.77239793844089  
1112  -38.77239989091651  
1113  -38.77240339325517  
1114  -38.77240373122577  
1115  -38.77240738497178  
1116  -38.772408823297205  
1117  -38.77241084724942  
1118  -38.772413489634424  
1119  -38.77241341264315  
1120  -38.77241558440827  
1121  -38.77241923778141  
1122  -38.77242164255858  
1123  -38.77242411060305  
1124  -38.77242636505332  
1125  -38.77242830701243  
1126  -38.77243154147139  
1127  -38.772433326735786  
1128  -38.77243497824508  
1129  -38.77243871854639  
1130  -38.77243979222505  
1131  -38.77244175290721  
1132  -38.772443519045495  
1133  -38.772444771689365  
1134  -38.77244726195533  
1135  -38.77244574833143  
1136  -38.772448962668236  
1137  -38.77245205207118  
1138  -38.77245364534918  
1139  -38.77245545728383  
1140  -38.772456953215936  
1141  -38.772458773969156  
1142  -38.7724602541009  
1143  -38.77246185656663  
1144  -38.7724632168209  
1145  -38.77246472473685  
1146  -38.77246599978459  
1147  -38.7724672373032  
1148  -38.77246893090623  
1149  -38.77246997175976  
1150  -38.77247170540913  
1151  -38.77247331756096  
1152  -38.772474972457644  
1153  -38.7724760394018  
1154  -38.772477595783094  
1155  -38.77247859135336  
1156  -38.772479899903985  
1157  -38.772481096127784  
1158  -38.77248204894897  
1159  -38.77248261701814  
1160  -38.77248449950511  
1161  -38.77248510846217  
1162  -38.77248596791568  
1163  -38.772486929484884  
1164  -38.772488134526995  
1165  -38.77248909106771  
1166  -38.77249008117476  
1167  -38.77249087189262  
1168  -38.77249189688676  
1169  -38.77249284093349  
1170  -38.77249362383136  
1171  -38.77249425098812  
1172  -38.772495703708785  
1173  -38.7724963064955  
1174  -38.772497062431675  
1175  -38.77249817716974  
1176  -38.77249882193042  
1177  -38.77249984212696  
1178  -38.77250029837675  
1179  -38.77250103692776  
1180  -38.772501566422136  
1181  -38.77250271206632  
1182  -38.77250323176494  
1183  -38.77250379991117  
1184  -38.77250475295696  
1185  -38.772504020278745  
1186  -38.77250531310916  
1187  -38.77250622759605  
1188  -38.7725068749959  
1189  -38.77250755957117  
1190  -38.77250820084915  
1191  -38.77250877258038  
1192  -38.772509478062005  
1193  -38.77251011425163  
1194  -38.77251063711509  
1195  -38.77251133723447  
1196  -38.772511834655624  
1197  -38.77251221126529  
1198  -38.77251312738823  
1199  -38.77251345368125  
1200  -38.77251392142545  
1201  -38.77251466053582  
1202  -38.77251507778642  
1203  -38.77251597606393  
1204  -38.772516819000856  
1205  -38.77251725453326  
1206  -38.77251783812194  
1207  -38.772518350577634  
1208  -38.77251898311434  
1209  -38.77251977141144  
1210  -38.77252014145159  
1211  -38.77252053234474  
1212  -38.772521245302485  
1213  -38.772521697535026  
1214  -38.77252169626647  
1215  -38.77252213316412  
1216  -38.77252271308859  
1217  -38.772523041605595  
1218  -38.77252355455373  
1219  -38.77252402902194  
1220  -38.77252449269147  
1221  -38.77252505919266  
1222  -38.77252536877954  
1223  -38.77252575394029  
1224  -38.772526122341425  
1225  -38.772526989647844  
1226  -38.77252719247672  
1227  -38.77252782286999  
1228  -38.77252789301745  
1229  -38.77252844863494  
1230  -38.772528696584594  
1231  -38.77252910948712  
1232  -38.77252955188333  
1233  -38.772529956633  
1234  -38.77253036746051  
1235  -38.77253067562561  
1236  -38.77253101571988  
1237  -38.77253099812031  
1238  -38.772531320618775  
1239  -38.772531715362426  
1240  -38.772531996537786  
1241  -38.77253229223567  
1242  -38.772532615661895  
1243  -38.77253293685856  
1244  -38.77253326628633  
1245  -38.77253353613864  
1246  -38.7725337311486  
1247  -38.772534178261104  
1248  -38.77253431184437  
1249  -38.77253468206603  
1250  -38.77253492713015  
1251  -38.772535150154035  
1252  -38.77253552528518  
1253  -38.772535028596955  
1254  -38.77253575883317  
1255  -38.772536220117786  
1256  -38.772536514896814  
1257  -38.77253688283818  
1258  -38.77253702941726  
1259  -38.77253738316655  
1260  -38.77253768192265  
1261  -38.77253795297321  
1262  -38.772538378939544  
1263  -38.77253746891136  
1264  -38.772538578574576  
1265  -38.772538914762094  
1266  -38.77253915340532  
1267  -38.77253942687106  
1268  -38.77253968465399  
1269  -38.77253993766518  
1270  -38.77254027250288  
1271  -38.77254047425424  
1272  -38.772540726347096  
1273  -38.772540990763304  
1274  -38.77254140030747  
1275  -38.77254155745385  
1276  -38.77254190615689  
1277  -38.77254196710403  
1278  -38.77254229241385  
1279  -38.77254246828116  
1280  -38.772542699582104  
1281  -38.77254298975949  
1282  -38.772542812247416  
1283  -38.77254319407761  
1284  -38.77254348445653  
1285  -38.772543702126434  
1286  -38.77254400104781  
1287  -38.77254413570719  
1288  -38.77254445882726  
1289  -38.77254463330941  
1290  -38.772544807965296  
1291  -38.77254511999194  
1292  -38.77254474406606  
1293  -38.77254528124087  
1294  -38.7725455282039  
1295  -38.77254569901084  
1296  -38.77254589405591  
1297  -38.77254608352356  
1298  -38.772546280080284  
1299  -38.77254652780683  
1300  -38.77254671371765  
1301  -38.77254697109857  
1302  -38.77254722534834  
1303  -38.772547472485705  
1304  -38.77254770487507  
1305  -38.77254791452514  
1306  -38.77254815458975  
1307  -38.772548357047924  
1308  -38.77254859812967  
1309  -38.77254877960927  
1310  -38.772549005134174  
1311  -38.772549177674854  
1312  -38.77254934469307  
1313  -38.772549587264685  
1314  -38.772549762992405  
1315  -38.772549921618975  
1316  -38.77255008635349  
1317  -38.77255026353771  
1318  -38.77255049182102  
1319  -38.772550691908485  
1320  -38.77255082277277  
1321  -38.77255103205632  
1322  -38.772551218080224  
1323  -38.77255139545913  
1324  -38.77255156799293  
1325  -38.77255172598465  
1326  -38.772551937635306  
1327  -38.772552120475986  
1328  -38.77255225629845  
1329  -38.772552411474116  
1330  -38.77255257758236  
1331  -38.77255273585876  
1332  -38.77255287665673  
1333  -38.77255300418086  
1334  -38.77255318592488  
1335  -38.77255332963925  
1336  -38.772553462027965  
1337  -38.77255362058191  
1338  -38.772553771973506  
1339  -38.77255393441527  
1340  -38.772554069612696  
1341  -38.772554231916125  
1342  -38.77255437295083  
1343  -38.77255451627193  
1344  -38.77255465224671  
1345  -38.772554768301006  
1346  -38.772554888734234  
1347  -38.77255503847711  
1348  -38.7725551673879  
1349  -38.772555291415145  
1350  -38.77255545610494  
1351  -38.77255553946174  
1352  -38.77255564661097  
1353  -38.77255583828797  
1354  -38.77255594610796  
1355  -38.772556048052365  
1356  -38.77255616387292  
1357  -38.772556248564555  
1358  -38.77255639905266  
1359  -38.7725565260839  
1360  -38.77255664452437  
1361  -38.77255673089862  
1362  -38.77255685589666  
1363  -38.77255700465216  
1364  -38.77255715361995  
1365  -38.77255726935774  
1366  -38.77255740679839  
1367  -38.772557541714114  
1368  -38.77255770785866  
1369  -38.77255784715015  
1370  -38.77255798350617  
1371  -38.77255813468502  
1372  -38.77255834692315  
1373  -38.772558440017214  
1374  -38.77255860380372  
1375  -38.77255866660343  
1376  -38.772558809741525  
1377  -38.772558894387075  
1378  -38.77255897869723  
1379  -38.7725591485326  
1380  -38.77255892675343  
1381  -38.7725592203332  
1382  -38.77255933962618  
1383  -38.7725594299654  
1384  -38.77255956073933  
1385  -38.77255964909721  
1386  -38.77255973145295  
1387  -38.772559818367334  
1388  -38.77255988976129  
1389  -38.772560027825456  
1390  -38.77256016462723  
1391  -38.772560236749925  
1392  -38.77256035767147  
1393  -38.77256043795961  
1394  -38.772560539615796  
1395  -38.772560687723605  
1396  -38.77256076611459  
1397  -38.77256085469966  
1398  -38.77256101343736  
1399  -38.77256108140356  
1400  -38.77256116563398  
1401  -38.772561295833185  
1402  -38.77256137670109  
1403  -38.77256143669682  
1404  -38.77256158657681  
1405  -38.77256165718243  
1406  -38.772561750055  
1407  -38.772561878136564  
1408  -38.7725619698601  
1409  -38.77256211051463  
1410  -38.77256217626929  
1411  -38.77256227648472  
1412  -38.77256230754582  
1413  -38.77256247534398  
1414  -38.772562536516176  
1415  -38.77256262610955  
1416  -38.77256275567747  
1417  -38.77256282510587  
1418  -38.77256295556171  
1419  -38.77256301511405  
1420  -38.772563107338314  
1421  -38.77256324216805  
1422  -38.77256336830253  
1423  -38.77256344982881  
1424  -38.77256356049216  
1425  -38.77256364625322  
1426  -38.77256376750846  
1427  -38.772563868810316  
1428  -38.772564018353854  
1429  -38.77256408037039  
1430  -38.772564194073375  
1431  -38.77256423292978  
1432  -38.772564369644016  
1433  -38.77256445428491  
1434  -38.772564538705524  
1435  -38.77256465695339  
1436  -38.7725646169783  
1437  -38.772564748534315  
1438  -38.77256486900562  
1439  -38.772564942330845  
1440  -38.7725650302336  
1441  -38.77256513046466  
1442  -38.7725652352375  
1443  -38.772565357523554  
1444  -38.77256545692394  
1445  -38.772565519467165  
1446  -38.77256566601897  
1447  -38.77256570343947  
1448  -38.77256579953106  
1449  -38.772565870049135  
1450  -38.772565929392215  
1451  -38.77256603036989  
1452  -38.77256606027521  
1453  -38.77256627161147  
1454  -38.77256632927432  
1455  -38.77256640977379  
1456  -38.77256650538534  
1457  -38.77256659944734  
1458  -38.77256672707027  
1459  -38.77256680392544  
1460  -38.77256688797129  
1461  -38.77256703079577  
1462  -38.772567179668144  
1463  -38.77256727959676  
1464  -38.77256740708078  
1465  -38.7725674831578  
1466  -38.77256757099513  
1467  -38.772567715743314  
1468  -38.772567778246575  
1469  -38.77256786093198  
1470  -38.77256808004174  
1471  -38.772568138131724  
1472  -38.772568260006075  
1473  -38.77256827330573  
1474  -38.77256836196614  
1475  -38.7725685130501  
1476  -38.772568648792465  
1477  -38.77256875280534  
1478  -38.77256886023907  
1479  -38.77256897354229  
1480  -38.77256910439569  
1481  -38.772569216907  
1482  -38.77256930168598  
1483  -38.772569436825805  
1484  -38.77256954041482  
1485  -38.77256963402461  
1486  -38.772569785154296  
1487  -38.77256988102777  
1488  -38.77257006863003  
1489  -38.77257019378561  
1490  -38.77257029941718  
1491  -38.772570430914094  
1492  -38.772570549148  
1493  -38.772570710494264  
1494  -38.77257085607728  
1495  -38.77257103026301  
1496  -38.77257115692557  
1497  -38.7725712736024  
1498  -38.772571451617694  
1499  -38.77257157483946  
1500  -38.7725717239295  
1501  -38.77257192282988  
1502  -38.772572071883296  
1503  -38.77257216517625  
1504  -38.77257243560044  
1505  -38.772572504175564  
1506  -38.77257267354275  
1507  -38.7725728374177  
1508  -38.77257302853117  
1509  -38.7725732762986  
1510  -38.772572867827826  
1511  -38.77257342374185  
1512  -38.772573736879885  
1513  -38.772573963474755  
1514  -38.77257416271366  
1515  -38.77257433341508  
1516  -38.77257447948632  
1517  -38.77257474912884  
1518  -38.772574899533716  
1519  -38.7725750233555  
1520  -38.772575243832236  
1521  -38.77257539517572  
1522  -38.772575592045285  
1523  -38.772575784443426  
1524  -38.772575945290804  
1525  -38.77257615669427  
1526  -38.7725762806925  
1527  -38.77257659847374  
1528  -38.77257674194808  
1529  -38.77257689692419  
1530  -38.77257717234642  
1531  -38.77257718332579  
1532  -38.77257738592742  
1533  -38.772577735637014  
1534  -38.77257798907402  
1535  -38.772578266578975  
1536  -38.77257851236403  
1537  -38.77257876059465  
1538  -38.772579149998634  
1539  -38.77257938555534  
1540  -38.77257975329893  
1541  -38.772580047124215  
1542  -38.77258066233722  
1543  -38.772580970938876  
1544  -38.772581497639344  
1545  -38.77258218029718  
1546  -38.772583034867154  
1547  -38.77258369630086  
1548  -38.77258446466158  
1549  -38.772585188491  
1550  -38.77258647856296  
1551  -38.772587243975394  
1552  -38.77258838672153  
1553  -38.77258928745861  
1554  -38.77259051095748  
1555  -38.77259261233992  
1556  -38.77258934740614  
1557  -38.77259374900716  
1558  -38.77259584481391  
1559  -38.77259779180225  
1560  -38.77259975532229  
1561  -38.772602077562674  
1562  -38.77260522592186  
1563  -38.772608134822306  
1564  -38.77261148985219  
1565  -38.77261408546098  
1566  -38.77261765298963  
1567  -38.77261746667542  
1568  -38.772620332375325  
1569  -38.772623769260036  
1570  -38.7726273872771  
1571  -38.77263005722479  
1572  -38.77263314641188  
1573  -38.77263831423044  
1574  -38.77264214817802  
1575  -38.77264513806225  
1576  -38.77265053884618  
1577  -38.77265475105031  
1578  -38.77266020166882  
1579  -38.77266615140191  
1580  -38.772673232995665  
1581  -38.77267616149033  
1582  -38.77268351040486  
1583  -38.77268559039473  
1584  -38.77269336857731  
1585  -38.772698397232425  
1586  -38.77270419445431  
1587  -38.772712103596625  
1588  -38.77270084717583  
1589  -38.77271676777408  
1590  -38.77272568472211  
1591  -38.77273238860336  
1592  -38.77274164982149  
1593  -38.77274224526571  
1594  -38.77274644298  
1595  -38.772753289802004  
1596  -38.77276039979426  
1597  -38.772765709094884  
1598  -38.77277117070033  
1599  -38.772778091199065  
1600  -38.7727834358535  
1601  -38.77278930986539  
1602  -38.77279657069263  
1603  -38.772801790323356  
1604  -38.77280713153424  
1605  -38.772814271737985  
1606  -38.77281827008939  
1607  -38.77282233103174  
1608  -38.77282866610721  
1609  -38.77283260448831  
1610  -38.7728381688137  
1611  -38.77284316231935  
1612  -38.77284916367691  
1613  -38.77285481635245  
1614  -38.7728608411495  
1615  -38.77286580249602  
1616  -38.7728700778799  
1617  -38.772874661831786  
1618  -38.77287992705762  
1619  -38.77288572244789  
1620  -38.77289100623669  
1621  -38.77289603688341  
1622  -38.77290108304856  
1623  -38.77290476942986  
1624  -38.77291064877997  
1625  -38.77291532084614  
1626  -38.772920216255265  
1627  -38.77292585895019  
1628  -38.772929436786065  
1629  -38.7729359435022  
1630  -38.7729432066689  
1631  -38.772945916622085  
1632  -38.772950790910905  
1633  -38.77295364176457  
1634  -38.77295908260454  
1635  -38.77296240191296  
1636  -38.77296556241338  
1637  -38.77297148145144  
1638  -38.77297514004236  
1639  -38.772979638732785  
1640  -38.77298237839489  
1641  -38.772985707347594  
1642  -38.77298806983526  
1643  -38.77299416049707  
1644  -38.77299682025364  
1645  -38.77300023811532  
1646  -38.773005249013465  
1647  -38.773000646894644  
1648  -38.773008327241186  
1649  -38.773013958894566  
1650  -38.77301815735117  
1651  -38.77302262859834  
1652  -38.77302564106681  
1653  -38.77302931163022  
1654  -38.77303336605127  
1655  -38.77303644666285  
1656  -38.77304142065889  
1657  -38.77304664907855  
1658  -38.77304971419112  
1659  -38.773054655271885  
1660  -38.77305783411611  
1661  -38.77306094211395  
1662  -38.77306681495019  
1663  -38.773069081988204  
1664  -38.77307202199373  
1665  -38.77307694255909  
1666  -38.77307944038588  
1667  -38.77308229001733  
1668  -38.77309057509347  
1669  -38.77309306781521  
1670  -38.77309589107402  
1671  -38.77309995536476  
1672  -38.77310511619223  
1673  -38.773108982330854  
1674  -38.77311287345372  
1675  -38.77311627746378  
1676  -38.77311951001992  
1677  -38.773123242107594  
1678  -38.773125915376106  
1679  -38.773128918152025  
1680  -38.77313276076461  
1681  -38.77313703513378  
1682  -38.77313961036272  
1683  -38.77314402276124  
1684  -38.77314695305368  
1685  -38.773150126178464  
1686  -38.773154759906035  
1687  -38.773157529127054  
1688  -38.77316152668385  
1689  -38.77316507645035  
1690  -38.77317002983835  
1691  -38.773172587385325  
1692  -38.773177165180215  
1693  -38.773178458839  
1694  -38.77318393042384  
1695  -38.77318651730314  
1696  -38.773189759337654  
1697  -38.77319422817929  
1698  -38.77319194874108  
1699  -38.773197004957126  
1700  -38.77320100572791  
1701  -38.77320347828758  
1702  -38.77320650972265  
1703  -38.77320954640577  
1704  -38.77321210686935  
1705  -38.77321642457654  
1706  -38.77321867111169  
1707  -38.773220812165874  
1708  -38.773224443022876  
1709  -38.77322687079643  
1710  -38.77322582464738  
1711  -38.77322972435393  
1712  -38.773234105690484  
1713  -38.77323623253962  
1714  -38.77323944233847  
1715  -38.773241988635206  
1716  -38.773244688917764  
1717  -38.77324812484749  
1718  -38.77325010156737  
1719  -38.77325312504774  
1720  -38.773256021445576  
1721  -38.773261065124764  
1722  -38.77326303955422  
1723  -38.77326647401201  
1724  -38.773267112215045  
1725  -38.77327120786173  
1726  -38.77327313522418  
1727  -38.77327565871094  
1728  -38.773279311054694  
1729  -38.77327815405147  
1730  -38.77328185775848  
1731  -38.77328649294381  
1732  -38.773289528823824  
1733  -38.77329302384632  
1734  -38.77329547105176  
1735  -38.77329790450312  
1736  -38.773301717431856  
1737  -38.77330407816908  
1738  -38.77330754026805  
1739  -38.7733102894773  
1740  -38.773312527605256  
1741  -38.77331569190702  
1742  -38.77331746182306  
1743  -38.773320125666565  
1744  -38.77332175160895  
1745  -38.77332381087688  
1746  -38.77332553986134  
1747  -38.773328808970305  
1748  -38.77333053526679  
1749  -38.77333235661008  
1750  -38.77333502676716  
1751  -38.77333796968046  
1752  -38.77334015035379  
1753  -38.77334278187584  
1754  -38.773344745007826  
1755  -38.77334667207748  
1756  -38.77334949429838  
1757  -38.773351381935456  
1758  -38.77335281488387  
1759  -38.773356793280286  
1760  -38.773357244818776  
1761  -38.773359257898676  
1762  -38.77336069510386  
1763  -38.77336247415914  
1764  -38.77336441472311  
1765  -38.77335948141629  
1766  -38.773365707144606  
1767  -38.77336858893102  
1768  -38.77337066519654  
1769  -38.77337244730027  
1770  -38.77337404134594  
1771  -38.77337543499431  
1772  -38.77337785560032  
1773  -38.77337904482519  
1774  -38.77338017527698  
1775  -38.77338133771232  
1776  -38.77338255276127  
1777  -38.773384333183664  
1778  -38.773386205547716  
1779  -38.77338727719471  
1780  -38.77338868255397  
1781  -38.77338966122127  
1782  -38.77339090632843  
1783  -38.773392674586724  
1784  -38.773393660781565  
1785  -38.77339574102389  
1786  -38.77339735523866  
1787  -38.773398692341324  
1788  -38.773400014257476  
1789  -38.77340110339101  
1790  -38.77340301417821  
1791  -38.77340466243147  
1792  -38.77340556317134  
1793  -38.7734068328616  
1794  -38.77340795432773  
1795  -38.773409467553236  
1796  -38.77341054372133  
1797  -38.77341152554758  
1798  -38.773412555973074  
1799  -38.77341349529907  
1800  -38.77341460367232  
1801  -38.77341565956701  
1802  -38.77341668298556  
1803  -38.77341760768809  
1804  -38.77341861591459  
1805  -38.773419532655915  
1806  -38.773420463648726  
1807  -38.77342120861835  
1808  -38.77342214606931  
1809  -38.77342255652958  
1810  -38.77342373626941  
1811  -38.773424449717666  
1812  -38.77342510719386  
1813  -38.77342600348566  
1814  -38.773426687952394  
1815  -38.773427537895174  
1816  -38.77342802921088  
1817  -38.773428705371195  
1818  -38.77342928303241  
1819  -38.77343037390019  
1820  -38.77343095065801  
1821  -38.77343151332112  
1822  -38.77343232163266  
1823  -38.77343206128495  
1824  -38.773432936640084  
1825  -38.7734338380118  
1826  -38.77343453460857  
1827  -38.77343530137391  
1828  -38.7734358998853  
1829  -38.773436560914206  
1830  -38.773437196897824  
1831  -38.7734377556791  
1832  -38.77343848936797  
1833  -38.77343922408871  
1834  -38.77343974035255  
1835  -38.77344023545817  
1836  -38.773440691873596  
1837  -38.77344148125314  
1838  -38.773441893707336  
1839  -38.773442293323626  
1840  -38.77344294960543  
1841  -38.77344368557706  
1842  -38.77344425041418  
1843  -38.773445033030434  
1844  -38.77344555582517  
1845  -38.773446012547  
1846  -38.77344684874992  
1847  -38.773447244652935  
1848  -38.7734476530375  
1849  -38.773448639685235  
1850  -38.773449004709924  
1851  -38.77344941773625  
1852  -38.77345044212345  
1853  -38.77345082939209  
1854  -38.77345137731482  
1855  -38.77345221643054  
1856  -38.773452487922064  
1857  -38.77345306154518  
1858  -38.77345358438264  
1859  -38.77345416517488  
1860  -38.77345452760012  
1861  -38.7734548794272  
1862  -38.7734552808209  
1863  -38.773455831414815  
1864  -38.773456227946404  
1865  -38.77345655061714  
1866  -38.77345695136452  
1867  -38.77345746156445  
1868  -38.773457871056706  
1869  -38.77345830175625  
1870  -38.773458642319994  
1871  -38.77345918551331  
1872  -38.773459504905475  
1873  -38.773459885688276  
1874  -38.773460280524866  
1875  -38.77346078610538  
1876  -38.77346111486643  
1877  -38.77346147883991  
1878  -38.77346191364722  
1879  -38.77346242978218  
1880  -38.773462862135624  
1881  -38.77346326500733  
1882  -38.77346362886818  
1883  -38.77346409682518  
1884  -38.77346459593452  
1885  -38.773464912174454  
1886  -38.773465350115124  
1887  -38.773465699532764  
1888  -38.773466019513094  
1889  -38.77346666889751  
1890  -38.77346688618426  
1891  -38.773467563485646  
1892  -38.77346778210017  
1893  -38.7734681474527  
1894  -38.77346851350019  
1895  -38.7734690411844  
1896  -38.77346939466764  
1897  -38.77346975286233  
1898  -38.77347021424714  
1899  -38.773470661713965  
1900  -38.77347101299085  
1901  -38.773471411064314  
1902  -38.77347172836929  
1903  -38.7734722752039  
1904  -38.773472659138065  
1905  -38.77347308028194  
1906  -38.773473461198186  
1907  -38.77347375073987  
1908  -38.77347409778832  
1909  -38.7734744378213  
1910  -38.773474774940425  
1911  -38.77347511355714  
1912  -38.77347553171389  
1913  -38.77347583645523  
1914  -38.773476176179834  
1915  -38.773476333802485  
1916  -38.77347690166647  
1917  -38.77347715967179  
1918  -38.77347743465783  
1919  -38.77347785335578  
1920  -38.77347775832217  
1921  -38.77347818031459  
1922  -38.77347874463536  
1923  -38.7734790819494  
1924  -38.77347946444997  
1925  -38.77347977312952  
1926  -38.773480066397155  
1927  -38.77348063549554  
1928  -38.773480731517196  
1929  -38.773481129587935  
1930  -38.77348136477459  
1931  -38.77348167743922  
1932  -38.773482132309546  
1933  -38.7734822201644  
1934  -38.773482847481894  
1935  -38.773483017993215  
1936  -38.77348336692076  
1937  -38.773483731976334  
1938  -38.773484183142614  
1939  -38.77348448128335  
1940  -38.77348480605441  
1941  -38.77348509016629  
1942  -38.773485412996756  
1943  -38.77348593634237  
1944  -38.77348619242706  
1945  -38.77348653963113  
1946  -38.77348696926708  
1947  -38.77348722842134  
1948  -38.77348747524514  
1949  -38.7734878589987  
1950  -38.77348811150609  
1951  -38.7734883628319  
1952  -38.7734888230334  
1953  -38.77348908175956  
1954  -38.773489406211766  
1955  -38.77348974863831  
1956  -38.773490179326544  
1957  -38.77349046136405  
1958  -38.77349078852365  
1959  -38.77349109383702  
1960  -38.773491461141816  
1961  -38.77349182261094  
1962  -38.77349211898173  
1963  -38.77349235494681  
1964  -38.77349280795308  
1965  -38.77349304912825  
1966  -38.77349332504385  
1967  -38.77349362031659  
1968  -38.773493996039925  
1969  -38.7734942828649  
1970  -38.77349456454286  
1971  -38.77349475172314  
1972  -38.77349514666642  
1973  -38.77349537721949  
1974  -38.773495603105175  
1975  -38.77349599328424  
1976  -38.77349608428083  
1977  -38.77349663649981  
1978  -38.77349679558942  
1979  -38.77349709084502  
1980  -38.77349739433534  
1981  -38.77349778151298  
1982  -38.773498053799386  
1983  -38.773498401487444  
1984  -38.773498695439436  
1985  -38.77349906695072  
1986  -38.77349945766804  
1987  -38.77349977429362  
1988  -38.77349982125979  
1989  -38.77350006031766  
1990  -38.77350045917373  
1991  -38.773500776243175  
1992  -38.77350108517734  
1993  -38.77350140302834  
1994  -38.77350172468179  
1995  -38.77350210382419  
1996  -38.77350245374402  
1997  -38.773502711323836  
1998  -38.773503204022816  
1999  -38.77350336487736  
2000  -38.77350367732135  
2001  -38.77350391846494  
2002  -38.7735041672673  
2003  -38.773504560751164  
2004  -38.77350467963433  
2005  -38.77350513352443  
2006  -38.773505270159575  
2007  -38.773505517694375  
2008  -38.77350587104443  
2009  -38.77350624146641  
2010  -38.773506505084924  
2011  -38.77350681258099  
2012  -38.77350701171738  
2013  -38.77350722969078  
2014  -38.773507681840556  
2015  -38.773507860349056  
2016  -38.773508040090185  
2017  -38.77350826923659  
2018  -38.77350850445955  
2019  -38.77350892232359  
2020  -38.773507837165525  
2021  -38.77350908688685  
2022  -38.773509452892604  
2023  -38.773509737955976  
2024  -38.77351007948128  
2025  -38.77351034735156  
2026  -38.77351051083937  
2027  -38.77351078405738  
2028  -38.773511006595605  
2029  -38.77351138357277  
2030  -38.773511555113465  
2031  -38.77351183028716  
2032  -38.773512003352046  
2033  -38.77351224835033  
2034  -38.773512507855145  
2035  -38.77351284464135  
2036  -38.7735130472336  
2037  -38.77351327106394  
2038  -38.7735134703155  
2039  -38.77351371154704  
2040  -38.7735139560006  
2041  -38.77351413050959  
2042  -38.77351428230437  
2043  -38.77351458714402  
2044  -38.773514711853295  
2045  -38.77351488449783  
2046  -38.7735151860812  
2047  -38.77351536065757  
2048  -38.77351564983678  
2049  -38.77351577084936  
2050  -38.773515943413315  
2051  -38.77351610397165  
2052  -38.773516394513884  
2053  -38.77351655341954  
2054  -38.77351670016552  
2055  -38.77351693552108  
2056  -38.773517183027565  
2057  -38.77351737146652  
2058  -38.77351761851527  
2059  -38.77351779510088  
2060  -38.77351803496979  
2061  -38.77351827072747  
2062  -38.7735184463845  
2063  -38.773518583471656  
2064  -38.7735188461702  
2065  -38.77351898041866  
2066  -38.77351915247517  
2067  -38.773519429375526  
2068  -38.77351957008283  
2069  -38.77351974627564  
2070  -38.77352000238043  
2071  -38.77352015668841  
2072  -38.77352031219402  
2073  -38.77352053335026  
2074  -38.77352070508196  
2075  -38.77352084459068  
2076  -38.773521143184304  
2077  -38.773521274324324  
2078  -38.773521448766445  
2079  -38.77352164261812  
2080  -38.77352190131098  
2081  -38.77352211951686  
2082  -38.773522309587115  
2083  -38.77352249717382  
2084  -38.773522709778916  
2085  -38.77352296375333  
2086  -38.77352314107368  
2087  -38.77352331389532  
2088  -38.77352356575173  
2089  -38.773523687642935  
2090  -38.773523879288284  
2091  -38.77352391905178  
2092  -38.77352424922463  
2093  -38.77352437046026  
2094  -38.77352451178827  
2095  -38.77352472914838  
2096  -38.77352459920872  
2097  -38.773524885635865  
2098  -38.773525157973175  
2099  -38.77352532877912  
2100  -38.773525540737694  
2101  -38.77352571954456  
2102  -38.77352586918482  
2103  -38.77352612629233  
2104  -38.77352626609211  
2105  -38.77352640613523  
2106  -38.77352667818771  
2107  -38.77352681376756  
2108  -38.77352710259343  
2109  -38.77352704722039  
2110  -38.773527226291904  
2111  -38.77352741076044  
2112  -38.773527620299575  
2113  -38.77352778126061  
2114  -38.77352795308497  
2115  -38.77352813737595  
2116  -38.773528260857  
2117  -38.77352844788687  
2118  -38.77352855395125  
2119  -38.773528698807745  
2120  -38.77352886557643  
2121  -38.77352904939203  
2122  -38.77352917104678  
2123  -38.773529334197015  
2124  -38.77352948463109  
2125  -38.77352966225262  
2126  -38.773529815241005  
2127  -38.773529924373754  
2128  -38.77353006140646  
2129  -38.77353030490047  
2130  -38.77353031223597  
2131  -38.77353044577785  
2132  -38.77353057991205  
2133  -38.77353070540733  
2134  -38.77353084568862  
2135  -38.77353103321475  
2136  -38.77353120124698  
2137  -38.77353132764585  
2138  -38.77353144528551  
2139  -38.773531576646164  
2140  -38.7735317354703  
2141  -38.77353184453881  
2142  -38.77353204295823  
2143  -38.77353214216664  
2144  -38.773532230903136  
2145  -38.773532373566425  
2146  -38.77353234586842  
2147  -38.773532478486416  
2148  -38.773532639386644  
2149  -38.77353273926302  
2150  -38.77353286264528  
2151  -38.773532958639144  
2152  -38.77353307928086  
2153  -38.7735332191638  
2154  -38.773533304875485  
2155  -38.77353340860908  
2156  -38.77353359805104  
2157  -38.773533670342765  
2158  -38.773533784315944  
2159  -38.773533903717556  
2160  -38.77353405128777  
2161  -38.77353417127516  
2162  -38.77353428078758  
2163  -38.77353439079941  
2164  -38.77353450369855  
2165  -38.77353464001159  
2166  -38.77353477308713  
2167  -38.77353484723506  
2168  -38.773535038427696  
2169  -38.77353507133057  
2170  -38.77353521670146  
2171  -38.77353530340895  
2172  -38.77353541623608  
2173  -38.77353555320197  
2174  -38.77353544696615  
2175  -38.773535647357924  
2176  -38.77353578429849  
2177  -38.77353588184274  
2178  -38.77353601913146  
2179  -38.773536060947464  
2180  -38.77353621045162  
2181  -38.77353628578357  
2182  -38.77353637972656  
2183  -38.77353653293623  
2184  -38.77353660289115  
2185  -38.77353678499667  
2186  -38.77353686106878  
2187  -38.773536976735016  
2188  -38.773537160796074  
2189  -38.773537261237315  
2190  -38.77353743150677  
2191  -38.77353752370219  
2192  -38.77353764103007  
2193  -38.77353771910508  
2194  -38.77353791058084  
2195  -38.77353800536674  
2196  -38.77353810860214  
2197  -38.7735382722635  
2198  -38.77353802425514  
2199  -38.77353837475355  
2200  -38.77353856531119  
2201  -38.77353872223629  
2202  -38.77353887546663  
2203  -38.77353901652365  
2204  -38.77353915551938  
2205  -38.77353938129711  
2206  -38.77353948185652  
2207  -38.77353960351987  
2208  -38.773539730723456  
2209  -38.773539837693036  
2210  -38.77353994169593  
2211  -38.773540143509784  
2212  -38.77354024715777  
2213  -38.77354035592939  
2214  -38.773540527665254  
2215  -38.773540614741876  
2216  -38.773540839717086  
2217  -38.77354092485367  
2218  -38.773541064932026  
2219  -38.773541255337015  
2220  -38.77354138681545  
2221  -38.773541529844145  
2222  -38.77354164485887  
2223  -38.773541757628855  
2224  -38.77354186257819  
2225  -38.773542031957184  
2226  -38.7735421106616  
2227  -38.7735422075889  
2228  -38.77354237818849  
2229  -38.773542359642526  
2230  -38.77354248705562  
2231  -38.77354262580561  
2232  -38.77354273900501  
2233  -38.77354284509017  
2234  -38.77354295948461  
2235  -38.773543067482834  
2236  -38.773543198474805  
2237  -38.773543315531704  
2238  -38.773543415232865  
2239  -38.773543581429706  
2240  -38.77354364463317  
2241  -38.77354373175527  
2242  -38.77354387746414  
2243  -38.773543958334336  
2244  -38.77354402008786  
2245  -38.773544224828534  
2246  -38.773544300101506  
2247  -38.7735443880215  
2248  -38.77354451757571  
2249  -38.77354463951412  
2250  -38.77354476639758  
2251  -38.773544855331956  
2252  -38.77354496851557  
2253  -38.773545090030595  
2254  -38.773545222048995  
2255  -38.77354530193145  
2256  -38.77354539413559  
2257  -38.773545485467615  
2258  -38.77354562099717  
2259  -38.7735457133162  
2260  -38.77354584889816  
2261  -38.77354591326728  
2262  -38.77354602596856  
2263  -38.77354610974022  
2264  -38.77354622343508  
2265  -38.77354630597699  
2266  -38.773546382095006  
2267  -38.773546529495185  
2268  -38.77354665718301  
2269  -38.77354675770628  
2270  -38.773546874653185  
2271  -38.773546957626884  
2272  -38.77354707625766  
2273  -38.77354720206566  
2274  -38.7735473083877  
2275  -38.77354738731229  
2276  -38.77354750297597  
2277  -38.77354761795209  
2278  -38.77354767696692  
2279  -38.77354784393535  
2280  -38.77354787297582  
2281  -38.7735479908466  
2282  -38.773548060718845  
2283  -38.77354815949746  
2284  -38.773548293435105  
2285  -38.77354811824993  
2286  -38.77354837245265  
2287  -38.77354849199431  
2288  -38.77354857343076  
2289  -38.7735486925302  
2290  -38.77354877382256  
2291  -38.773548869327854  
2292  -38.7735489580816  
2293  -38.77354902520725  
2294  -38.77354909539498  
2295  -38.77354923187235  
2296  -38.77354929360137  
2297  -38.773549380209396  
2298  -38.77354948052943  
2299  -38.77354957252476  
2300  -38.77354965418456  
2301  -38.77354972815558  
2302  -38.7735498004734  
2303  -38.77354988352553  
2304  -38.77354999712912  
2305  -38.77355005308088  
2306  -38.77355012216549  
2307  -38.77355023009772  
2308  -38.77355033167883  
2309  -38.7735504261444  
2310  -38.77355052085955  
2311  -38.77355060916384  
2312  -38.7735507315197  
2313  -38.77355083071308  
2314  -38.77355091350541  
2315  -38.77355102404686  
2316  -38.77355111095207  
2317  -38.77355121266578  
2318  -38.7735513034488  
2319  -38.77355138803198  
2320  -38.77355148093031  
2321  -38.77355156635702  
2322  -38.773551653165434  
2323  -38.77355174659287  
2324  -38.773551865523764  
2325  -38.77355195299026  
2326  -38.773552048281665  
2327  -38.77355215566976  
2328  -38.77355226101229  
2329  -38.7735523627769  
2330  -38.773552431395174  
2331  -38.773552542796864  
2332  -38.77355264667702  
2333  -38.77355272991819  
2334  -38.77355283632238  
2335  -38.77355292268952  
2336  -38.773553032001935  
2337  -38.77355309111213  
2338  -38.77355320883971  
2339  -38.77355326650784  
2340  -38.77355338931554  
2341  -38.77355349904857  
2342  -38.773553523621096  
2343  -38.77355369209051  
2344  -38.77355375173873  
2345  -38.7735538641509  
2346  -38.77355401612481  
2347  -38.77355411150329  
2348  -38.77355425673454  
2349  -38.7735543208223  
2350  -38.77355441063302  
2351  -38.77355451386756  
2352  -38.773554623744495  
2353  -38.773554702711685  
2354  -38.773554776311286  
2355  -38.773554848987246  
2356  -38.77355498970601  
2357  -38.7735550636043  
2358  -38.77355514140031  
2359  -38.773555264154595  
2360  -38.77355537312182  
2361  -38.77355546143994  
2362  -38.773555556061005  
2363  -38.77355564834529  
2364  -38.77355564535916  
2365  -38.77355573701373  
2366  -38.77355586147914  
2367  -38.77355593541247  
2368  -38.773556057676636  
2369  -38.773556113024576  
2370  -38.773556217014196  
2371  -38.773556285327984  
2372  -38.7735563473161  
2373  -38.77355648424574  
2374  -38.77355633752523  
2375  -38.77355655502524  
2376  -38.7735566971812  
2377  -38.77355680290088  
2378  -38.773556911971525  
2379  -38.77355700727371  
2380  -38.77355708288268  
2381  -38.773557209118145  
2382  -38.77355729857215  
2383  -38.77355738814611  
2384  -38.77355751283991  
2385  -38.77355759357317  
2386  -38.77355765824085  
2387  -38.77355781592704  
2388  -38.77355773483599  
2389  -38.773557876292294  
2390  -38.77355794676269  
2391  -38.773558093346466  
2392  -38.77355818819187  
2393  -38.77355830565504  
2394  -38.77355842675111  
2395  -38.77355855972642  
2396  -38.773558679635144  
2397  -38.77355879500383  
2398  -38.77355889091531  
2399  -38.773558978875286  
2400  -38.77355906591866  
2401  -38.77355917298706  
2402  -38.773559253472705  
2403  -38.77355941129975  
2404  -38.77355950695103  
2405  -38.773559589697385  
2406  -38.77355972001361  
2407  -38.77355976876103  
2408  -38.773559955483556  
2409  -38.77356001000007  
2410  -38.77356010461088  
2411  -38.77356024781754  
2412  -38.77356033660637  
2413  -38.773560460234364  
2414  -38.77356052871267  
2415  -38.773560609529056  
2416  -38.773560709466175  
2417  -38.77356086329573  
2418  -38.77356095043189  
2419  -38.77356103675087  
2420  -38.773561121898375  
2421  -38.77356122854334  
2422  -38.77356132340202  
2423  -38.773561412085726  
2424  -38.773561500892  
2425  -38.77356158837181  
2426  -38.77356170780961  
2427  -38.773561798292874  
2428  -38.77356187637892  
2429  -38.7735620377457  
2430  -38.77356211497246  
2431  -38.77356221863319  
2432  -38.77356240548094  
2433  -38.77356246218339  
2434  -38.773562569720426  
2435  -38.77356264831352  
2436  -38.77356273764787  
2437  -38.773562868856544  
2438  -38.77356298357877  
2439  -38.77356307743725  
2440  -38.77356315067283  
2441  -38.7735632355617  
2442  -38.77356336199576  
2443  -38.77356345395089  
2444  -38.77356351957207  
2445  -38.77356361672358  
2446  -38.77356373921573  
2447  -38.773563861999165  
2448  -38.773563956095366  
2449  -38.77356404831126  
2450  -38.7735641248434  
2451  -38.77356422383516  
2452  -38.773564335483606  
2453  -38.77356441007871  
2454  -38.77356446929548  
2455  -38.77356460837138  
2456  -38.773564684263405  
2457  -38.773564753426164  
2458  -38.773564898090484  
2459  -38.77356493955976  
2460  -38.77356502076643  
2461  -38.77356507099909  
2462  -38.773565187178114  
2463  -38.77356525403759  
2464  -38.77356531292213  
2465  -38.77356541469551  
2466  -38.773565428690176  
2467  -38.77356549349307  
2468  -38.77356558864119  
2469  -38.773565662165716  
2470  -38.773565744751984  
2471  -38.77356583265026  
2472  -38.77356591035067  
2473  -38.77356599340136  
2474  -38.77356605197288  
2475  -38.77356613081278  
2476  -38.77356622385456  
2477  -38.77356630548658  
2478  -38.77356634774546  
2479  -38.773566440273555  
2480  -38.77356650121282  
2481  -38.77356655959446  
2482  -38.77356665590004  
2483  -38.77356670960213  
2484  -38.77356675147493  
2485  -38.773566848719376  
2486  -38.773566883525504  
2487  -38.773566952747984  
2488  -38.77356701026282  
2489  -38.77356709639063  
2490  -38.77356715282375  
2491  -38.773567202986044  
2492  -38.77356728513253  
2493  -38.773567240771484  
2494  -38.77356733339838  
2495  -38.7735674109708  
2496  -38.773567475172285  
2497  -38.77356753457533  
2498  -38.77356758284982  
2499  -38.773567637997765  
2500  -38.77356769337911  
2501  -38.77356773422006  
2502  -38.77356778820571  
2503  -38.773567856533795  
2504  -38.77356790191136  
2505  -38.77356795704207  
2506  -38.773567992598984  
2507  -38.77356806848501  
2508  -38.7735681139371  
2509  -38.77356815514781  
2510  -38.773568235208515  
2511  -38.773568248595495  
2512  -38.77356836357216  
2513  -38.773568392766364  
2514  -38.77356845034975  
2515  -38.77356853010459  
2516  -38.77356858320569  
2517  -38.77356865763536  
2518  -38.77356870273715  
2519  -38.77356874622897  
2520  -38.77356880018735  
2521  -38.77356888331751  
2522  -38.77356892586761  
2523  -38.77356897436393  
2524  -38.773569017762604  
2525  -38.77356907531208  
2526  -38.77356912969151  
2527  -38.773569180495144  
2528  -38.77356922716091  
2529  -38.77356927161463  
2530  -38.77356933531681  
2531  -38.77356937577195  
2532  -38.77356944422615  
2533  -38.77356949246468  
2534  -38.77356952757709  
2535  -38.773569569096814  
2536  -38.77356961848584  
2537  -38.77356966098447  
2538  -38.773569716745946  
2539  -38.77356974630901  
2540  -38.7735697914031  
2541  -38.77356984465737  
2542  -38.77356990466238  
2543  -38.77356994890665  
2544  -38.77356998904699  
2545  -38.77357002598494  
2546  -38.77357006173526  
2547  -38.77357012914857  
2548  -38.77357014549887  
2549  -38.77357018813196  
2550  -38.77357021926485  
2551  -38.77357025839708  
2552  -38.77357030920602  
2553  -38.773570314768484  
2554  -38.77357035674935  
2555  -38.77357043747005  
2556  -38.77357048228961  
2557  -38.77357053045803  
2558  -38.77357056924631  
2559  -38.7735706113929  
2560  -38.773570663785144  
2561  -38.77357068813943  
2562  -38.773570712883604  
2563  -38.7735707916981  
2564  -38.77357080741805  
2565  -38.7735708405824  
2566  -38.77357086458457  
2567  -38.773570898005865  
2568  -38.773570939035125  
2569  -38.77357099357285  
2570  -38.77357107095443  
2571  -38.773571097237586  
2572  -38.77357112982092  
2573  -38.7735711623578  
2574  -38.77357120731799  
2575  -38.77357125706837  
2576  -38.77357129053434  
2577  -38.7735713167414  
2578  -38.773571363495115  
2579  -38.773571402502  
2580  -38.773571437276765  
2581  -38.773571477901015  
2582  -38.77357150319711  
2583  -38.77357153614684  
2584  -38.773571557709914  
2585  -38.77357160587784  
2586  -38.773571633070546  
2587  -38.77357166160605  
2588  -38.773571712388694  
2589  -38.77357172942242  
2590  -38.77357178367631  
2591  -38.77357180134244  
2592  -38.77357183500575  
2593  -38.77357185321096  
2594  -38.77357190853678  
2595  -38.77357193392472  
2596  -38.77357196129655  
2597  -38.77357200190232  
2598  -38.7735719801347  
2599  -38.773572030128406  
2600  -38.77357207071097  
2601  -38.773572099343895  
2602  -38.77357213571848  
2603  -38.77357216712723  
2604  -38.77357219821338  
2605  -38.77357223622162  
2606  -38.77357226367013  
2607  -38.77357230536588  
2608  -38.77357233154861  
2609  -38.77357236545924  
2610  -38.773572387878716  
2611  -38.77357242128167  
2612  -38.773572451328015  
2613  -38.77357249647216  
2614  -38.773572523263844  
2615  -38.773572551156896  
2616  -38.77357257954086  
2617  -38.77357261563077  
2618  -38.77357265023327  
2619  -38.773572678863395  
2620  -38.773572707768984  
2621  -38.77357273741144  
2622  -38.77357277241485  
2623  -38.773572802745676  
2624  -38.77357282532529  
2625  -38.773572869739404  
2626  -38.77357288735315  
2627  -38.7735729109368  
2628  -38.77357293828825  
2629  -38.77357296233838  
2630  -38.77357300926943  
2631  -38.77357295568649  
2632  -38.77357303449169  
2633  -38.77357306701393  
2634  -38.773573091088984  
2635  -38.773573121588754  
2636  -38.773573152167145  
2637  -38.77357317972281  
2638  -38.773573213734224  
2639  -38.77357323881173  
2640  -38.77357326704205  
2641  -38.77357329964765  
2642  -38.77357333123247  
2643  -38.773573349346606  
2644  -38.77357338693767  
2645  -38.77357338969607  
2646  -38.77357340782107  
2647  -38.773573431415656  
2648  -38.773573474735244  
2649  -38.773573496753606  
2650  -38.773573523487066  
2651  -38.773573553669884  
2652  -38.773573578397034  
2653  -38.773573601554865  
2654  -38.773573635172234  
2655  -38.77357365966499  
2656  -38.773573687727264  
2657  -38.77357371080628  
2658  -38.773573739034504  
2659  -38.77357376228289  
2660  -38.773573794725166  
2661  -38.7735738173611  
2662  -38.773573845340266  
2663  -38.77357386371349  
2664  -38.77357389132831  
2665  -38.773573907831725  
2666  -38.773573941976075  
2667  -38.7735739625031  
2668  -38.773573984586555  
2669  -38.773574014759824  
2670  -38.77357400043454  
2671  -38.77357403555312  
2672  -38.77357406387869  
2673  -38.77357408703427  
2674  -38.7735741121364  
2675  -38.773574138406126  
2676  -38.77357416370205  
2677  -38.773574201211986  
2678  -38.77357421877118  
2679  -38.773574236575996  
2680  -38.773574268359674  
2681  -38.773574287228165  
2682  -38.77357429988751  
2683  -38.77357434363881  
2684  -38.77357435405968  
2685  -38.77357437559139  
2686  -38.7735743900319  
2687  -38.77357441893355  
2688  -38.77357443753184  
2689  -38.773574452019204  
2690  -38.77357448032363  
2691  -38.77357445966404  
2692  -38.77357449652967  
2693  -38.773574526224245  
2694  -38.77357454796773  
2695  -38.77357457085735  
2696  -38.77357459169497  
2697  -38.77357460899099  
2698  -38.7735746385655  
2699  -38.77357465559827  
2700  -38.77357467607828  
2701  -38.77357469793994  
2702  -38.77357471449707  
2703  -38.77357474946027  
2704  -38.77357477761564  
2705  -38.773574797497254  
2706  -38.773574820585544  
2707  -38.77357483972428  
2708  -38.77357486791646  
2709  -38.773574899131845  
2710  -38.77357491945172  
2711  -38.77357493986341  
2712  -38.77357495703378  
2713  -38.77357497780434  
2714  -38.77357499656225  
2715  -38.77357503188395  
2716  -38.77357504965319  
2717  -38.77357506828838  
2718  -38.77357508925007  
2719  -38.77357511693608  
2720  -38.77357514512547  
2721  -38.77357516694072  
2722  -38.77357518933896  
2723  -38.773575211056766  
2724  -38.77357523839505  
2725  -38.77357526254961  
2726  -38.77357527598767  
2727  -38.77357530444497  
2728  -38.77357530824363  
