0  -0.32945711026795355  
1  -1.0439392639455063  
2  -2.6181065187368944  
3  -5.287499581692884  
4  -7.0705468020417745  
5  -9.231041110592702  
6  -11.327000702667712  
7  -14.125329527608036  
8  -17.056900534466457  
9  -18.627087393539686  
10  -22.734228627726186  
11  -25.556737334773228  
12  -28.823335872483405  
13  -30.332670923727367  
14  -31.317487305285496  
15  -32.01495968295524  
16  -32.65756286082777  
17  -33.26008419723809  
18  -33.736112472336124  
19  -34.09126297039448  
20  -34.26453169106378  
21  -34.376983551155455  
22  -34.487600836197565  
23  -34.56126352446329  
24  -34.62453670664017  
25  -34.67384884257184  
26  -34.71229800633047  
27  -34.75073621877935  
28  -34.77936867575961  
29  -34.805695233868114  
30  -34.83053591217425  
31  -34.857205896164956  
32  -34.879624965425755  
33  -34.918712159530706  
34  -34.93641257590984  
35  -34.95876554110191  
36  -34.9874615460997  
37  -35.012674530832626  
38  -35.03204884445237  
39  -35.05103960730115  
40  -35.070469863097834  
41  -35.023543861531124  
42  -35.07493166905076  
43  -35.092739203441376  
44  -35.0424144434441  
45  -35.097044991544294  
46  -35.039883798881405  
47  -35.0983510405685  
48  -35.05998788446902  
49  -35.03432744430482  
50  -35.098587930372624  
51  -35.03143268566547  
52  -35.098685220039414  
53  -35.02946962506911  
54  -35.09872607981942  
55  -35.10143173374121  
56  -35.029024710427066  
57  -35.10143359006717  
58  -35.028729949622864  
59  -35.10143439482825  
60  -35.02853492367305  
61  -35.101434744284056  
62  -35.10169263452064  
63  -35.06821133327274  
64  -35.047998463205914  
65  -35.0296191176359  
66  -35.101696138424344  
67  -35.029209769707464  
68  -35.10169765465509  
69  -35.02876022721734  
70  -35.101697941636694  
71  -35.02864172698692  
72  -35.10169806641023  
73  -35.028563468423904  
74  -35.10169812070004  
75  -35.10170072180756  
76  -35.02848875054991  
77  -35.1017007349019  
78  -35.028463335985016  
79  -35.10170074062135  
80  -35.101700746315  
81  -35.10172578237302  
82  -35.02845494948637  
83  -35.10172578298392  
84  -35.02844941400318  
85  -35.101725783271895  
86  -35.10172578350588  
87  -35.10173123493417  
88  -35.10173483269739  
89  -35.08219980085284  
90  -35.14531111339118  
91  -35.10354309785063  
92  -35.15597804505895  
93  -35.127516772403595  
94  -35.16201322873957  
95  -35.12086413147108  
96  -35.1758092235698  
97  -35.07941794065551  
98  -35.18332691602881  
99  -35.15582791213704  
100  -35.13444585467564  
101  -35.183428792035116  
102  -35.08811051109458  
103  -35.13985624387911  
104  -35.183862548422  
105  -35.13655143280093  
106  -35.184034555561325  
107  -35.13433305317019  
108  -35.18410534115375  
109  -35.1871496510664  
110  -35.188160000694396  
111  -35.13416353803668  
112  -35.188160000694396  
113  -35.06168342885051  
114  -35.15926313432316  
115  -35.13680797906987  
116  -35.133862472147406  
117  -35.1881600034515  
118  -35.18817982288046  
119  -35.188179822769236  
120  -35.18817982288046  
121  -35.0617103619599  
122  -35.159622243821055  
123  -35.13691793614288  
124  -35.13388354461988  
125  -35.18817982451557  
126  -35.13385284339066  
127  -35.188179825150904  
128  -35.18817982624491  
129  -35.13385272771352  
130  -35.18817982504233  
131  -35.18817982624491  
