0  2.6324908525152186  
1  -0.10841032754669085  
2  -5.954552793015242  
3  -9.645049490881064  
4  -6.5530371312595275  
5  -13.974259793812912  
6  -17.16096630111913  
7  -19.686196792255796  
8  -24.432737425206817  
9  -26.864485790692264  
10  -29.293375236921467  
11  -33.088658372160204  
12  -33.07591211389191  
13  -34.73179425564069  
14  -36.06073476180648  
15  -37.746199576465564  
16  -38.627094195298646  
17  -39.41940336387126  
18  -40.397885684177744  
19  -40.99045577508205  
20  -41.5600431821777  
21  -42.21618411357866  
22  -42.57774722396469  
23  -43.06258666579116  
24  -43.234424617504295  
25  -43.835213509730686  
26  -44.149325510276086  
27  -44.434255460372476  
28  -44.785257995127424  
29  -45.172634510366464  
30  -45.395767484598245  
31  -45.689833305051  
32  -45.882216420228005  
33  -46.087616498454565  
34  -46.229560285988974  
35  -46.34525830692977  
36  -46.4569507359122  
37  -46.57002367332734  
38  -46.655635857799346  
39  -46.73483812733058  
40  -46.79712289692579  
41  -46.8992852667937  
42  -46.951709264503805  
43  -47.015692374824724  
44  -47.09259155126593  
45  -47.167453571234226  
46  -47.21066133323557  
47  -47.263811316189205  
48  -47.29809979062167  
49  -47.33291908983223  
50  -47.37774169562047  
51  -47.40187337005019  
52  -47.44514466106212  
53  -47.47296921511318  
54  -47.53023668285503  
55  -47.55610690151688  
56  -47.587354839623146  
57  -47.62897274246765  
58  -47.664964342416525  
59  -47.68821430469525  
60  -47.71234240868134  
61  -47.73015249698937  
62  -47.75277058726216  
63  -47.774265542668644  
64  -47.78918452051058  
65  -47.80334855852945  
66  -47.826909976440106  
67  -47.83889318610383  
68  -47.85242302538231  
69  -47.87338560720298  
70  -47.885731871200484  
71  -47.89229222784443  
72  -47.91655274634935  
73  -47.92359785129603  
74  -47.93539095479736  
75  -47.9496026541909  
76  -47.96638349486497  
77  -47.97982873652998  
78  -47.9958803195709  
79  -48.00610242432949  
80  -48.015137735530175  
81  -48.03276500078614  
82  -48.041557343102085  
83  -48.05200719253832  
84  -48.063868967784536  
85  -48.08060004989259  
86  -48.08654137581084  
87  -48.10353615937014  
88  -48.10821500537727  
89  -48.12228863657984  
90  -48.12934114931611  
91  -48.138715994492834  
92  -48.15148645869763  
93  -48.14234209872904  
94  -48.15888019362467  
95  -48.172565910322305  
96  -48.1819433255211  
97  -48.19307875251152  
98  -48.199280507152515  
99  -48.208771342284884  
100  -48.216864933030685  
101  -48.223850603854004  
102  -48.23540122988474  
103  -48.24496334984635  
104  -48.2528170387874  
105  -48.26147739567437  
106  -48.268381948263226  
107  -48.27758470141446  
108  -48.28443331706131  
109  -48.291052402721554  
110  -48.29714316036588  
111  -48.30554672213785  
112  -48.3117945810196  
113  -48.31562938404648  
114  -48.32173436856397  
115  -48.327419299538356  
116  -48.33427217373846  
117  -48.340376105909776  
118  -48.347006338082785  
119  -48.35241309476436  
120  -48.35839142207232  
121  -48.36452302449406  
122  -48.36977600461143  
123  -48.37435233450041  
124  -48.38002674297344  
125  -48.38349562737693  
126  -48.38737431548621  
127  -48.392352584261  
128  -48.396266165506276  
129  -48.40294324034956  
130  -48.410843640518216  
131  -48.41497664246328  
132  -48.421934784422746  
133  -48.42638267591357  
134  -48.43235449627942  
135  -48.440057729918095  
136  -48.44408086608077  
137  -48.44813924376755  
138  -48.45642060534511  
139  -48.4595985189967  
140  -48.465451758681084  
141  -48.46052137965283  
142  -48.468329144455495  
143  -48.47280470569155  
144  -48.47737048417428  
145  -48.481081646030624  
146  -48.484857513573246  
147  -48.48856971622667  
148  -48.49332864419701  
149  -48.496770017658086  
150  -48.49938881906741  
151  -48.50309026601088  
152  -48.50569093769991  
153  -48.50914542465457  
154  -48.511431640428754  
155  -48.51369584661356  
156  -48.51623872692719  
157  -48.5191600631967  
158  -48.52185069354569  
159  -48.52413145421025  
160  -48.526949829664794  
161  -48.52948228500418  
162  -48.532888545083345  
163  -48.53619284690413  
164  -48.53855351525078  
165  -48.541533149185476  
166  -48.544466939400806  
167  -48.54826661585415  
168  -48.55200036496464  
169  -48.55489610692974  
170  -48.556797287814476  
171  -48.56240087088994  
172  -48.56479376362318  
173  -48.56794600578371  
174  -48.572571873737466  
175  -48.57631611567333  
176  -48.5791415924286  
177  -48.58185996619714  
178  -48.584571489726535  
179  -48.58760525898544  
180  -48.590130899752815  
181  -48.591681427917436  
182  -48.59349421615089  
183  -48.59409770580333  
184  -48.59708088434183  
185  -48.59803324832987  
186  -48.59923451636055  
187  -48.60097588372165  
188  -48.6005600979915  
189  -48.60209163627699  
190  -48.603572206057656  
191  -48.60461145027209  
192  -48.60593294704041  
193  -48.607069979415236  
194  -48.60797606733402  
195  -48.60922375117831  
196  -48.610024257287556  
197  -48.61106928059307  
198  -48.61228160485602  
199  -48.61335893198303  
200  -48.61412482646425  
201  -48.61522625937921  
202  -48.61599965777111  
203  -48.61674845090804  
204  -48.61790830462952  
205  -48.61859838108799  
206  -48.61973371507456  
207  -48.62069152872539  
208  -48.62166185385214  
209  -48.622613167269215  
210  -48.62342281780744  
211  -48.624228032698255  
212  -48.625283861404185  
213  -48.62598672252511  
214  -48.626895362496505  
215  -48.62774609915418  
216  -48.62847510204342  
217  -48.62925792270363  
218  -48.63086013482515  
219  -48.63149575714651  
220  -48.63242905515216  
221  -48.63363735000383  
222  -48.635029885601064  
223  -48.63621365667011  
224  -48.63752990417452  
225  -48.638554988751864  
226  -48.63987155814058  
227  -48.64110073431365  
228  -48.64223287311765  
229  -48.64348878821379  
230  -48.644803666966055  
231  -48.645870589476885  
232  -48.64752848638962  
233  -48.64875869209527  
234  -48.649772538603386  
235  -48.65157600223406  
236  -48.65268923986466  
237  -48.65407619270938  
238  -48.65591364926883  
239  -48.65674615904375  
240  -48.658083167872135  
241  -48.658163551255825  
242  -48.65955130239702  
243  -48.661351954500816  
244  -48.66219748719879  
245  -48.66378996108036  
246  -48.66491683119858  
247  -48.66626745877933  
248  -48.66751583983765  
249  -48.66839181976099  
250  -48.66940884615105  
251  -48.67100210566682  
252  -48.67180407713383  
253  -48.67283571799329  
254  -48.67405637283195  
255  -48.67536122965558  
256  -48.67629871502487  
257  -48.67756005439945  
258  -48.67831313326504  
259  -48.67920069956059  
260  -48.680500000467596  
261  -48.68115625867099  
262  -48.682636087103276  
263  -48.683077584828354  
264  -48.684199363230476  
265  -48.684889570946766  
266  -48.685614118528314  
267  -48.68669929828855  
268  -48.68491872411967  
269  -48.68727273188169  
270  -48.68832379848534  
271  -48.68913428427733  
272  -48.6901464635324  
273  -48.690756917315916  
274  -48.69164914646233  
275  -48.6923981655624  
276  -48.69305315702862  
277  -48.6941623493083  
278  -48.695237850962904  
279  -48.695925582730816  
280  -48.696847725538944  
281  -48.6974915099262  
282  -48.69833768923604  
283  -48.699818400131285  
284  -48.700405812930505  
285  -48.701038087249636  
286  -48.702482343862094  
287  -48.7032984117063  
288  -48.70282853573279  
289  -48.70419009461188  
290  -48.70547914486116  
291  -48.70631775478337  
292  -48.70739797302736  
293  -48.708482135266344  
294  -48.70951674526536  
295  -48.71083649333311  
296  -48.71182077264372  
297  -48.71274813923258  
298  -48.71453030251178  
299  -48.71542988415491  
300  -48.71629902609689  
301  -48.71742528533769  
302  -48.71835356210305  
303  -48.72028347592623  
304  -48.720852028418065  
305  -48.7230329512965  
306  -48.72374970656525  
307  -48.72509146095408  
308  -48.726890078615334  
309  -48.72891765800031  
310  -48.73060552186791  
311  -48.732592629588055  
312  -48.73418777570781  
313  -48.735952621740914  
314  -48.7386635708571  
315  -48.740854502616024  
316  -48.74217203345743  
317  -48.74564798259819  
318  -48.74587846627264  
319  -48.74712150911351  
320  -48.748681168468394  
321  -48.752256035812906  
322  -48.75347855897724  
323  -48.75507596256644  
324  -48.75760594277652  
325  -48.759234181184446  
326  -48.76270595588345  
327  -48.76493666079175  
328  -48.76642989272736  
329  -48.768220296651585  
330  -48.77030620741847  
331  -48.77305301971823  
332  -48.77493386539804  
333  -48.77644084898429  
334  -48.77780746885785  
335  -48.77914242977762  
336  -48.781461269235336  
337  -48.78325291165498  
338  -48.784694449540545  
339  -48.78594909417741  
340  -48.78704140023505  
341  -48.78822057399189  
342  -48.79064390359886  
343  -48.79175446769172  
344  -48.79292742195833  
345  -48.79480491950116  
346  -48.79627498586848  
347  -48.79839666580014  
348  -48.799362240589026  
349  -48.80086824051066  
350  -48.801310215109446  
351  -48.80338561511001  
352  -48.80417664867554  
353  -48.805120757471286  
354  -48.80677969185573  
355  -48.80563651376597  
356  -48.807846081576635  
357  -48.80960936108724  
358  -48.810766208986394  
359  -48.81213614856966  
360  -48.81337499501583  
361  -48.81479787490268  
362  -48.81663154724149  
363  -48.81768280356138  
364  -48.81926501958873  
365  -48.82094960362724  
366  -48.822508642448746  
367  -48.823594874127274  
368  -48.82473227066413  
369  -48.82552679367431  
370  -48.8265908854771  
371  -48.82785486127558  
372  -48.82866045836875  
373  -48.82885893098191  
374  -48.830533247018934  
375  -48.83104493393117  
376  -48.83198573032131  
377  -48.833100412210015  
378  -48.83422783409671  
379  -48.83494843510433  
380  -48.83585949607279  
381  -48.8366009675194  
382  -48.837503275545124  
383  -48.838311587039406  
384  -48.83901032984777  
385  -48.83950971052786  
386  -48.84041542954831  
387  -48.84060230489099  
388  -48.84153123395799  
389  -48.84200933765394  
390  -48.8426223615026  
391  -48.84335686098858  
392  -48.842286055051765  
393  -48.84379560568287  
394  -48.84469659454827  
395  -48.84534534253738  
396  -48.84602822212185  
397  -48.84640158848885  
398  -48.846987774776224  
399  -48.84749940756532  
400  -48.84795286794872  
401  -48.8485029907106  
402  -48.84926809792545  
403  -48.84968335844385  
404  -48.850201387486635  
405  -48.85068996107088  
406  -48.851330809523745  
407  -48.85180912201323  
408  -48.852284188057524  
409  -48.85269995868363  
410  -48.85330385603104  
411  -48.85375925925787  
412  -48.85419797041387  
413  -48.854510845251575  
414  -48.85509784380238  
415  -48.85550737292637  
416  -48.85591341546243  
417  -48.85667497350606  
418  -48.85650286231949  
419  -48.85716003523934  
420  -48.857709913330176  
421  -48.85817114805659  
422  -48.8587917881208  
423  -48.859412311466244  
424  -48.86006787187376  
425  -48.86073418251129  
426  -48.86125251287016  
427  -48.8621735941106  
428  -48.862960216744796  
429  -48.86365695379734  
430  -48.86445355852069  
431  -48.86526673274754  
432  -48.866238491198885  
433  -48.86722094604699  
434  -48.868053397447554  
435  -48.86893419799172  
436  -48.870043631053164  
437  -48.87083908192312  
438  -48.87176367501756  
439  -48.87284272959418  
440  -48.87378330388125  
441  -48.87469822929238  
442  -48.87584926827074  
443  -48.87669175521574  
444  -48.877556416851284  
445  -48.877318452696684  
446  -48.87827543914503  
447  -48.879363702381035  
448  -48.880320731241106  
449  -48.881178750480245  
450  -48.882033553962536  
451  -48.88285618817173  
452  -48.8838719481619  
453  -48.884744079618805  
454  -48.88553094186892  
455  -48.88643898229789  
456  -48.88725828345281  
457  -48.88784812433315  
458  -48.889025487026416  
459  -48.88877184701259  
460  -48.88952297644074  
461  -48.89005439908567  
462  -48.891059857027706  
463  -48.89159547107487  
464  -48.892261508258294  
465  -48.893011776244236  
466  -48.89361328665038  
467  -48.89423193640185  
468  -48.89481136043803  
469  -48.895516999475724  
470  -48.896101023954465  
471  -48.89653274542904  
472  -48.89730153065165  
473  -48.8976849513934  
474  -48.89807568462814  
475  -48.89875250981884  
476  -48.89914934468275  
477  -48.8994393522176  
478  -48.90029806629678  
479  -48.900539500060106  
480  -48.90101845921482  
481  -48.90121792093236  
482  -48.90189818023404  
483  -48.902204397030324  
484  -48.90250634395159  
485  -48.902940853271296  
486  -48.90276390421232  
487  -48.90322829641652  
488  -48.903730809802354  
489  -48.90407130762386  
490  -48.90441145170345  
491  -48.90467812501433  
492  -48.90489606915194  
493  -48.90530976241907  
494  -48.90553583658  
495  -48.905743130432356  
496  -48.90600602297459  
497  -48.90618868501759  
498  -48.90631717243483  
499  -48.90677852555852  
500  -48.90687902505811  
501  -48.90707602275843  
502  -48.90729862174111  
503  -48.90753721406433  
504  -48.90771827797398  
505  -48.907918237965504  
506  -48.90808419025744  
507  -48.90825851952578  
508  -48.90849162405334  
509  -48.90865939128864  
510  -48.90879279179787  
511  -48.90905588928948  
512  -48.90914979745928  
513  -48.90926999688534  
514  -48.90947749997278  
515  -48.90960437954496  
516  -48.909823680038315  
517  -48.910069330736164  
518  -48.91018965042315  
519  -48.910341248126116  
520  -48.91043042279629  
521  -48.910578798589015  
522  -48.910732231598615  
523  -48.91083944005073  
524  -48.91111525542677  
525  -48.910766736460765  
526  -48.91124065979367  
527  -48.911405309196034  
528  -48.91156845600178  
529  -48.911755779777394  
530  -48.91193119330247  
531  -48.912077439653224  
532  -48.91225100273983  
533  -48.912378322668275  
534  -48.91256894888001  
535  -48.91272226924875  
536  -48.9129167008906  
537  -48.9130549685616  
538  -48.91321622836672  
539  -48.91333771259275  
540  -48.91357507738168  
541  -48.913724396800994  
542  -48.913856580805266  
543  -48.914079445807104  
544  -48.913864610584234  
545  -48.91422213925696  
546  -48.914447708777246  
547  -48.91459575481197  
548  -48.91478823194414  
549  -48.91496538947462  
550  -48.91512434887856  
551  -48.91538226992505  
552  -48.91552448857765  
553  -48.915663986620565  
554  -48.91592678225094  
555  -48.916052369097066  
556  -48.91618156729594  
557  -48.91647166929685  
558  -48.91659339539669  
559  -48.91681721696652  
560  -48.91690112441705  
561  -48.91731662154374  
562  -48.91741027525361  
563  -48.91758503476627  
564  -48.91769584540958  
565  -48.91789625753665  
566  -48.91806938536204  
567  -48.918198745453715  
568  -48.918456640724415  
569  -48.91817358013546  
570  -48.91858706281918  
571  -48.91881253762221  
572  -48.9189702275733  
573  -48.91915964340181  
574  -48.91930984218801  
575  -48.91943305948789  
576  -48.91961647766306  
577  -48.91973255599632  
578  -48.919917434973684  
579  -48.920037011688606  
580  -48.9202001920262  
581  -48.92031879302382  
582  -48.920448998607334  
583  -48.920522336293644  
584  -48.92072452016319  
585  -48.92081808237229  
586  -48.920934646614676  
587  -48.92109811631285  
588  -48.921121265514266  
589  -48.92122599861476  
590  -48.92137074206032  
591  -48.92147225777945  
592  -48.9215886737025  
593  -48.92171677708205  
594  -48.92183690865981  
595  -48.92197023895836  
596  -48.922050967352874  
597  -48.92215962417956  
598  -48.922223246141996  
599  -48.92240794390356  
600  -48.92245322914907  
601  -48.92259873378845  
602  -48.92261097174386  
603  -48.92267155636301  
604  -48.92277140579435  
605  -48.922890307576054  
606  -48.92298408680098  
607  -48.92308506070272  
608  -48.9231781301007  
609  -48.92327618699714  
610  -48.92336518424991  
611  -48.923456796889354  
612  -48.92357386676245  
613  -48.92364987276837  
614  -48.923771029388234  
615  -48.9238688236608  
616  -48.92394037330435  
617  -48.924032887983245  
618  -48.9241116436502  
619  -48.92421493252865  
620  -48.924285252397084  
621  -48.92434487528218  
622  -48.92442511627845  
623  -48.92453157874114  
624  -48.92458450833871  
625  -48.924667031669976  
626  -48.92469862561211  
627  -48.9247933452178  
628  -48.924849008158766  
629  -48.92489936205131  
630  -48.924994588761834  
631  -48.9248612181238  
632  -48.92504842473398  
633  -48.925135584076855  
634  -48.925194352672285  
635  -48.92528537430708  
636  -48.925320902859625  
637  -48.9254050266771  
638  -48.925453943468895  
639  -48.925512068496175  
640  -48.92560991441767  
641  -48.92550222553828  
642  -48.92565475728696  
643  -48.925725972838045  
644  -48.92578344567955  
645  -48.92585360064557  
646  -48.92589958992121  
647  -48.9259653164452  
648  -48.926016851802  
649  -48.926053125577674  
650  -48.92613993162226  
651  -48.926084986817656  
652  -48.92618501933718  
653  -48.92624518742433  
654  -48.926299698799106  
655  -48.926356266043236  
656  -48.926414064603996  
657  -48.9264730207409  
658  -48.92653273611673  
659  -48.92657677376001  
660  -48.926647707124374  
661  -48.92669873193863  
662  -48.92674781246445  
663  -48.92679376943263  
664  -48.92683856268042  
665  -48.92689842575717  
666  -48.92695542299209  
667  -48.92699371640725  
668  -48.92704304846063  
669  -48.92708568741597  
670  -48.92714017482492  
671  -48.92718569552813  
672  -48.92722458450118  
673  -48.92727365202618  
674  -48.92733927968135  
675  -48.92737643274256  
676  -48.92742415917772  
677  -48.92745810957796  
678  -48.92751740276011  
679  -48.92756224616441  
680  -48.92759705192381  
681  -48.92766448435862  
682  -48.927675284762266  
683  -48.927763346966444  
684  -48.92778866604431  
685  -48.92782881620868  
686  -48.9278898107178  
687  -48.927896400870296  
688  -48.92793263769609  
689  -48.92798541266213  
690  -48.92803151108445  
691  -48.92807808216063  
692  -48.92810558541508  
693  -48.92817091014199  
694  -48.92820450224095  
695  -48.92823902257217  
696  -48.92829214232021  
697  -48.9283018768822  
698  -48.92838146623408  
699  -48.92840755191956  
700  -48.928446009335175  
701  -48.928507638122106  
702  -48.928467137542285  
703  -48.928543554022525  
704  -48.928597930186335  
705  -48.92863920353052  
706  -48.92870167589216  
707  -48.9287201749043  
708  -48.928791583019375  
709  -48.928826872616256  
710  -48.92886157641041  
711  -48.92891832127258  
712  -48.92887744240324  
713  -48.928955169595945  
714  -48.92902334543734  
715  -48.929071724000764  
716  -48.92912532841687  
717  -48.92914391238347  
718  -48.92919428959455  
719  -48.92922690990429  
720  -48.92926223877634  
721  -48.92931883519623  
722  -48.929288798560016  
723  -48.929356280097025  
724  -48.929406660778994  
725  -48.929445292757954  
726  -48.92948991289564  
727  -48.929526488292126  
728  -48.92958123773209  
729  -48.92961927165252  
730  -48.92965137802876  
731  -48.92971127210669  
732  -48.929759356342764  
733  -48.92980941554939  
734  -48.92985202597424  
735  -48.92988832781763  
736  -48.92989661065235  
737  -48.92999643197285  
738  -48.93002213420699  
739  -48.93006221314862  
740  -48.93010994215624  
741  -48.930071191929024  
742  -48.93014335880437  
743  -48.93019387487219  
744  -48.93023132565535  
745  -48.93027201725602  
746  -48.930310681394374  
747  -48.93034772230444  
748  -48.93039383289388  
749  -48.93042395041026  
750  -48.930464692886865  
751  -48.930522684308706  
752  -48.93058363394272  
753  -48.93061071218994  
754  -48.93065702989124  
755  -48.93068573379844  
756  -48.930718970972684  
757  -48.93076464209542  
758  -48.9307956655132  
759  -48.930811419503414  
760  -48.93088527327933  
761  -48.93091144911282  
762  -48.93094807810825  
763  -48.9309966039032  
764  -48.93102120497157  
765  -48.931076465008985  
766  -48.93109630155099  
767  -48.93113570772217  
768  -48.93116734579508  
769  -48.931217741124144  
770  -48.93124332269904  
771  -48.9312754792164  
772  -48.931320313055885  
773  -48.9313684426266  
774  -48.93140365104682  
775  -48.93144395571341  
776  -48.93146916908546  
777  -48.93149849927892  
778  -48.93154989982088  
779  -48.9315720889976  
780  -48.93159970541614  
781  -48.93164935173806  
782  -48.93167504998106  
783  -48.93169616941397  
784  -48.93173177877511  
785  -48.93175977412543  
786  -48.93178028995029  
787  -48.93182119536663  
788  -48.931847702669764  
789  -48.931874753280695  
790  -48.93191004483784  
791  -48.93193610225482  
792  -48.93196842850381  
793  -48.93198720004454  
794  -48.93201262143039  
795  -48.93204907280942  
796  -48.93209011612045  
797  -48.93211146485678  
798  -48.93214072184908  
799  -48.93216015790494  
800  -48.93218590603608  
801  -48.93222627087983  
802  -48.93224497904748  
803  -48.9322682210673  
804  -48.93230995605556  
805  -48.932332888991795  
806  -48.932353352156504  
807  -48.9323803565612  
808  -48.93240663981207  
809  -48.93244085170009  
810  -48.93247965036856  
811  -48.93250080209868  
812  -48.932535247181924  
813  -48.93255400832701  
814  -48.93258037736759  
815  -48.9326104508189  
816  -48.93262923155379  
817  -48.93266924779012  
818  -48.93270517399265  
819  -48.93272434786611  
820  -48.93275220565763  
821  -48.93276695875463  
822  -48.93279333364412  
823  -48.93282048716086  
824  -48.932838426625125  
825  -48.93288185884461  
826  -48.93283192218555  
827  -48.93290013226676  
828  -48.932926975031286  
829  -48.932948935106005  
830  -48.93297809969982  
831  -48.93300652412801  
832  -48.93302811751133  
833  -48.933053474957056  
834  -48.93307528374736  
835  -48.933097735302  
836  -48.93313152655508  
837  -48.9331467726081  
838  -48.9331638052833  
839  -48.9331953924008  
840  -48.9332123789563  
841  -48.933217603793565  
842  -48.93326723190816  
843  -48.93327851745843  
844  -48.93330184610489  
845  -48.93330853448118  
846  -48.933343365331424  
847  -48.93335922330429  
848  -48.93337601545501  
849  -48.933401108850184  
850  -48.9334130039761  
851  -48.93345839290549  
852  -48.933471366507945  
853  -48.93349141960217  
854  -48.933513820231035  
855  -48.933541961442934  
856  -48.93356559582668  
857  -48.93359101691986  
858  -48.93361262644555  
859  -48.93363018950395  
860  -48.93366150202665  
861  -48.93368004086914  
862  -48.93369280584689  
863  -48.93372029579821  
864  -48.93373948384138  
865  -48.93374731950214  
866  -48.93378494336292  
867  -48.93379879935049  
868  -48.93381914319295  
869  -48.93384602543139  
870  -48.93387500121398  
871  -48.93389623768308  
872  -48.933919193914  
873  -48.93393700460963  
874  -48.933961329796674  
875  -48.933982672706065  
876  -48.93400929087991  
877  -48.93402334950966  
878  -48.9340543891999  
879  -48.934058183447064  
880  -48.934087483213084  
881  -48.93410233351085  
882  -48.93412299691199  
883  -48.934147470011695  
884  -48.93410783466877  
885  -48.934162485949344  
886  -48.93419319181892  
887  -48.93421658703678  
888  -48.93424054960352  
889  -48.934253608830424  
890  -48.93427340298265  
891  -48.93429775511313  
892  -48.93431553090781  
893  -48.934347434544286  
894  -48.93436683008553  
895  -48.93439452962471  
896  -48.934409948776  
897  -48.93443038926448  
898  -48.93442516308148  
899  -48.93444763921872  
900  -48.934472577277305  
901  -48.934492180009556  
902  -48.934511828377815  
903  -48.93453255224596  
904  -48.93455418913221  
905  -48.934577522692614  
906  -48.93459080946891  
907  -48.934609023275236  
908  -48.934639090486954  
909  -48.93465798936451  
910  -48.934672285403636  
911  -48.93469135550769  
912  -48.934707526326726  
913  -48.93472799126804  
914  -48.93474825495857  
915  -48.93476609782739  
916  -48.934782998151135  
917  -48.93480483655478  
918  -48.93482563216761  
919  -48.934847180245015  
920  -48.93486399484926  
921  -48.93488634521828  
922  -48.93490810153414  
923  -48.934928375955856  
924  -48.93494685185823  
925  -48.93497133172576  
926  -48.934990367391315  
927  -48.93501042527057  
928  -48.93503260832363  
929  -48.935049870309015  
930  -48.93506681724687  
931  -48.93508548198202  
932  -48.93510306360641  
933  -48.935121126502565  
934  -48.93514390105192  
935  -48.93515572336009  
936  -48.9351702114457  
937  -48.93519873958904  
938  -48.93521431508617  
939  -48.93523098089195  
940  -48.935260207801484  
941  -48.935271503877274  
942  -48.935291857521534  
943  -48.93530476527235  
944  -48.935328642022895  
945  -48.93534339615436  
946  -48.93535692145004  
947  -48.93538235763213  
948  -48.93540392276157  
949  -48.935421104714564  
950  -48.93544046897373  
951  -48.93545732261506  
952  -48.93548083927653  
953  -48.935501914380325  
954  -48.93552233501882  
955  -48.93553913084863  
956  -48.93556467370966  
957  -48.935576142256714  
958  -48.93559147169485  
959  -48.935610554955865  
960  -48.9356250069436  
961  -48.93564834899067  
962  -48.935672542987525  
963  -48.93568735191851  
964  -48.93570757056331  
965  -48.93572195761695  
966  -48.93573805348032  
967  -48.935766277566614  
968  -48.93577711725883  
969  -48.93578782600146  
970  -48.935817978249794  
971  -48.935833073575104  
972  -48.93585960171587  
973  -48.935855456439825  
974  -48.935871424828434  
975  -48.93588801750707  
976  -48.93590948715133  
977  -48.93592903047505  
978  -48.93594801473547  
979  -48.935962455491996  
980  -48.9359837478141  
981  -48.935999831935646  
982  -48.93601625594406  
983  -48.936039376819224  
984  -48.936053680146614  
985  -48.936076073739976  
986  -48.93608559758133  
987  -48.93611868834002  
988  -48.93612955631953  
989  -48.93614820699373  
990  -48.93617238975754  
991  -48.93615311343043  
992  -48.93618736008101  
993  -48.93621123575488  
994  -48.936229646942984  
995  -48.93625100934185  
996  -48.936272277423186  
997  -48.93629023015249  
998  -48.93631708744228  
999  -48.93633725077566  
1000  -48.93635432667879  
1001  -48.93639007831109  
1002  -48.93640529899028  
1003  -48.93642521241212  
1004  -48.93644877605036  
1005  -48.93646645785731  
1006  -48.936506782711135  
1007  -48.936502814666675  
1008  -48.93653292576034  
1009  -48.936561473872175  
1010  -48.936583614697724  
1011  -48.93661049022185  
1012  -48.936639993580194  
1013  -48.93667434601011  
1014  -48.93669866425376  
1015  -48.93672523812708  
1016  -48.936760879986075  
1017  -48.93679700193824  
1018  -48.9368217911008  
1019  -48.93685646580854  
1020  -48.93688184533809  
1021  -48.936909738836796  
1022  -48.936937883563076  
1023  -48.93697957016578  
1024  -48.93700486802627  
1025  -48.93703104573803  
1026  -48.937072219858464  
1027  -48.93710616963524  
1028  -48.93715363253579  
1029  -48.937183782366795  
1030  -48.93721377084383  
1031  -48.93725806498554  
1032  -48.93731283182684  
1033  -48.93734247484876  
1034  -48.937390353880026  
1035  -48.93741586014806  
1036  -48.93745750764049  
1037  -48.937503322609025  
1038  -48.93753674641549  
1039  -48.93760931207515  
1040  -48.93764520688479  
1041  -48.93769614723937  
1042  -48.93772264665943  
1043  -48.93776629942245  
1044  -48.93782214450396  
1045  -48.93788539709406  
1046  -48.93792675658091  
1047  -48.93799054498507  
1048  -48.93804289742629  
1049  -48.93810637669464  
1050  -48.938189751697735  
1051  -48.93823290427489  
1052  -48.93827994205823  
1053  -48.938380934145634  
1054  -48.938438187601875  
1055  -48.938521172938394  
1056  -48.93858436915317  
1057  -48.938646501334524  
1058  -48.93872139793885  
1059  -48.93876572115445  
1060  -48.938854059679414  
1061  -48.938914031792855  
1062  -48.93896507895726  
1063  -48.939076239440816  
1064  -48.93904035398496  
1065  -48.939147421624206  
1066  -48.939235810102225  
1067  -48.93930457552121  
1068  -48.93939503454923  
1069  -48.9394855957949  
1070  -48.9395715765538  
1071  -48.93966316783304  
1072  -48.93973475509494  
1073  -48.93984724795317  
1074  -48.93994253755841  
1075  -48.94003494506292  
1076  -48.94014899973681  
1077  -48.94024160213816  
1078  -48.940342654242464  
1079  -48.9404621100646  
1080  -48.94055912187199  
1081  -48.94065078851851  
1082  -48.94078019652102  
1083  -48.940869688447634  
1084  -48.94097103442185  
1085  -48.94112647668279  
1086  -48.94121536901055  
1087  -48.941279766934784  
1088  -48.94145913530398  
1089  -48.94154688462333  
1090  -48.941661531515024  
1091  -48.941810293644316  
1092  -48.94189800670646  
1093  -48.94203904304645  
1094  -48.942188023852324  
1095  -48.9423491199352  
1096  -48.94246285695287  
1097  -48.94260781244832  
1098  -48.94277075758049  
1099  -48.94291542214053  
1100  -48.94306122930266  
1101  -48.94318477094869  
1102  -48.943346418481305  
1103  -48.94348894757529  
1104  -48.94363314154355  
1105  -48.94372316798827  
1106  -48.94388534314373  
1107  -48.94392177629333  
1108  -48.94409932783181  
1109  -48.944202045491465  
1110  -48.94431772278736  
1111  -48.944474352401535  
1112  -48.94451899586995  
1113  -48.94474242620413  
1114  -48.944800996197145  
1115  -48.944911440631046  
1116  -48.944959489077995  
1117  -48.9451381426328  
1118  -48.94522726488529  
1119  -48.94532621321785  
1120  -48.94547918048123  
1121  -48.94530830691077  
1122  -48.94556868825142  
1123  -48.94572375623517  
1124  -48.945827197666794  
1125  -48.94596187265143  
1126  -48.94605198773124  
1127  -48.94613697992459  
1128  -48.94624475240647  
1129  -48.94632652179936  
1130  -48.94643966188497  
1131  -48.946539209500784  
1132  -48.94660671269571  
1133  -48.946709681514484  
1134  -48.946789510332806  
1135  -48.946894072595796  
1136  -48.94697198899805  
1137  -48.947047045125515  
1138  -48.9471563364508  
1139  -48.94727836409532  
1140  -48.94735513935118  
1141  -48.947452998239775  
1142  -48.94752685213961  
1143  -48.94760483428438  
1144  -48.94771403767568  
1145  -48.94777328715958  
1146  -48.94786538837874  
1147  -48.94792883787884  
1148  -48.9480354555903  
1149  -48.94808618670841  
1150  -48.948174930102404  
1151  -48.948226946875586  
1152  -48.948321249560315  
1153  -48.948384775452055  
1154  -48.94844419261239  
1155  -48.94853246562191  
1156  -48.948543926824385  
1157  -48.94859990512753  
1158  -48.94868023486381  
1159  -48.94874812244109  
1160  -48.94881737189999  
1161  -48.94888740811186  
1162  -48.94896497065823  
1163  -48.94904787880245  
1164  -48.9491116073156  
1165  -48.949158004063754  
1166  -48.94926663022871  
1167  -48.949309232889476  
1168  -48.94937732156984  
1169  -48.94943696227672  
1170  -48.94952926352982  
1171  -48.94958950672508  
1172  -48.94963831233697  
1173  -48.94971925967556  
1174  -48.94980301373054  
1175  -48.949867378948476  
1176  -48.949943443402894  
1177  -48.94999165290415  
1178  -48.95004619726159  
1179  -48.95013858760112  
1180  -48.95017867468156  
1181  -48.95023073047125  
1182  -48.95030406222025  
1183  -48.9503399566487  
1184  -48.95038337957322  
1185  -48.950460968685455  
1186  -48.95050789024618  
1187  -48.950557125967954  
1188  -48.95060577624218  
1189  -48.95066139565337  
1190  -48.9507151927207  
1191  -48.950773680969334  
1192  -48.95082518969475  
1193  -48.95087022398609  
1194  -48.95090798497215  
1195  -48.950957151875755  
1196  -48.951019228946954  
1197  -48.951089456934646  
1198  -48.95113928928565  
1199  -48.9511862572207  
1200  -48.95123169967531  
1201  -48.951285144514245  
1202  -48.95134537160886  
1203  -48.95140640150929  
1204  -48.95143380905905  
1205  -48.951497115613705  
1206  -48.95151825258042  
1207  -48.95156127595585  
1208  -48.95159334101398  
1209  -48.951635010693735  
1210  -48.95169536858768  
1211  -48.95167163768671  
1212  -48.95173485509014  
1213  -48.95178021974019  
1214  -48.951813419289024  
1215  -48.9518515704835  
1216  -48.95189084010214  
1217  -48.951933155797704  
1218  -48.95197759672908  
1219  -48.952008089937394  
1220  -48.952058386023445  
1221  -48.95209765134143  
1222  -48.9521363878566  
1223  -48.95217301907614  
1224  -48.952207768791915  
1225  -48.95224716852965  
1226  -48.95228300304465  
1227  -48.95231536433792  
1228  -48.952357023238704  
1229  -48.9523820556114  
1230  -48.952412402025175  
1231  -48.95244836342122  
1232  -48.952490334762196  
1233  -48.95252222212714  
1234  -48.95254971666246  
1235  -48.95258521219307  
1236  -48.952624707230804  
1237  -48.95265671855675  
1238  -48.95268586105723  
1239  -48.95270775070914  
1240  -48.95275462342992  
1241  -48.95276377645003  
1242  -48.95280595127656  
1243  -48.95282439876188  
1244  -48.95285201444173  
1245  -48.952892031462866  
1246  -48.95288318726341  
1247  -48.95291845111474  
1248  -48.95296660686069  
1249  -48.952998255034494  
1250  -48.95303003889607  
1251  -48.95305746973881  
1252  -48.95308584417126  
1253  -48.953121262398405  
1254  -48.95315406932468  
1255  -48.953170818574925  
1256  -48.95321121645463  
1257  -48.95321023436856  
1258  -48.95323018939498  
1259  -48.95325192663091  
1260  -48.95328913591179  
1261  -48.95330595988956  
1262  -48.95332536341984  
1263  -48.953362752646115  
1264  -48.95338383710247  
1265  -48.95338257049426  
1266  -48.95340486750985  
1267  -48.953435637541816  
1268  -48.953452688160226  
1269  -48.95348019417549  
1270  -48.95350022903684  
1271  -48.953519507835125  
1272  -48.953545809811594  
1273  -48.953562145493876  
1274  -48.953591664763  
1275  -48.95361895636968  
1276  -48.95363366540652  
1277  -48.95365592330202  
1278  -48.9536720227998  
1279  -48.95369206910842  
1280  -48.9537105001145  
1281  -48.95372603887778  
1282  -48.95375567211499  
1283  -48.953777873609795  
1284  -48.95379437126786  
1285  -48.95381182342095  
1286  -48.953828857254344  
1287  -48.95384860337443  
1288  -48.9538724999272  
1289  -48.95388374383233  
1290  -48.953900370225945  
1291  -48.95391581897668  
1292  -48.95393689105874  
1293  -48.95395248284396  
1294  -48.953965142495825  
1295  -48.953980736317874  
1296  -48.95400038936716  
1297  -48.95401612992009  
1298  -48.95403349600592  
1299  -48.95405051570772  
1300  -48.95407220739432  
1301  -48.95408572981407  
1302  -48.95410466786675  
1303  -48.954117148718844  
1304  -48.954137502219204  
1305  -48.95415299551829  
1306  -48.95416516381642  
1307  -48.95418530922118  
1308  -48.9542072456194  
1309  -48.95422243417387  
1310  -48.95423955224537  
1311  -48.954254157258745  
1312  -48.95426403605721  
1313  -48.954289393704805  
1314  -48.95429752326136  
1315  -48.95431180662516  
1316  -48.95432868798876  
1317  -48.95434039387479  
1318  -48.95436598379469  
1319  -48.954361318964985  
1320  -48.95438147072741  
1321  -48.954399869212615  
1322  -48.95441409543388  
1323  -48.95443162182361  
1324  -48.95444946516218  
1325  -48.95446585975087  
1326  -48.954480909135405  
1327  -48.95449231351473  
1328  -48.954512223214294  
1329  -48.954525712821045  
1330  -48.95453733657527  
1331  -48.954551513730934  
1332  -48.95456605385927  
1333  -48.95458136080428  
1334  -48.95459791995667  
1335  -48.954608861174904  
1336  -48.954622576819126  
1337  -48.95463350704215  
1338  -48.95465095266302  
1339  -48.954661561534316  
1340  -48.95467266911332  
1341  -48.9546899454051  
1342  -48.9547028432546  
1343  -48.95471544574738  
1344  -48.954726570335424  
1345  -48.95473732771033  
1346  -48.954744320425256  
1347  -48.95476652644592  
1348  -48.95477436474142  
1349  -48.95478707462938  
1350  -48.95480216298192  
1351  -48.95481915359978  
1352  -48.954831771637885  
1353  -48.954845835925276  
1354  -48.95485755160694  
1355  -48.95486825710139  
1356  -48.95488688024593  
1357  -48.95489417054861  
1358  -48.95490609632721  
1359  -48.95491743649486  
1360  -48.954927341641536  
1361  -48.95494763024686  
1362  -48.954946901793306  
1363  -48.95496058125165  
1364  -48.954974653482616  
1365  -48.95498574381677  
1366  -48.95499889942336  
1367  -48.95501376144863  
1368  -48.95502798998699  
1369  -48.955039564416005  
1370  -48.95504961730761  
1371  -48.955065403566664  
1372  -48.95507881245723  
1373  -48.95509275024896  
1374  -48.955103589875186  
1375  -48.95511694730051  
1376  -48.95512916543906  
1377  -48.955139709796896  
1378  -48.95515812550873  
1379  -48.955163659248676  
1380  -48.95517384894815  
1381  -48.955184613952234  
1382  -48.95519380183626  
1383  -48.95521128692404  
1384  -48.955203186330984  
1385  -48.95522152837668  
1386  -48.955234022971844  
1387  -48.95524354381465  
1388  -48.955254802715814  
1389  -48.95526633162019  
1390  -48.95527915725531  
1391  -48.95528913663343  
1392  -48.955300196368576  
1393  -48.95531249430772  
1394  -48.95532278675952  
1395  -48.95533300132167  
1396  -48.955345223599224  
1397  -48.9553561243234  
1398  -48.95536824628237  
1399  -48.95537979456849  
1400  -48.95539281917349  
1401  -48.95540371914105  
1402  -48.95541769362256  
1403  -48.955429068398836  
1404  -48.95544042555617  
1405  -48.95545028038631  
1406  -48.95546297866945  
1407  -48.95547444616908  
1408  -48.95548385271122  
1409  -48.95549514923185  
1410  -48.95550795656063  
1411  -48.95551901075731  
1412  -48.95552942820109  
1413  -48.95553973024466  
1414  -48.95554897767498  
1415  -48.95556136534928  
1416  -48.95556842052841  
1417  -48.955578927455285  
1418  -48.95558710150366  
1419  -48.95560112026823  
1420  -48.95560921876074  
1421  -48.95561782240679  
1422  -48.955629539574176  
1423  -48.95564272913996  
1424  -48.95565173835461  
1425  -48.955662452915995  
1426  -48.955671123867965  
1427  -48.955680065683744  
1428  -48.95569460135869  
1429  -48.95570369894418  
1430  -48.95571151464568  
1431  -48.955723905818346  
1432  -48.955732714321805  
1433  -48.955741843498565  
1434  -48.95576095147377  
1435  -48.955766738166254  
1436  -48.955777780121046  
1437  -48.95578597407267  
1438  -48.955801237421035  
1439  -48.95581077129015  
1440  -48.955820045956024  
1441  -48.955834428054104  
1442  -48.95584377177255  
1443  -48.95585795051909  
1444  -48.95586571843291  
