0  1.845434519386361  
1  -0.35808261479031706  
2  -5.842860329438135  
3  -4.1327884929947825  
4  -13.456571433077844  
5  -13.041454461201122  
6  -16.806364929667225  
7  -19.084486696660807  
8  -22.381132321484497  
9  -25.12574216957718  
10  -28.417269518804826  
11  -31.535705063072673  
12  -33.10963313714221  
13  -34.58212537389637  
14  -35.70646406249317  
15  -36.822719478749725  
16  -38.54357830085335  
17  -39.54790562355782  
18  -40.45994164448498  
19  -41.40203863221823  
20  -42.1578890373153  
21  -42.818705383517816  
22  -43.78695232309577  
23  -44.28086999935088  
24  -44.95813360078542  
25  -45.47910774884039  
26  -45.77104654412364  
27  -46.17511804488086  
28  -46.49107729550761  
29  -46.540171056226384  
30  -47.005361524116964  
31  -47.09586824885327  
32  -47.307315523344194  
33  -47.33703883688338  
34  -47.51727516215192  
35  -47.582032089042464  
36  -47.6720926423859  
37  -47.77952615260352  
38  -47.72937020374563  
39  -47.835731841295754  
40  -47.907920775353006  
41  -47.95487837604223  
42  -48.00451196775076  
43  -48.040163425502  
44  -48.07235083390322  
45  -48.10568580617098  
46  -48.12860454827988  
47  -48.13772158253356  
48  -48.19121533471606  
49  -48.20289035544345  
50  -48.22173156273885  
51  -48.24093869739451  
52  -48.26087386408371  
53  -48.2752914884403  
54  -48.29240805013529  
55  -48.30293881827345  
56  -48.31331952218398  
57  -48.32789172232627  
58  -48.33702535584421  
59  -48.344754205849945  
60  -48.367876246824395  
61  -48.37441751751929  
62  -48.38791872610689  
63  -48.392386563313146  
64  -48.40868899669127  
65  -48.417025842857846  
66  -48.42551083472469  
67  -48.43834557444238  
68  -48.4305049066604  
69  -48.44637098031686  
70  -48.457093820278466  
71  -48.46457610951394  
72  -48.474750253251464  
73  -48.47806180167354  
74  -48.48951114899982  
75  -48.494277489034886  
76  -48.500228683158475  
77  -48.50904894645783  
78  -48.50694882942294  
79  -48.51451586955399  
80  -48.5205520153117  
81  -48.525663062802465  
82  -48.53175688178334  
83  -48.53596976718007  
84  -48.54323913839742  
85  -48.54719021302945  
86  -48.55116303619925  
87  -48.556976951813986  
88  -48.56347736780015  
89  -48.56852742551051  
90  -48.574690998638495  
91  -48.579948509497584  
92  -48.585374031951346  
93  -48.59446734259515  
94  -48.5988817874479  
95  -48.60416274720702  
96  -48.61492782929134  
97  -48.61956820231576  
98  -48.62543047997576  
99  -48.63711642104582  
100  -48.6413211529126  
101  -48.646584564142096  
102  -48.65529830058501  
103  -48.66156128579635  
104  -48.67464522280956  
105  -48.67494147420815  
106  -48.68225986129907  
107  -48.68911220884965  
108  -48.696016117561804  
109  -48.70206868924527  
110  -48.710745265345004  
111  -48.717330038037076  
112  -48.72343757838572  
113  -48.72792108247908  
114  -48.73333333692184  
115  -48.738806644051195  
116  -48.74264651795412  
117  -48.747416574979106  
118  -48.750820358018586  
119  -48.75485308964839  
120  -48.76159501804833  
121  -48.7650059600406  
122  -48.76932052798204  
123  -48.774536283216925  
124  -48.78029296320076  
125  -48.78319563167481  
126  -48.79133687706045  
127  -48.78887211154975  
128  -48.79474378469826  
129  -48.79833932510805  
130  -48.80492917390576  
131  -48.80912562360257  
132  -48.814008484043626  
133  -48.820804386153924  
134  -48.82596614595052  
135  -48.834359776130306  
136  -48.842807176305584  
137  -48.85167269417658  
138  -48.86014801876398  
139  -48.86809708298938  
140  -48.87763488738403  
141  -48.887022580821885  
142  -48.8941723217029  
143  -48.901114526823534  
144  -48.911131481203874  
145  -48.915785968807654  
146  -48.92088683650462  
147  -48.926679529330364  
148  -48.93121295295082  
149  -48.9336303119303  
150  -48.942783115828824  
151  -48.94627586736802  
152  -48.95064112626286  
153  -48.956020229296044  
154  -48.96194175982777  
155  -48.96639381287778  
156  -48.97122348856346  
157  -48.974449029896235  
158  -48.97853335706458  
159  -48.98376470143469  
160  -48.98677652312163  
161  -48.99016660754314  
162  -48.995750078285944  
163  -48.99872070555483  
164  -49.00218476286669  
165  -49.007259943281824  
166  -49.010003517499975  
167  -49.01305415639469  
168  -49.01802168856018  
169  -49.02077266443767  
170  -49.024392621258436  
171  -49.029113240228924  
172  -49.03299611560384  
173  -49.03571299315226  
174  -49.04011868696397  
175  -49.04296149327373  
176  -49.04643851285895  
177  -49.051140270185414  
178  -49.05372935979646  
179  -49.0563700107654  
180  -49.061394637237115  
181  -49.063622589074605  
182  -49.0656151478994  
183  -49.06904197533452  
184  -49.07116522453561  
185  -49.07428081576073  
186  -49.07839977999822  
187  -49.080166816815996  
188  -49.08254608351155  
189  -49.08449336543011  
190  -49.0874976234699  
191  -49.09041768931482  
192  -49.09240431818539  
193  -49.09542541111686  
194  -49.099104418864734  
195  -49.10163051263279  
196  -49.10555051783911  
197  -49.10770230201422  
198  -49.11148917483092  
199  -49.115087436884906  
200  -49.11805640841082  
201  -49.12477143854034  
202  -49.110253015466945  
203  -49.127387628534656  
204  -49.13199001415962  
205  -49.13572890280768  
206  -49.140986597785194  
207  -49.14417411609344  
208  -49.14837075662898  
209  -49.15217315595103  
210  -49.15534587524072  
211  -49.161021973484175  
212  -49.1658856618734  
213  -49.169501755992485  
214  -49.174293566145884  
215  -49.177912989179404  
216  -49.18326466769468  
217  -49.18721214976738  
218  -49.19066508176267  
219  -49.19558929572316  
220  -49.19816984171982  
221  -49.202412469828694  
222  -49.20532168447824  
223  -49.20846351517524  
224  -49.212818807502195  
225  -49.217638072091205  
226  -49.220039777311996  
227  -49.223621217749155  
228  -49.22542559424439  
229  -49.22853103629036  
230  -49.23099096213837  
231  -49.232880515146874  
232  -49.236785589288104  
233  -49.236003479388536  
234  -49.23891052865868  
235  -49.24105079621489  
236  -49.2429075811196  
237  -49.24479402809442  
238  -49.247034879915915  
239  -49.24935452896809  
240  -49.25124214547143  
241  -49.25314908773392  
242  -49.254999398638645  
243  -49.25716042613913  
244  -49.25887092050662  
245  -49.26060597523551  
246  -49.26318457435069  
247  -49.264217107189886  
248  -49.266239241434484  
249  -49.26767421660011  
250  -49.269316801645566  
251  -49.27200600158568  
252  -49.27357547745089  
253  -49.27608237380734  
254  -49.2772610632525  
255  -49.27897120852366  
256  -49.27962105717563  
257  -49.282503017185164  
258  -49.28355901257029  
259  -49.28488985185101  
260  -49.286634065017964  
261  -49.28741311872032  
262  -49.28985937844241  
263  -49.290829822025714  
264  -49.291977854912325  
265  -49.294104014768784  
266  -49.29248265774799  
267  -49.29523677586894  
268  -49.29699968250072  
269  -49.298383867489235  
270  -49.30024756718743  
271  -49.30142334595849  
272  -49.30288132868921  
273  -49.304273727828246  
274  -49.305386522873945  
275  -49.30736195531384  
276  -49.309369043369294  
277  -49.31052393645633  
278  -49.31241306717186  
279  -49.313543488200416  
280  -49.31489194815101  
281  -49.31710220358404  
282  -49.31831892003608  
283  -49.32028240763577  
284  -49.32192245087181  
285  -49.32378693416962  
286  -49.32521578617159  
287  -49.32697556046666  
288  -49.328406793179255  
289  -49.33021848878598  
290  -49.33177460168087  
291  -49.333205107654074  
292  -49.33595381028915  
293  -49.337377484986874  
294  -49.339834226120075  
295  -49.34107227545474  
296  -49.34278177737961  
297  -49.34456517934608  
298  -49.3471518799181  
299  -49.348920872515365  
300  -49.35069202802194  
301  -49.35268890912219  
302  -49.35550236665564  
303  -49.3576152978583  
304  -49.35991892024923  
305  -49.36082468600174  
306  -49.36387391580242  
307  -49.36576648683393  
308  -49.367820795896854  
309  -49.37100848935973  
310  -49.369712143063865  
311  -49.372959070936034  
312  -49.37526494483438  
313  -49.37678563571712  
314  -49.3791806695893  
315  -49.38111682951707  
316  -49.383257667928746  
317  -49.384742182574655  
318  -49.38586112521321  
319  -49.38805009742044  
320  -49.39044173029816  
321  -49.39166605746284  
322  -49.393144673995536  
323  -49.39428104118003  
324  -49.39568801420099  
325  -49.39733622566397  
326  -49.39818510841748  
327  -49.39972702650864  
328  -49.401098441960514  
329  -49.4019340203845  
330  -49.40313937536752  
331  -49.40292452023537  
332  -49.40397324240373  
333  -49.40505202158371  
334  -49.406109527200485  
335  -49.406978156241074  
336  -49.40806877730696  
337  -49.40911458394601  
338  -49.41015079600748  
339  -49.410972560756264  
340  -49.4122196071297  
341  -49.413131332939514  
342  -49.41414721505842  
343  -49.41503931408098  
344  -49.415896600244025  
345  -49.41697396343867  
346  -49.418470802955085  
347  -49.41931206453134  
348  -49.42031967011599  
349  -49.421690010508335  
350  -49.4230271868015  
351  -49.42421205714202  
352  -49.425147417699975  
353  -49.426197134846184  
354  -49.427535023935015  
355  -49.42902419217055  
356  -49.42986536570149  
357  -49.43097288649725  
358  -49.43185899918987  
359  -49.433405570452216  
360  -49.434387233773464  
361  -49.43541579114805  
362  -49.43676268708884  
363  -49.438376039810876  
364  -49.43937904457443  
365  -49.440626585705616  
366  -49.441607335084335  
367  -49.4429611468557  
368  -49.444306826463034  
369  -49.445220786714536  
370  -49.44624701540907  
371  -49.448013219399094  
372  -49.448874330424005  
373  -49.44999274906393  
374  -49.4511379735437  
375  -49.452528256143374  
376  -49.45363928102398  
377  -49.45472833133636  
378  -49.455701765147865  
379  -49.45666012186308  
380  -49.4579361714314  
381  -49.45871753210605  
382  -49.460020269888744  
383  -49.461185347106884  
384  -49.4625484030688  
385  -49.46339331260197  
386  -49.46445148986818  
387  -49.4649497374706  
388  -49.46597552968162  
389  -49.46673157755147  
390  -49.4675076739239  
391  -49.46886163375558  
392  -49.46756034823337  
393  -49.46956406133199  
394  -49.470501164992584  
395  -49.47114441156223  
396  -49.47197528960032  
397  -49.47284208732076  
398  -49.473631706184754  
399  -49.47439458907684  
400  -49.4750258574318  
401  -49.47571886480236  
402  -49.47687158212623  
403  -49.476927463127616  
404  -49.47746582214206  
405  -49.478038030913545  
406  -49.47895333338322  
407  -49.479574406257775  
408  -49.480386575975665  
409  -49.48120818672098  
410  -49.481907712324606  
411  -49.48250444496546  
412  -49.483274336399575  
413  -49.483897912468166  
414  -49.484586553497415  
415  -49.48524452559577  
416  -49.48571789122538  
417  -49.48634334839261  
418  -49.48698234536543  
419  -49.487670576185124  
420  -49.48822057818157  
421  -49.488844442746945  
422  -49.48951743557545  
423  -49.4900735804824  
424  -49.49061842941579  
425  -49.49127149513689  
426  -49.49168641085981  
427  -49.492210166828485  
428  -49.49276216885174  
429  -49.49325843573202  
430  -49.49358996778809  
431  -49.49437866496149  
432  -49.49481596233296  
433  -49.49530426447363  
434  -49.49597622794927  
435  -49.49641439320047  
436  -49.49704777181187  
437  -49.497390683789234  
438  -49.497924429102916  
439  -49.498273199960025  
440  -49.49909234416346  
441  -49.4994778350924  
442  -49.49990792261523  
443  -49.500436231769775  
444  -49.501044556583054  
445  -49.501629523916904  
446  -49.50224037872987  
447  -49.50266519447118  
448  -49.5033534523676  
449  -49.50402315627484  
450  -49.50468168775989  
451  -49.505129384184976  
452  -49.5057915381669  
453  -49.50614753926735  
454  -49.50671943347811  
455  -49.50728116587047  
456  -49.507710742048346  
457  -49.50778295298307  
458  -49.50866698115002  
459  -49.50897751544436  
460  -49.5094164045329  
461  -49.509977029449004  
462  -49.50910256947541  
463  -49.51031477287585  
464  -49.51086324543338  
465  -49.511226292384485  
466  -49.51178073388037  
467  -49.512212271091116  
468  -49.51255614497813  
469  -49.51304598367722  
470  -49.513354107529544  
471  -49.51373888620094  
472  -49.514260605801006  
473  -49.51468651396545  
474  -49.51493417854478  
475  -49.51534930707365  
476  -49.51559349951965  
477  -49.51591309062062  
478  -49.51634441150948  
479  -49.51662997989701  
480  -49.51687800993407  
481  -49.51735159643898  
482  -49.51759070251665  
483  -49.51790958063872  
484  -49.51810674494436  
485  -49.518533524200244  
486  -49.51881523576003  
487  -49.51904086181437  
488  -49.51948860880927  
489  -49.5193668671829  
490  -49.51979792370212  
491  -49.520340172818926  
492  -49.52065925348526  
493  -49.52098904670641  
494  -49.5212662939272  
495  -49.521564200603876  
496  -49.52187763932709  
497  -49.52219567926425  
498  -49.52249131862185  
499  -49.52281437757296  
500  -49.5231072819432  
501  -49.52340991073984  
502  -49.52383987593225  
503  -49.524069925114496  
504  -49.524355426895006  
505  -49.5248631626659  
506  -49.525015853007936  
507  -49.52529640095074  
508  -49.525599453006556  
509  -49.525841452433006  
510  -49.52622430756008  
511  -49.52663109182657  
512  -49.52689741781673  
513  -49.5272233324004  
514  -49.527498835952976  
515  -49.527853013207725  
516  -49.52828293541495  
517  -49.52853096188304  
518  -49.528774750276575  
519  -49.52921962287108  
520  -49.52954205525788  
521  -49.5297456454443  
522  -49.53012950179273  
523  -49.53042078992934  
524  -49.53076516833138  
525  -49.53108469751783  
526  -49.53145241111722  
527  -49.5316997010584  
528  -49.53194559111452  
529  -49.5323436366779  
530  -49.532568369484544  
531  -49.532865908612166  
532  -49.53305782694296  
533  -49.53348952823537  
534  -49.533621863569564  
535  -49.53400741556609  
536  -49.53395113223423  
537  -49.53419496195401  
538  -49.5344434974244  
539  -49.534748669166  
540  -49.53495392249643  
541  -49.53516665219151  
542  -49.53544810002685  
543  -49.53565742244793  
544  -49.5358868494513  
545  -49.53612683460115  
546  -49.53630843271033  
547  -49.53652555835026  
548  -49.53661040411847  
549  -49.5369183538707  
550  -49.53705519717017  
551  -49.53720959465904  
552  -49.5374722479513  
553  -49.53723998140371  
554  -49.53762971277482  
555  -49.53788148402593  
556  -49.53804625178519  
557  -49.538257640246655  
558  -49.53845434723178  
559  -49.53865999861128  
560  -49.53890153490523  
561  -49.539049955759694  
562  -49.53929481863817  
563  -49.53935754196113  
564  -49.5396951648086  
565  -49.53980911167118  
566  -49.53998797589544  
567  -49.54024593567208  
568  -49.539874148621784  
569  -49.540379777795856  
570  -49.54061166521666  
571  -49.5407797703827  
572  -49.54097899063527  
573  -49.541183745820554  
574  -49.54138053261359  
575  -49.5416320867684  
576  -49.54178596915453  
577  -49.541971175678675  
578  -49.542165302665595  
579  -49.542342445953665  
580  -49.5426129757845  
581  -49.54294265711716  
582  -49.54308456319613  
583  -49.543290326654976  
584  -49.54349314042028  
585  -49.54376425074243  
586  -49.54407437903649  
587  -49.544276711416465  
588  -49.54450224263448  
589  -49.544705086907136  
590  -49.544950416877796  
591  -49.545116971649094  
592  -49.54537186993412  
593  -49.54560303388603  
594  -49.54580685870984  
595  -49.54610409060341  
596  -49.54645702183195  
597  -49.54668891429419  
598  -49.54697531065508  
599  -49.54719177103172  
600  -49.547389954664766  
601  -49.547803475246894  
602  -49.54795690703693  
603  -49.54812143687304  
604  -49.54844602765158  
605  -49.54861644045904  
606  -49.54886142556411  
607  -49.54926067151955  
608  -49.54942351280793  
609  -49.549648233402806  
610  -49.54996363049903  
611  -49.55030359528795  
612  -49.55055703505699  
613  -49.55080226786033  
614  -49.55104150157116  
615  -49.55134107159996  
616  -49.55168591597369  
617  -49.551959615998925  
618  -49.55237885165377  
619  -49.55253259705421  
620  -49.55287709929144  
621  -49.553149021433846  
622  -49.55339093305031  
623  -49.55384703539715  
624  -49.55400724206961  
625  -49.55446166016967  
626  -49.554629527239214  
627  -49.55494510567009  
628  -49.555301438569394  
629  -49.55573087287366  
630  -49.556001353502296  
631  -49.55630595444799  
632  -49.556626220733456  
633  -49.557016801186364  
634  -49.55748729694655  
635  -49.55769726481837  
636  -49.55807969360853  
637  -49.55833269186436  
638  -49.558669010931126  
639  -49.55914507186066  
640  -49.559514320580746  
641  -49.55994498640331  
642  -49.560212980502456  
643  -49.56055028148036  
644  -49.560633637855894  
645  -49.56137497081856  
646  -49.5615936767877  
647  -49.56188476434134  
648  -49.56232358451234  
649  -49.56258336593986  
650  -49.56320852404189  
651  -49.56341555742941  
652  -49.563794639782344  
653  -49.56418244738367  
654  -49.56472016397214  
655  -49.56502660811675  
656  -49.56535822566888  
657  -49.56566239527418  
658  -49.56608094411128  
659  -49.56647310559598  
660  -49.566799770885716  
661  -49.56705992456889  
662  -49.56751775207184  
663  -49.5678191964002  
664  -49.56813469028088  
665  -49.56862454044894  
666  -49.56911601089802  
667  -49.56943758806521  
668  -49.56980024751465  
669  -49.57008359487996  
670  -49.570485944455804  
671  -49.57082835376551  
672  -49.57120235546076  
673  -49.571428159561705  
674  -49.57183302773331  
675  -49.571915494536164  
676  -49.572315941236674  
677  -49.57254231532551  
678  -49.57284229058496  
679  -49.57323007861704  
680  -49.57264341128064  
681  -49.57344665255081  
682  -49.573882191859745  
683  -49.574226121746754  
684  -49.57454635751005  
685  -49.57482080335867  
686  -49.575085649720116  
687  -49.5754732978015  
688  -49.57576636541241  
689  -49.57595656276846  
690  -49.5763396735739  
691  -49.576573404387915  
692  -49.57681865145688  
693  -49.57720991886733  
694  -49.577440980532884  
695  -49.57763722588163  
696  -49.57810892162499  
697  -49.57825935074285  
698  -49.57847165334296  
699  -49.57881269364098  
700  -49.579001409099625  
701  -49.57933086935464  
702  -49.579619991320776  
703  -49.579826595490616  
704  -49.58004969431946  
705  -49.58030368555808  
706  -49.580589214542776  
707  -49.58086306059357  
708  -49.581026715701455  
709  -49.581237430135744  
710  -49.58144133088597  
711  -49.58167959258031  
712  -49.58187054378558  
713  -49.58203105343092  
714  -49.58222853408891  
715  -49.5825002464021  
716  -49.582643509121425  
717  -49.58283921274069  
718  -49.583058149549245  
719  -49.58331503254823  
720  -49.5834851849237  
721  -49.583696163869426  
722  -49.583871183946016  
723  -49.58405923840453  
724  -49.58428101971403  
725  -49.58439894930202  
726  -49.58456130222658  
727  -49.58486241458879  
728  -49.58508231836169  
729  -49.58519776166528  
730  -49.585328662589006  
731  -49.5854904414149  
732  -49.58566510847462  
733  -49.58581219368503  
734  -49.58598141059097  
735  -49.58614000135968  
736  -49.58625226128638  
737  -49.58644800486709  
738  -49.586583245309235  
739  -49.58669512766927  
740  -49.58691428394731  
741  -49.58701926389871  
742  -49.58715863687206  
743  -49.58737519620581  
744  -49.58750977378392  
745  -49.58759858671656  
746  -49.587845902080794  
747  -49.587957577197606  
748  -49.58810065287948  
749  -49.58828730980592  
750  -49.588390026686916  
751  -49.58848746610675  
752  -49.58866061349798  
753  -49.588775493021146  
754  -49.58885621414777  
755  -49.58905113102215  
756  -49.58915301670811  
757  -49.58927186798567  
758  -49.58944341213767  
759  -49.589540028621315  
760  -49.58969973193529  
761  -49.58974950570897  
762  -49.58991176004126  
763  -49.58997930243657  
764  -49.59007854209258  
765  -49.59021190512627  
766  -49.59027721269738  
767  -49.590425656500976  
768  -49.59049563463302  
769  -49.59059083740786  
770  -49.59070042122582  
771  -49.59084916159138  
772  -49.59095169730964  
773  -49.591059874444504  
774  -49.59115381528625  
775  -49.591281608555185  
776  -49.59140320742755  
777  -49.59149850185666  
778  -49.59158301904753  
779  -49.591725915078  
780  -49.59181180742239  
781  -49.591917003858704  
782  -49.591972125190786  
783  -49.59212057920024  
784  -49.59219634470535  
785  -49.59227004613412  
786  -49.59239409343168  
787  -49.5922196157625  
788  -49.59246648320005  
789  -49.59258946087564  
790  -49.59266874539522  
791  -49.59277533210259  
792  -49.59281364085727  
793  -49.592909535433236  
794  -49.5929656225844  
795  -49.59302173247886  
796  -49.59312096912946  
797  -49.59290039776983  
798  -49.59316513991799  
799  -49.59326020843162  
800  -49.593335164623966  
801  -49.593423200438984  
802  -49.59348319014214  
803  -49.593549479841464  
804  -49.593626669646866  
805  -49.593677560584894  
806  -49.59375701121027  
807  -49.593826293616985  
808  -49.593879927356895  
809  -49.59394136244788  
810  -49.59399234269708  
811  -49.594060118044446  
812  -49.59411047088676  
813  -49.59415265001575  
814  -49.59421304537941  
815  -49.594285742993684  
816  -49.59432595299899  
817  -49.594382102871165  
818  -49.59442292146174  
819  -49.59448113890738  
820  -49.594535871716005  
821  -49.594570254382006  
822  -49.594667532163605  
823  -49.594507579017325  
824  -49.594704130131  
825  -49.59476660692665  
826  -49.594819068527684  
827  -49.594863333099894  
828  -49.59492286980583  
829  -49.594964941988415  
830  -49.59501297462301  
831  -49.59508709931806  
832  -49.59512374107998  
833  -49.595200004092355  
834  -49.59523197115259  
835  -49.59527879593703  
836  -49.595336432668816  
837  -49.59540567753037  
838  -49.59544642894581  
839  -49.59549673660112  
840  -49.59553634641042  
841  -49.59558444771752  
842  -49.595655944722246  
843  -49.59569929361433  
844  -49.59576279538415  
845  -49.595825702175574  
846  -49.595864227088626  
847  -49.59591632442077  
848  -49.59592460467607  
849  -49.596013327110704  
850  -49.596045655642605  
851  -49.5960838132643  
852  -49.596148618903335  
853  -49.59616156436962  
854  -49.596279742165414  
855  -49.59630808877996  
856  -49.59636407246245  
857  -49.596416861201156  
858  -49.596478226143816  
859  -49.596521966990416  
860  -49.59656407782611  
861  -49.596606191237704  
862  -49.596656328076875  
863  -49.59670912970099  
864  -49.5967636817387  
865  -49.596797184206544  
866  -49.596860020867716  
867  -49.5968765158731  
868  -49.596945116976514  
869  -49.596980170854444  
870  -49.59702165263609  
871  -49.597080451613536  
872  -49.59701931371785  
873  -49.59711722205263  
874  -49.59717439635045  
875  -49.597213982415795  
876  -49.59726454491006  
877  -49.59729377591206  
878  -49.59734937222145  
879  -49.597391267285474  
880  -49.59742725593821  
881  -49.5974868761751  
882  -49.59754321380676  
883  -49.59758890257123  
884  -49.59764121959292  
885  -49.59768107274982  
886  -49.597746446016544  
887  -49.59781292618251  
888  -49.59787270599526  
889  -49.597916536447386  
890  -49.59796677161011  
891  -49.59801288921226  
892  -49.598072231052605  
893  -49.598135321434626  
894  -49.598192709187956  
895  -49.598246381789636  
896  -49.598311209743024  
897  -49.59836129824505  
898  -49.59841602260587  
899  -49.59847023338874  
900  -49.59851840684103  
901  -49.59856682682316  
902  -49.5986256677235  
903  -49.598665141078165  
904  -49.59871186079425  
905  -49.59875695300247  
906  -49.5988217149081  
907  -49.598868255849595  
908  -49.5989065245933  
909  -49.598915949141386  
910  -49.599007522653174  
911  -49.599040698922835  
912  -49.59908203112444  
913  -49.59914215351778  
914  -49.599063526234545  
915  -49.59917986487252  
916  -49.59924491536858  
917  -49.59928804384927  
918  -49.5993517925828  
919  -49.599403694866865  
920  -49.59943985869041  
921  -49.599500766140316  
922  -49.599540126617725  
923  -49.599586834152  
924  -49.599661843518135  
925  -49.599700527390944  
926  -49.599747899347506  
927  -49.59981745807299  
928  -49.59986611656158  
929  -49.599902256810566  
930  -49.599976130247896  
931  -49.6000083859685  
932  -49.600040793676435  
933  -49.60010471200175  
934  -49.60014013241213  
935  -49.60015849852153  
936  -49.60023865290103  
937  -49.600267322154465  
938  -49.60031137288053  
939  -49.600365065946804  
940  -49.600419511236105  
941  -49.60046612501902  
942  -49.60050735135286  
943  -49.60054910946386  
944  -49.60057893968667  
945  -49.600655392279336  
946  -49.600685913550215  
947  -49.60072901235546  
948  -49.6007841243632  
949  -49.6007851713755  
950  -49.600828925290116  
951  -49.600891649760946  
952  -49.6009465636126  
953  -49.60099339303641  
954  -49.60104451003044  
955  -49.60109962233268  
956  -49.60115720806238  
957  -49.60119629147352  
958  -49.601252212606994  
959  -49.60130479916492  
960  -49.60135663031784  
961  -49.60140878271561  
962  -49.60145965892876  
963  -49.601511186900176  
964  -49.60158239919511  
965  -49.60162879026263  
966  -49.60167493409771  
967  -49.601741873402105  
968  -49.601782419358905  
969  -49.601825014494445  
970  -49.60187920611589  
971  -49.60194755569682  
972  -49.60197183823291  
973  -49.60205570628549  
974  -49.60206977838411  
975  -49.60213152845922  
976  -49.60216700073919  
977  -49.602218339805574  
978  -49.60227578287628  
979  -49.60223250185267  
980  -49.602312983710895  
981  -49.60237030142825  
982  -49.60242107721737  
983  -49.60248295832588  
984  -49.60251997215525  
985  -49.60259070114885  
986  -49.602642263423085  
987  -49.60268936418715  
988  -49.60275146480448  
989  -49.602830469626646  
990  -49.60288415203595  
991  -49.602947575996566  
992  -49.60299820700779  
993  -49.603067799742675  
994  -49.603119577468405  
995  -49.60316768972144  
996  -49.603231016964195  
997  -49.60330481764442  
998  -49.60336713941515  
999  -49.60342290179807  
1000  -49.60347408960569  
1001  -49.60351822020813  
1002  -49.60357925138879  
1003  -49.60363295630227  
1004  -49.60370056024267  
1005  -49.60375023451055  
1006  -49.603794070308886  
1007  -49.60385229845176  
1008  -49.60391620991238  
1009  -49.60397671666739  
1010  -49.604013297459176  
1011  -49.60405423728287  
1012  -49.60413134325089  
1013  -49.60417065672421  
1014  -49.60421376558294  
1015  -49.60426628514717  
1016  -49.60430771950465  
1017  -49.60435861236996  
1018  -49.60440672614288  
1019  -49.60445648139865  
1020  -49.604493801734975  
1021  -49.604540734296094  
1022  -49.60459408056074  
1023  -49.604645048646375  
1024  -49.60469515365991  
1025  -49.60474584966683  
1026  -49.60479841808053  
1027  -49.60485488107823  
1028  -49.60490397241212  
1029  -49.60495299654364  
1030  -49.60500258058376  
1031  -49.6050481018037  
1032  -49.605106869178215  
1033  -49.60515754068792  
1034  -49.60522509184699  
1035  -49.60527401694009  
1036  -49.60532429585379  
1037  -49.60538674448485  
1038  -49.60545241576512  
1039  -49.60550981296496  
1040  -49.60556138736757  
1041  -49.60562106353969  
1042  -49.60569615915395  
1043  -49.605759079876506  
1044  -49.60582408632834  
1045  -49.60588551339907  
1046  -49.60595837596735  
1047  -49.606010613471526  
1048  -49.60605748567911  
1049  -49.60612975857043  
1050  -49.60618297922023  
1051  -49.60624452651245  
1052  -49.606303071133226  
1053  -49.606357638603974  
1054  -49.60641014015224  
1055  -49.6064574676991  
1056  -49.60651675439171  
1057  -49.60655189336502  
1058  -49.6066294630164  
1059  -49.60667300349753  
1060  -49.6067144095492  
1061  -49.606780786880336  
1062  -49.60685380120641  
1063  -49.60690370237755  
1064  -49.6069610044114  
1065  -49.60700571200854  
1066  -49.60706302608942  
1067  -49.607129712914826  
1068  -49.60719883004674  
1069  -49.60722620381506  
1070  -49.607316753675015  
1071  -49.60729554250427  
1072  -49.607355928626845  
1073  -49.607393339566805  
1074  -49.60746717093188  
1075  -49.60751395905705  
1076  -49.6075666133365  
1077  -49.60764582218265  
1078  -49.60769418893315  
1079  -49.60776576893565  
1080  -49.607818713018546  
1081  -49.607878328432754  
1082  -49.60793749254921  
1083  -49.607992732603954  
1084  -49.60804883171864  
1085  -49.608098386170575  
1086  -49.60815620607684  
1087  -49.608205456966076  
1088  -49.6082586734337  
1089  -49.60830529153039  
1090  -49.608349166455305  
1091  -49.608396400096595  
1092  -49.60845089238242  
1093  -49.60849622421972  
1094  -49.60853503008759  
1095  -49.60859480431546  
1096  -49.60863608020263  
1097  -49.60868917526935  
1098  -49.60875420144373  
1099  -49.60880222554343  
1100  -49.60883920872933  
1101  -49.60890877578172  
1102  -49.608935139510294  
1103  -49.60898241683227  
1104  -49.60904133585909  
1105  -49.6090862300268  
1106  -49.609166093819695  
1107  -49.609210031202  
1108  -49.60927369599833  
1109  -49.60930226650668  
1110  -49.60935225648983  
1111  -49.60939177395823  
1112  -49.60946063473234  
1113  -49.60949430687254  
1114  -49.609534116586744  
1115  -49.609588205178596  
1116  -49.60964791789939  
1117  -49.60969218258598  
1118  -49.609744488945324  
1119  -49.60979030157671  
1120  -49.609831015980625  
1121  -49.609897217665434  
1122  -49.60993234063416  
1123  -49.60996585006693  
1124  -49.61002494340286  
1125  -49.610055311046104  
1126  -49.61008032537517  
1127  -49.61015944036922  
1128  -49.61018123027638  
1129  -49.61021957368568  
1130  -49.61024116835236  
1131  -49.610301134229175  
1132  -49.61033294508239  
1133  -49.61036279408549  
1134  -49.610411355809404  
1135  -49.610389090718485  
1136  -49.61044075363585  
1137  -49.61049285881757  
1138  -49.61052806054369  
1139  -49.610568907413985  
1140  -49.61060589840037  
1141  -49.610634344218155  
1142  -49.610683239315954  
1143  -49.610712645041495  
1144  -49.610752118366044  
1145  -49.61079606386103  
1146  -49.610827058573946  
1147  -49.610830220996576  
1148  -49.610859532167105  
1149  -49.610908603353245  
1150  -49.61094187456943  
1151  -49.61098597431925  
1152  -49.6110169150862  
1153  -49.61106047552992  
1154  -49.611095238561134  
1155  -49.61112431944425  
1156  -49.611167773455435  
1157  -49.61121550101565  
1158  -49.611252163323506  
1159  -49.61129844604076  
1160  -49.61132333014664  
1161  -49.61135958004366  
1162  -49.61139693012124  
1163  -49.61142532495511  
1164  -49.61147244426238  
1165  -49.611522132787805  
1166  -49.61154943964307  
1167  -49.611594132341885  
1168  -49.611611974436464  
1169  -49.61165076156085  
1170  -49.6116825968435  
1171  -49.611706869985326  
1172  -49.61175972437363  
1173  -49.61174597661151  
1174  -49.61179167952538  
1175  -49.61184521425923  
1176  -49.61188063266196  
1177  -49.61191973758648  
1178  -49.61195177450452  
1179  -49.61198567733631  
1180  -49.61202056695075  
1181  -49.612057879532706  
1182  -49.61209101309186  
1183  -49.61212295871654  
1184  -49.61215337139071  
1185  -49.61219107432035  
1186  -49.61222880836854  
1187  -49.612264909300684  
1188  -49.61229803631572  
1189  -49.612333932538526  
1190  -49.612355737637046  
1191  -49.61239238529542  
1192  -49.61242374423234  
1193  -49.61245020078567  
1194  -49.61246472829753  
1195  -49.61250918078651  
1196  -49.61253125883494  
1197  -49.61255816371887  
1198  -49.61260042208895  
1199  -49.6125625148315  
1200  -49.6126247118593  
1201  -49.61265939381895  
1202  -49.61268301703287  
1203  -49.61271682725115  
1204  -49.612745433874935  
1205  -49.61276734961828  
1206  -49.612798864046724  
1207  -49.61282252735382  
1208  -49.61285659558262  
1209  -49.612870371722735  
1210  -49.61293177628063  
1211  -49.61294846828842  
1212  -49.61297942151325  
1213  -49.61300811964826  
1214  -49.61304571731845  
1215  -49.61307637622611  
1216  -49.613101564917514  
1217  -49.61312790146607  
1218  -49.613161428252134  
1219  -49.613195905961895  
1220  -49.613223015475846  
1221  -49.613254887567706  
1222  -49.61329205501776  
1223  -49.61332331940136  
1224  -49.61335290772599  
1225  -49.613371332693745  
1226  -49.613417639956204  
1227  -49.6134394190103  
1228  -49.61346530154846  
1229  -49.61350884948388  
1230  -49.61351955617327  
1231  -49.61356801253683  
1232  -49.613581581060316  
1233  -49.61360889959954  
1234  -49.61363992742447  
1235  -49.61367613416282  
1236  -49.613698503618814  
1237  -49.61372487996791  
1238  -49.613748110549  
1239  -49.61377483925925  
1240  -49.61381445518298  
1241  -49.613831482878226  
1242  -49.61385240932676  
1243  -49.61389403668699  
1244  -49.61391614429031  
1245  -49.61393153907578  
1246  -49.61397973538752  
1247  -49.61399604725959  
1248  -49.6140218665679  
1249  -49.614036926258336  
1250  -49.614073090736255  
1251  -49.61409606872052  
1252  -49.614116168234155  
1253  -49.61415064831052  
1254  -49.61413335306789  
1255  -49.614171851133335  
1256  -49.61419952077847  
1257  -49.61421941612811  
1258  -49.61424774370077  
1259  -49.61427187360022  
1260  -49.614293058884265  
1261  -49.61432150049657  
1262  -49.61434006333087  
1263  -49.614371768096206  
1264  -49.614394578076315  
1265  -49.61443473733532  
1266  -49.61445166645487  
1267  -49.614476376370845  
1268  -49.61448180002856  
1269  -49.61452378282763  
1270  -49.61454260691474  
1271  -49.61456367674225  
1272  -49.61459189967867  
1273  -49.6145727648845  
1274  -49.61461210189215  
1275  -49.61464939741823  
1276  -49.61467182004536  
1277  -49.614697056401496  
1278  -49.61472010240755  
1279  -49.61473671958345  
1280  -49.614764453076674  
1281  -49.614779977145496  
1282  -49.61479838865428  
1283  -49.614825164862076  
1284  -49.6148416633966  
1285  -49.6148373740055  
1286  -49.61486179730879  
1287  -49.61489501488125  
1288  -49.61491675106576  
1289  -49.614940422241325  
1290  -49.61496062773741  
1291  -49.61498216775681  
1292  -49.615008515069114  
1293  -49.615027700918134  
1294  -49.61504264413018  
1295  -49.6150725476688  
1296  -49.615093546699825  
1297  -49.61510809152554  
1298  -49.61513678646433  
1299  -49.61515364147163  
1300  -49.615177672406105  
1301  -49.61520262738817  
1302  -49.615225157359525  
1303  -49.615241338987495  
1304  -49.615270088149046  
1305  -49.615291618869705  
1306  -49.615314460884086  
1307  -49.615344436282506  
1308  -49.6153621929226  
1309  -49.615395317999905  
1310  -49.615421711627654  
1311  -49.615444729007244  
1312  -49.61547548939202  
1313  -49.61549766688711  
1314  -49.615523968920556  
1315  -49.615549644326414  
1316  -49.61557443180057  
1317  -49.61559743141953  
1318  -49.61562209962242  
1319  -49.61564482840865  
1320  -49.61565930622597  
1321  -49.61569804932183  
1322  -49.615713807917224  
1323  -49.615736879522814  
1324  -49.61575508283766  
1325  -49.61577540703288  
1326  -49.61580532244997  
1327  -49.61583546406029  
1328  -49.61585485016209  
1329  -49.615879813977  
1330  -49.615895900198744  
1331  -49.61591513662629  
1332  -49.61595134795375  
1333  -49.61596802584182  
1334  -49.61599348830969  
1335  -49.61600503348943  
1336  -49.61604655329485  
1337  -49.61605971145894  
1338  -49.61608707455803  
1339  -49.61611634582877  
1340  -49.616145315311634  
1341  -49.61616872164962  
1342  -49.616196822556354  
1343  -49.61621808105086  
1344  -49.61624861693368  
1345  -49.6162717940927  
1346  -49.61629275852823  
1347  -49.61631494123805  
1348  -49.61634293336077  
1349  -49.61636926655872  
1350  -49.61639885310347  
1351  -49.61642245557014  
1352  -49.6164482178224  
1353  -49.61647146498689  
1354  -49.61650761355117  
1355  -49.61653327279211  
1356  -49.616558785033526  
1357  -49.616587889380874  
1358  -49.61662376041159  
1359  -49.616647681979295  
1360  -49.616681130881  
1361  -49.61669705449605  
1362  -49.61673103682622  
1363  -49.61675281351633  
1364  -49.61677431267183  
1365  -49.61680890148282  
1366  -49.616843591559515  
1367  -49.616865383996114  
1368  -49.61689538686625  
1369  -49.61691585618181  
1370  -49.616938172739765  
1371  -49.61697807125807  
1372  -49.6169963060742  
1373  -49.61702650734665  
1374  -49.617036136450935  
1375  -49.61708349924342  
1376  -49.61709832950406  
1377  -49.61712776105111  
1378  -49.61716483772349  
1379  -49.61718681148062  
1380  -49.617224222825676  
1381  -49.6172460573037  
1382  -49.617276344252595  
1383  -49.61730167976798  
1384  -49.6173486461163  
1385  -49.617375002654654  
1386  -49.61740153789434  
1387  -49.617439993376664  
1388  -49.61748317213217  
1389  -49.617523274959666  
1390  -49.61755928061207  
1391  -49.617589230788106  
1392  -49.61762960350795  
1393  -49.61766707970117  
1394  -49.61770806074239  
1395  -49.61774514668082  
1396  -49.61779071457142  
1397  -49.617827668969916  
1398  -49.617869136265  
1399  -49.61792053056663  
1400  -49.61795571823888  
1401  -49.61799273240228  
1402  -49.618035892969544  
1403  -49.61807623323105  
1404  -49.61812505385926  
1405  -49.61817188058777  
1406  -49.61821257934385  
1407  -49.61825605209261  
1408  -49.61830790242213  
1409  -49.618360238071844  
1410  -49.61841776113794  
1411  -49.618457638903  
1412  -49.61850762615653  
1413  -49.61858314111681  
1414  -49.61863358756935  
1415  -49.61867411051397  
1416  -49.6187603506968  
1417  -49.61880373836198  
1418  -49.61886534718767  
1419  -49.61895018712551  
1420  -49.619039845166974  
1421  -49.61907465096121  
1422  -49.61915208244584  
1423  -49.619174962025134  
1424  -49.619266370427674  
1425  -49.61932268604614  
1426  -49.61937944755308  
1427  -49.61945753754532  
1428  -49.61937589744033  
1429  -49.61951006681221  
1430  -49.61959198215016  
1431  -49.619644789758766  
1432  -49.619721969744845  
1433  -49.61978630129063  
1434  -49.619848685677404  
1435  -49.619922177660044  
1436  -49.619974038785486  
1437  -49.620053001853016  
1438  -49.620122435088774  
1439  -49.62017042416506  
1440  -49.620253462455985  
1441  -49.62027320738296  
1442  -49.62037308931927  
1443  -49.620412738131364  
1444  -49.620461715034274  
1445  -49.62054884731694  
1446  -49.6205708676807  
1447  -49.62070350410391  
1448  -49.62074169091608  
1449  -49.62080868270549  
1450  -49.62087946923106  
1451  -49.62095988537876  
1452  -49.621012285909  
1453  -49.621080368607835  
1454  -49.62113391513801  
1455  -49.62118532405864  
1456  -49.621263083426655  
1457  -49.62130956886637  
1458  -49.62136533211602  
1459  -49.62143261725265  
1460  -49.62151422384899  
1461  -49.62154534922507  
1462  -49.62163450407235  
1463  -49.6217004743337  
1464  -49.621771394042256  
1465  -49.62183377380098  
1466  -49.62190426141764  
1467  -49.62196334680673  
1468  -49.6220382073428  
1469  -49.62210545874114  
1470  -49.62216310240579  
1471  -49.622169406242826  
1472  -49.62221747121361  
1473  -49.622296372360836  
1474  -49.622365451774016  
1475  -49.622430621178594  
1476  -49.62248701265254  
1477  -49.622555348145475  
1478  -49.622634744583145  
1479  -49.62269385601398  
1480  -49.622737370103515  
1481  -49.62288931970799  
1482  -49.62293174594351  
1483  -49.62299261759505  
1484  -49.62307361685922  
1485  -49.623135551802264  
1486  -49.623216384697045  
1487  -49.623261480062546  
1488  -49.62331995000276  
1489  -49.62336563211489  
1490  -49.623449083792806  
1491  -49.623486160489925  
1492  -49.62352667908199  
1493  -49.62359490647547  
1494  -49.62360083465953  
1495  -49.62364552235655  
1496  -49.62371595120459  
1497  -49.623762561438284  
1498  -49.62381143410743  
1499  -49.62386591266871  
1500  -49.62392610284323  
1501  -49.623998454034684  
1502  -49.62404610715843  
1503  -49.62410428500052  
1504  -49.62416121452918  
1505  -49.62421852269014  
1506  -49.62425652945799  
1507  -49.62431870102268  
1508  -49.624343794506075  
1509  -49.62443245185935  
1510  -49.62447104409817  
1511  -49.624508384738846  
1512  -49.62456560583468  
1513  -49.62455194233455  
1514  -49.6246130254563  
1515  -49.62469026960401  
1516  -49.62474125334695  
1517  -49.62480313564071  
1518  -49.624860426458824  
1519  -49.62490235887313  
1520  -49.62497695558428  
1521  -49.625021628602575  
1522  -49.62507014593177  
1523  -49.625164320606885  
1524  -49.625207894844905  
1525  -49.62526733900595  
1526  -49.62531909706586  
1527  -49.62544060541901  
1528  -49.62547562104592  
1529  -49.62556903535915  
1530  -49.62553566155189  
1531  -49.62561077279121  
1532  -49.6256667676975  
1533  -49.62574144048145  
1534  -49.625795072935205  
1535  -49.62585417107821  
1536  -49.62593801774346  
1537  -49.62599467502042  
1538  -49.62604739440535  
1539  -49.62610714437986  
1540  -49.62615836212876  
1541  -49.62619907348677  
1542  -49.62629530489302  
1543  -49.626331951634924  
1544  -49.626389498986434  
1545  -49.62644120025011  
1546  -49.626514655756004  
1547  -49.62657959768899  
1548  -49.62663563920433  
1549  -49.626676271936425  
1550  -49.62673659857735  
1551  -49.62678269645829  
1552  -49.626827108951396  
1553  -49.62688065537897  
1554  -49.6269626772453  
1555  -49.62700116753002  
1556  -49.62704308070526  
1557  -49.62710001242076  
1558  -49.627167077808  
1559  -49.62721519227595  
1560  -49.62726467945796  
1561  -49.62729984533975  
1562  -49.627339331110825  
1563  -49.62740552558162  
1564  -49.62746384383795  
1565  -49.62748834759624  
1566  -49.62756782658576  
1567  -49.627582592787945  
1568  -49.62763957352197  
1569  -49.62767916029953  
1570  -49.627725516090244  
1571  -49.627781439591956  
1572  -49.627623535574074  
1573  -49.62781271883623  
1574  -49.627880722478416  
1575  -49.62793102902239  
1576  -49.62798681433505  
1577  -49.62802736231877  
1578  -49.62805889947546  
1579  -49.62811290126599  
1580  -49.62814792804928  
1581  -49.62819683401327  
1582  -49.62823173115535  
1583  -49.628273757864974  
1584  -49.62830835305001  
1585  -49.628354140859095  
1586  -49.628377207513346  
1587  -49.6284227052741  
1588  -49.62844942194129  
1589  -49.62847707346602  
1590  -49.62853213985926  
1591  -49.62845120996406  
1592  -49.62855775511126  
1593  -49.62860811434265  
1594  -49.62864454106097  
1595  -49.62868509942467  
1596  -49.628723056858426  
1597  -49.628755687207565  
1598  -49.62880480359541  
1599  -49.628830449906864  
1600  -49.628866732033664  
1601  -49.62889653983353  
1602  -49.628924147539884  
1603  -49.6289752814709  
1604  -49.62901079819629  
1605  -49.62904179949475  
1606  -49.629065342381345  
1607  -49.62909540633687  
1608  -49.629126713279376  
1609  -49.62917814481487  
1610  -49.629200122902425  
1611  -49.62923109549888  
1612  -49.629261480227285  
1613  -49.62929848682491  
1614  -49.62933540088839  
1615  -49.62936681610583  
1616  -49.629402142884786  
1617  -49.62943709800078  
1618  -49.62947909866301  
1619  -49.629494115533156  
1620  -49.62953843035349  
1621  -49.62956778040843  
1622  -49.62959882941534  
1623  -49.62964083114689  
1624  -49.62965365016782  
1625  -49.62971665400326  
1626  -49.62973646802748  
1627  -49.62977346881996  
1628  -49.62980479806627  
1629  -49.62986422123708  
1630  -49.62989684355137  
1631  -49.62992920593336  
1632  -49.62997450233543  
1633  -49.62997942521773  
1634  -49.63001363858649  
1635  -49.630060076444714  
1636  -49.63009387463033  
1637  -49.63012605676426  
1638  -49.630156676563224  
1639  -49.63020315049873  
1640  -49.63023724315869  
1641  -49.63026835902404  
1642  -49.63031184404633  
1643  -49.63035771142824  
1644  -49.630387462192054  
1645  -49.630429334163274  
1646  -49.63046423176211  
1647  -49.63049518226158  
1648  -49.630550576455086  
1649  -49.6305644695097  
1650  -49.63060145324296  
1651  -49.63063457718355  
1652  -49.63067248546074  
1653  -49.630726866918074  
1654  -49.630667993533606  
1655  -49.63076099333513  
1656  -49.630829065346596  
1657  -49.63087243788351  
1658  -49.63092152604789  
1659  -49.63096516309176  
1660  -49.63100095082454  
1661  -49.63104294133927  
1662  -49.63108171380642  
1663  -49.631122477865844  
1664  -49.63118704805981  
1665  -49.6312190649647  
1666  -49.63125784314688  
1667  -49.63132227454983  
1668  -49.63135848244662  
1669  -49.63142272279415  
1670  -49.63148393952519  
1671  -49.63152157620841  
1672  -49.63157396412469  
1673  -49.63161742249019  
1674  -49.631666684051325  
1675  -49.631724315853226  
1676  -49.63176491971142  
1677  -49.631803742638894  
1678  -49.631887886316626  
1679  -49.63191778482762  
1680  -49.63196943794658  
1681  -49.632008101296904  
1682  -49.63207773396707  
1683  -49.63212293978324  
1684  -49.632164818695884  
1685  -49.632234337210505  
1686  -49.63224870196497  
1687  -49.63234516036829  
1688  -49.6323767620022  
1689  -49.632430192653345  
1690  -49.632503292327584  
1691  -49.63256907316366  
1692  -49.63262561537793  
1693  -49.63269186686685  
1694  -49.63274887241155  
1695  -49.63278604472511  
1696  -49.632890736259526  
1697  -49.632922903528446  
1698  -49.63297973663903  
1699  -49.633049450048134  
1700  -49.63312366238984  
1701  -49.63318661480464  
1702  -49.63326268957621  
1703  -49.6333211902333  
1704  -49.63338668671646  
1705  -49.633467546600926  
1706  -49.63354011224475  
1707  -49.633595777841535  
1708  -49.6337078995416  
1709  -49.63371145346535  
1710  -49.63375643565871  
1711  -49.6338038519413  
1712  -49.63391545249951  
1713  -49.633980573419954  
1714  -49.634071157777534  
1715  -49.63414491844597  
1716  -49.63422932129376  
1717  -49.63431894475499  
1718  -49.63437839980171  
1719  -49.63444881681696  
1720  -49.63450971166411  
1721  -49.63457918517372  
1722  -49.63466112517439  
1723  -49.63476290914582  
1724  -49.63482340774089  
1725  -49.63490796628189  
1726  -49.6349380551264  
1727  -49.63502168371669  
1728  -49.63507612047756  
1729  -49.63512882158283  
1730  -49.6352235868045  
1731  -49.635263719903904  
1732  -49.63543952736862  
1733  -49.63550321617098  
1734  -49.635580366947956  
1735  -49.63566603860249  
1736  -49.635773000058684  
1737  -49.63585923346856  
1738  -49.63596148164057  
1739  -49.636029133995244  
1740  -49.636097608246615  
1741  -49.63620842125816  
1742  -49.63627052811223  
1743  -49.63633909447533  
1744  -49.63646833288758  
1745  -49.63647902081946  
1746  -49.6365805874705  
1747  -49.636632462987585  
1748  -49.63669883728276  
1749  -49.63677959579227  
1750  -49.63673135084183  
1751  -49.63684340483365  
1752  -49.63695664247013  
1753  -49.637037730835395  
1754  -49.63715102059351  
1755  -49.637193842149365  
1756  -49.637277227949035  
1757  -49.63733714157894  
1758  -49.63740313247787  
1759  -49.63750326428751  
1760  -49.63741638949756  
1761  -49.6375585368884  
1762  -49.63763085436086  
1763  -49.63770127618494  
1764  -49.63776486923115  
1765  -49.63780304516064  
1766  -49.637907848632985  
1767  -49.63795604337097  
1768  -49.63800608444686  
1769  -49.63808770518862  
1770  -49.63801540675075  
1771  -49.63814549889212  
1772  -49.63825221225511  
1773  -49.63831924532729  
1774  -49.638405658951555  
1775  -49.63845630963332  
1776  -49.638542981183875  
1777  -49.63862012983608  
1778  -49.638671553005864  
1779  -49.6387697082514  
1780  -49.63882277908696  
1781  -49.63891957951269  
1782  -49.638966544696544  
1783  -49.63902861680479  
1784  -49.63902918720272  
1785  -49.63908093809599  
1786  -49.63916174560239  
1787  -49.639226129774364  
1788  -49.63929293875248  
1789  -49.639340399388175  
1790  -49.63940812888872  
1791  -49.63946427231404  
1792  -49.63951086794346  
1793  -49.63957079039938  
1794  -49.639646235123635  
1795  -49.63970030371659  
1796  -49.639765761578545  
1797  -49.63979912679285  
1798  -49.639870310351945  
1799  -49.63992045789958  
1800  -49.639964940967765  
1801  -49.64004685515151  
1802  -49.639866643079536  
1803  -49.640083659766916  
1804  -49.6401587359614  
1805  -49.64020843180554  
1806  -49.640270362376135  
1807  -49.64032270860005  
1808  -49.64036582621937  
1809  -49.640443819333846  
1810  -49.64047963488219  
1811  -49.64052133876328  
1812  -49.64058471678454  
1813  -49.640623714702684  
1814  -49.64070493181551  
1815  -49.640774995496955  
1816  -49.640813528133165  
1817  -49.64085725345817  
1818  -49.64090686404403  
1819  -49.64096719190976  
1820  -49.64101706383639  
1821  -49.64105346342149  
1822  -49.64110536759362  
1823  -49.64114994008327  
1824  -49.641195937030396  
1825  -49.641242971069055  
1826  -49.641277714328275  
1827  -49.64133952127849  
1828  -49.64139563072355  
1829  -49.64143225744573  
1830  -49.6414779394291  
1831  -49.6415207814652  
1832  -49.64157273181306  
1833  -49.64162478611681  
1834  -49.641655242701404  
1835  -49.641710638053254  
1836  -49.641766345702216  
1837  -49.64179474053354  
1838  -49.64184983049118  
1839  -49.641889745926925  
1840  -49.64193127814639  
1841  -49.641990360336614  
1842  -49.64202015860938  
1843  -49.642055812230566  
1844  -49.64213660349085  
1845  -49.6421583744  
1846  -49.64219138576921  
1847  -49.64224869510237  
1848  -49.642285599589535  
1849  -49.64235261150029  
1850  -49.642379191638895  
1851  -49.64244344028208  
1852  -49.64246412116724  
1853  -49.64250516005556  
1854  -49.64254435037731  
1855  -49.64259684992796  
1856  -49.64262808278003  
1857  -49.64265792740215  
1858  -49.64269683975914  
1859  -49.642739584353585  
1860  -49.64277455442093  
1861  -49.64282088843275  
1862  -49.64285168098894  
1863  -49.642887292863065  
1864  -49.64294674649147  
1865  -49.642974426658256  
1866  -49.64303452285065  
1867  -49.643041097029496  
1868  -49.643108479753636  
1869  -49.6431321053979  
1870  -49.64316128730672  
1871  -49.64320277396415  
1872  -49.64320452491452  
1873  -49.64323676138408  
1874  -49.64329467799475  
1875  -49.643330627523795  
1876  -49.643366112801466  
1877  -49.64339901041266  
1878  -49.64342968617884  
1879  -49.643475873824336  
1880  -49.64350891531547  
1881  -49.643535771709175  
1882  -49.64359311274564  
1883  -49.64361521247104  
1884  -49.64364722783248  
1885  -49.64367546058442  
1886  -49.64370115937982  
1887  -49.64374585331357  
1888  -49.64377363684194  
1889  -49.64380868033393  
1890  -49.64382861768433  
1891  -49.6438570338226  
1892  -49.643886648702725  
1893  -49.643931536222574  
1894  -49.64395799356294  
1895  -49.643985899638174  
1896  -49.64402293597855  
1897  -49.644025026903385  
1898  -49.64405020876376  
1899  -49.64408400078908  
1900  -49.64411813607838  
1901  -49.64414531236666  
1902  -49.644173041999736  
1903  -49.64420701556254  
1904  -49.64423477721288  
1905  -49.64426208552959  
1906  -49.64427860071588  
1907  -49.64432375970284  
1908  -49.64434373545401  
1909  -49.64436464861582  
1910  -49.64439569174787  
1911  -49.644365051030036  
1912  -49.6444154745413  
1913  -49.64444732996926  
1914  -49.64447187826562  
1915  -49.64449800727799  
1916  -49.644522117875795  
1917  -49.64454636480852  
1918  -49.64458570041519  
1919  -49.644605128441874  
1920  -49.64462753402  
1921  -49.644661166254295  
1922  -49.644683876980565  
1923  -49.64471556059692  
1924  -49.64473729610074  
1925  -49.64476279733311  
1926  -49.644783266468146  
1927  -49.6448094236929  
1928  -49.64482046980312  
1929  -49.64485592012964  
1930  -49.64487151437796  
1931  -49.64489511493544  
1932  -49.64492870039091  
1933  -49.644887792124486  
1934  -49.64494572754194  
1935  -49.644976692077904  
1936  -49.64499754767753  
1937  -49.645023246653544  
1938  -49.64503900333207  
1939  -49.645067885913775  
1940  -49.64508916000065  
1941  -49.64510408965396  
1942  -49.645132440305176  
1943  -49.64513707564744  
1944  -49.645178308483786  
1945  -49.645189113729394  
1946  -49.6452100755987  
1947  -49.645235042337  
1948  -49.64526484994858  
1949  -49.64528396019656  
1950  -49.64531037677448  
1951  -49.645323600434295  
1952  -49.64534599138242  
1953  -49.64536760528561  
1954  -49.645383292990495  
1955  -49.64541494825375  
1956  -49.64543822817801  
1957  -49.64545529241916  
1958  -49.64547258708451  
1959  -49.64549232956061  
1960  -49.64551422809758  
1961  -49.64553814881197  
1962  -49.64555219893758  
1963  -49.645572065646874  
1964  -49.645590655629256  
1965  -49.64561330041367  
1966  -49.64562862851008  
1967  -49.64564456575291  
1968  -49.6456598271494  
1969  -49.64568152604102  
1970  -49.64569678417258  
1971  -49.645711903553654  
1972  -49.64573243603859  
1973  -49.64575535739145  
1974  -49.64576990607588  
1975  -49.64578980918155  
1976  -49.64580752346242  
1977  -49.645824589954316  
1978  -49.64584981740809  
1979  -49.64586188659043  
1980  -49.645875331263035  
1981  -49.64590746961167  
1982  -49.645916514613276  
1983  -49.64592813953448  
1984  -49.64595296417048  
1985  -49.64596735728699  
1986  -49.64599507967068  
1987  -49.646009857296164  
1988  -49.64602782648621  
1989  -49.64603631507175  
1990  -49.64605219404446  
1991  -49.64607247608902  
1992  -49.64609171886887  
1993  -49.64610390597418  
1994  -49.646119516056466  
1995  -49.646134040303394  
1996  -49.64615292135452  
1997  -49.64617167466945  
1998  -49.646185686533194  
1999  -49.646198381628906  
2000  -49.64621991411214  
2001  -49.64623867135198  
2002  -49.64625158068412  
2003  -49.64626875226858  
2004  -49.646280607880804  
2005  -49.64629480942769  
2006  -49.64631666152785  
2007  -49.64632671923621  
2008  -49.64633857846333  
2009  -49.646357443271455  
2010  -49.64636787705383  
2011  -49.64638677215763  
2012  -49.64640458663044  
2013  -49.64641472714935  
2014  -49.646428678031896  
2015  -49.64644252924337  
2016  -49.64645603655419  
2017  -49.646474789940946  
2018  -49.64648418057271  
2019  -49.6464955666236  
2020  -49.64651866189308  
2021  -49.64652797115171  
2022  -49.646536803142226  
2023  -49.64654840155101  
2024  -49.646561449713396  
2025  -49.646579040188485  
2026  -49.64657388047698  
2027  -49.64659202927021  
2028  -49.646608399048  
2029  -49.646620789245134  
2030  -49.646635134354966  
2031  -49.64664641345855  
2032  -49.646660782799394  
2033  -49.646672086522265  
2034  -49.64668157076996  
2035  -49.64669700642582  
2036  -49.64671596274332  
2037  -49.646724983696835  
2038  -49.6467376551777  
2039  -49.64674928420693  
2040  -49.64676458368592  
2041  -49.6467806566408  
2042  -49.646789932331146  
2043  -49.64680029225872  
2044  -49.64681229960759  
2045  -49.646824248397785  
2046  -49.64684248292219  
2047  -49.64685785552743  
2048  -49.64687010092258  
2049  -49.64687990334427  
2050  -49.646890947304065  
2051  -49.64690865087816  
2052  -49.64692316192803  
2053  -49.64693204808716  
2054  -49.646943016701954  
2055  -49.64695585977864  
2056  -49.64696917550292  
2057  -49.64698343343542  
2058  -49.646991860047756  
2059  -49.64700308163215  
2060  -49.64702409036118  
2061  -49.64703091679236  
2062  -49.64704253702196  
2063  -49.64705261183218  
2064  -49.64706512683136  
2065  -49.64708325394916  
2066  -49.647060297731144  
2067  -49.64709339389644  
2068  -49.64710864124493  
2069  -49.64712002704454  
2070  -49.647134119317066  
2071  -49.647145122950924  
2072  -49.647160369836044  
2073  -49.64717171994885  
2074  -49.64718108002877  
2075  -49.64719612803942  
2076  -49.64721378992955  
2077  -49.647224723245735  
2078  -49.647240299531006  
2079  -49.64724904534908  
2080  -49.64726204925795  
2081  -49.64727463885928  
2082  -49.647283764753375  
2083  -49.64729852082138  
2084  -49.6473152116098  
2085  -49.647324035718235  
2086  -49.647338970713975  
2087  -49.647348123437155  
2088  -49.64736107236746  
2089  -49.64737581436946  
2090  -49.64738579887856  
2091  -49.64739839674811  
2092  -49.64741972140422  
2093  -49.64742877725846  
2094  -49.64744317125583  
2095  -49.64744493844527  
2096  -49.64746395717213  
2097  -49.64747191758441  
2098  -49.647481733686746  
2099  -49.647497188492814  
2100  -49.647484058481034  
2101  -49.6475075840315  
2102  -49.64752661913947  
2103  -49.64753831780998  
2104  -49.64755408489236  
2105  -49.64756659699539  
2106  -49.647577085168685  
2107  -49.647593847775376  
2108  -49.64760136178846  
2109  -49.647609659712096  
2110  -49.64762614659316  
2111  -49.64763497351376  
2112  -49.647651577104845  
2113  -49.64766646312335  
2114  -49.64767470852774  
2115  -49.6476884700231  
2116  -49.647696964327864  
2117  -49.64771055540198  
2118  -49.647720139864504  
2119  -49.64772762959213  
2120  -49.64774347619629  
2121  -49.64774941507869  
2122  -49.64776526871981  
2123  -49.64777244138061  
2124  -49.64778264275849  
2125  -49.647796110603885  
2126  -49.64780975436768  
2127  -49.64781833166688  
2128  -49.64783204611036  
2129  -49.64783995029897  
2130  -49.64785092909584  
2131  -49.647863812653334  
2132  -49.64787140870364  
2133  -49.64788318854405  
2134  -49.64789639118816  
2135  -49.64790785428548  
2136  -49.64791789238127  
2137  -49.64792489668718  
2138  -49.64793613757322  
2139  -49.647946686765  
2140  -49.64795259555957  
2141  -49.647966176698546  
2142  -49.64797126197973  
2143  -49.64798124356414  
2144  -49.647989851935804  
2145  -49.64799698247829  
2146  -49.64801215616231  
2147  -49.64800019349014  
2148  -49.64801980546295  
2149  -49.64802942376938  
2150  -49.64803761316309  
2151  -49.64804965277619  
2152  -49.64806054443  
2153  -49.64806959323679  
2154  -49.6480790592151  
2155  -49.648085827180104  
2156  -49.64809662668394  
2157  -49.64809891058755  
2158  -49.648114259682195  
2159  -49.64811937060081  
2160  -49.648127843537836  
2161  -49.64813842046973  
2162  -49.64814757028161  
2163  -49.64815863527249  
2164  -49.64816617602601  
2165  -49.64817515870898  
2166  -49.64817867403767  
2167  -49.648196189088374  
2168  -49.64820267432203  
2169  -49.64821106432081  
2170  -49.648223203333295  
2171  -49.64823341663809  
2172  -49.64824403842027  
2173  -49.648251112103196  
2174  -49.64826060578668  
2175  -49.64825934009735  
2176  -49.64826853691509  
2177  -49.64828061115185  
2178  -49.64828887177455  
2179  -49.64829882012205  
2180  -49.64830842913328  
2181  -49.64831785705737  
2182  -49.64832907987532  
2183  -49.64833700235952  
2184  -49.648342662468536  
2185  -49.64835734365715  
2186  -49.64836230304254  
2187  -49.648368782590644  
2188  -49.64837854614595  
2189  -49.648384712018185  
2190  -49.64839280582373  
2191  -49.648408110657385  
2192  -49.64841576725398  
2193  -49.64842311703051  
2194  -49.648433247416534  
2195  -49.64844591891316  
2196  -49.64845628506714  
2197  -49.648466257305806  
2198  -49.6484738998252  
2199  -49.64847900568676  
2200  -49.64849292140098  
2201  -49.64849613221089  
2202  -49.648504877992565  
2203  -49.64851090644866  
2204  -49.64851701954371  
2205  -49.648526320307596  
2206  -49.648529495126844  
2207  -49.64854833525967  
2208  -49.64855428491085  
2209  -49.64856224310137  
2210  -49.648571887439026  
2211  -49.64857364460242  
2212  -49.648590155451444  
2213  -49.64859520487492  
2214  -49.64860369977961  
2215  -49.64861546846377  
2216  -49.64861742216741  
2217  -49.64863326961026  
2218  -49.64863817556881  
2219  -49.648647761788105  
2220  -49.648658896185076  
2221  -49.64866928845543  
2222  -49.64867660196894  
2223  -49.648685193272954  
2224  -49.648692082975366  
2225  -49.64870438499361  
2226  -49.64871344860798  
2227  -49.64872240496249  
2228  -49.64873119437502  
2229  -49.648740605816506  
2230  -49.648751595679414  
2231  -49.64876070158288  
2232  -49.64877066365552  
2233  -49.648778672561335  
2234  -49.64878854233028  
2235  -49.6487981875247  
2236  -49.648807817271  
2237  -49.648813076897966  
2238  -49.64882354872472  
2239  -49.64883036525839  
2240  -49.64884029579027  
2241  -49.648850559254946  
2242  -49.64885603857892  
2243  -49.64886872869915  
2244  -49.648878004712024  
2245  -49.648886868538  
2246  -49.64889340920637  
2247  -49.6489005772174  
2248  -49.648903357167285  
2249  -49.64891929364576  
2250  -49.64892416097455  
2251  -49.648931342932485  
2252  -49.648941214890556  
2253  -49.648944505457855  
2254  -49.648958071982506  
2255  -49.648962628029345  
2256  -49.64897031701226  
2257  -49.64897951696517  
2258  -49.64899007722689  
2259  -49.648997666514454  
2260  -49.64900817756802  
2261  -49.649013277520844  
2262  -49.649021276486934  
2263  -49.649030096417476  
2264  -49.6490355116139  
2265  -49.64904881662032  
2266  -49.64905325243414  
2267  -49.64906358692811  
2268  -49.64906797876796  
2269  -49.6490765722434  
2270  -49.64908210245161  
2271  -49.64909174934798  
2272  -49.64909674075181  
2273  -49.64910303035345  
2274  -49.64911377733245  
2275  -49.64910583570215  
2276  -49.64911933259224  
2277  -49.64912862739693  
2278  -49.64913532683178  
2279  -49.649142850837336  
2280  -49.64914975612166  
2281  -49.64915739800855  
2282  -49.64916661488793  
2283  -49.6491722982757  
2284  -49.64917923793851  
2285  -49.649189207442475  
2286  -49.64919765202078  
2287  -49.649202841933935  
2288  -49.649210717452604  
2289  -49.64921703696423  
2290  -49.649225580312724  
2291  -49.64923347397549  
2292  -49.649241873940234  
2293  -49.64924630151954  
2294  -49.649254070422664  
2295  -49.649255955603714  
2296  -49.64926633718294  
2297  -49.64927131617561  
2298  -49.64927628918794  
2299  -49.649283913275575  
2300  -49.649268329643945  
2301  -49.649288612091674  
2302  -49.649298664410665  
2303  -49.64930559740321  
2304  -49.649313853922955  
2305  -49.64932064144539  
2306  -49.64932597416065  
2307  -49.64933389238846  
2308  -49.64933877123709  
2309  -49.64934420338356  
2310  -49.64935353181655  
2311  -49.64935867540608  
2312  -49.649364046223994  
2313  -49.649368891566084  
2314  -49.64937395510361  
2315  -49.64938179665094  
2316  -49.64939052007426  
2317  -49.64939691493571  
2318  -49.64940460439782  
2319  -49.64940996197597  
2320  -49.64941584772007  
2321  -49.64942654484588  
2322  -49.649431539876296  
2323  -49.64944036084798  
2324  -49.64944536837881  
2325  -49.64946029084249  
2326  -49.64946507926792  
2327  -49.64947199697526  
2328  -49.649474669167454  
2329  -49.64948383618593  
2330  -49.6494894702208  
2331  -49.649495213434214  
2332  -49.649504438132375  
2333  -49.64949360334613  
2334  -49.64950955270351  
2335  -49.64952002617593  
2336  -49.64952716890846  
2337  -49.64953620802113  
2338  -49.64954008848281  
2339  -49.64954651203434  
2340  -49.649552052169696  
2341  -49.64955758198606  
2342  -49.64956818235051  
2343  -49.64955578746741  
2344  -49.649573428100005  
2345  -49.64958138038155  
2346  -49.64958748148766  
2347  -49.64959463884617  
2348  -49.64960142964883  
2349  -49.64960763847206  
2350  -49.64961462432659  
2351  -49.64961963118082  
2352  -49.649627386214924  
2353  -49.64963344387871  
2354  -49.649639095404986  
2355  -49.64964448379469  
2356  -49.649650488721605  
2357  -49.649655438362245  
2358  -49.649663446226356  
2359  -49.649667144579844  
2360  -49.649671809263026  
2361  -49.649676467187824  
2362  -49.649682984382025  
2363  -49.64968912690409  
2364  -49.6496939367159  
2365  -49.649699443374764  
2366  -49.64970644533497  
2367  -49.64971096785172  
2368  -49.64971697673501  
2369  -49.649717991875065  
2370  -49.64972515332246  
2371  -49.64972872697522  
2372  -49.64973287662241  
2373  -49.64973879945121  
2374  -49.64972746164669  
2375  -49.649742526980674  
2376  -49.649749333098455  
2377  -49.64975381883999  
2378  -49.649760141925  
2379  -49.64976179624021  
2380  -49.64976906639465  
2381  -49.64977278681995  
2382  -49.64977757772839  
2383  -49.64978506287491  
2384  -49.649775969989435  
2385  -49.64978944826033  
2386  -49.649798225036605  
2387  -49.649804677899155  
2388  -49.6498118628467  
2389  -49.649816535500364  
2390  -49.64982091802459  
2391  -49.64982667801278  
2392  -49.64983063588169  
2393  -49.64983435556915  
2394  -49.649842710962645  
2395  -49.64984594077549  
2396  -49.64985114055185  
2397  -49.649858681140394  
2398  -49.649864323396606  
2399  -49.6498717661818  
2400  -49.64987634538355  
2401  -49.649881930221575  
2402  -49.6498875841567  
2403  -49.649895921194414  
2404  -49.6499008621673  
2405  -49.64990583429061  
2406  -49.64991328233804  
2407  -49.64992157326005  
2408  -49.649927898017616  
2409  -49.64993553145245  
2410  -49.64994154708164  
2411  -49.649946954395084  
2412  -49.649956401065076  
2413  -49.64996003006961  
2414  -49.6499661492941  
2415  -49.64997202043937  
2416  -49.6499768620196  
2417  -49.6499858209877  
2418  -49.64997666661498  
2419  -49.6499911471797  
2420  -49.64999911121861  
2421  -49.650004399116504  
2422  -49.65001132034034  
2423  -49.65001790314436  
2424  -49.650022799603235  
2425  -49.650029825232664  
2426  -49.65003443672757  
2427  -49.65003961072882  
2428  -49.65004654788683  
2429  -49.650050897919584  
2430  -49.65005915558428  
2431  -49.65006627890493  
2432  -49.650071256090435  
2433  -49.65007816115347  
2434  -49.65008309885279  
2435  -49.650089512570055  
2436  -49.650096611715384  
2437  -49.65010698166041  
2438  -49.65011140230325  
2439  -49.65011895866643  
2440  -49.65012054435281  
2441  -49.65012788693427  
2442  -49.65013208467701  
2443  -49.65013714576832  
2444  -49.65014366502793  
2445  -49.65014858744424  
2446  -49.65016220390288  
2447  -49.65016694203597  
2448  -49.650171699640694  
2449  -49.650178616364684  
2450  -49.65018677243646  
2451  -49.650192916305855  
2452  -49.650197833042874  
2453  -49.65020262432911  
2454  -49.65021068136718  
2455  -49.65021765646954  
2456  -49.65022402344985  
2457  -49.65022971256412  
2458  -49.650237414093006  
2459  -49.650243115620526  
2460  -49.650248160396515  
2461  -49.650253162699165  
2462  -49.650259310310524  
2463  -49.650262864450234  
2464  -49.65026982238515  
2465  -49.65027301171418  
2466  -49.65027854153481  
2467  -49.65028365995269  
2468  -49.650290594055306  
2469  -49.65029461589177  
2470  -49.65029919767634  
2471  -49.65030374182961  
2472  -49.650309543381574  
2473  -49.65031508599408  
2474  -49.65031976864798  
2475  -49.65032513646858  
2476  -49.6503306501784  
2477  -49.65033716990366  
2478  -49.650341469720296  
2479  -49.65034706852275  
2480  -49.6503535229231  
2481  -49.65035785652607  
2482  -49.650361758542154  
2483  -49.65036852697696  
2484  -49.65037293149964  
2485  -49.650378796027894  
2486  -49.65038371777644  
2487  -49.650388951668326  
2488  -49.65039363250347  
2489  -49.650398813879114  
2490  -49.650403478499875  
2491  -49.650408374165366  
2492  -49.65041367254969  
2493  -49.65041958659038  
2494  -49.650425091206316  
2495  -49.65042998762077  
2496  -49.65043583672836  
2497  -49.65044170240234  
2498  -49.65044651296412  
2499  -49.65045071141726  
2500  -49.650456532828855  
2501  -49.65045759208963  
2502  -49.65046536831465  
2503  -49.65046817000587  
2504  -49.65047275941594  
2505  -49.65047818361392  
2506  -49.65048368407223  
2507  -49.650487587872625  
2508  -49.65049361944236  
2509  -49.65049713272817  
2510  -49.65050132189516  
2511  -49.65050755988527  
2512  -49.650511103105686  
2513  -49.65051794991212  
2514  -49.650522773219514  
2515  -49.6505278960056  
2516  -49.650533431135756  
2517  -49.650537764460374  
2518  -49.65054229814846  
2519  -49.6505468117014  
2520  -49.650550772420864  
2521  -49.65055582304425  
2522  -49.65055777114379  
2523  -49.650564754579946  
2524  -49.650567770959036  
2525  -49.65057183984349  
2526  -49.65057776012373  
2527  -49.65057727793265  
2528  -49.650581878939484  
2529  -49.650587392915504  
2530  -49.65059160571834  
2531  -49.650596053266064  
2532  -49.65060110174016  
2533  -49.65060645647342  
2534  -49.65061290884657  
2535  -49.65061715171809  
2536  -49.65062020169484  
2537  -49.65062664114107  
2538  -49.650630668917444  
2539  -49.65063651657259  
2540  -49.650637514799215  
2541  -49.6506418725117  
2542  -49.65064906791311  
2543  -49.65065249662822  
2544  -49.65065909107035  
2545  -49.65066298370259  
2546  -49.65066763680613  
2547  -49.650671929468764  
2548  -49.65067506989855  
2549  -49.65068042978929  
2550  -49.65068643518172  
2551  -49.65069008211141  
2552  -49.6506952128873  
2553  -49.65069853029961  
2554  -49.650702260980815  
2555  -49.650708484754375  
2556  -49.650711605761536  
2557  -49.650717069342456  
2558  -49.65072207119123  
2559  -49.650728693135974  
2560  -49.65073250946614  
2561  -49.65073635371183  
2562  -49.650739409186166  
2563  -49.650744779620005  
2564  -49.65074954482108  
2565  -49.650753287059715  
2566  -49.65075875262449  
2567  -49.650765294266655  
2568  -49.650769251176015  
2569  -49.65077412221887  
2570  -49.650777917842774  
2571  -49.650781798911716  
2572  -49.65078799208582  
2573  -49.650791334895366  
2574  -49.650797706898054  
2575  -49.65079408724578  
2576  -49.65080096848605  
2577  -49.65080647795864  
2578  -49.65081113001732  
2579  -49.65081682639937  
2580  -49.65082103860365  
2581  -49.65082521584813  
2582  -49.650829315544534  
2583  -49.65083350139944  
2584  -49.65083653300986  
2585  -49.650843833904936  
2586  -49.650846704609194  
2587  -49.65085004470266  
2588  -49.65085506511433  
2589  -49.65085575975286  
2590  -49.65085922056213  
2591  -49.65086440695218  
2592  -49.65086815163376  
2593  -49.65087207883534  
2594  -49.65087646560116  
2595  -49.65088102900331  
2596  -49.6508869011244  
2597  -49.65089024165465  
2598  -49.65089426206324  
2599  -49.6508999583181  
2600  -49.650903047982524  
2601  -49.650906060888104  
2602  -49.65091133132373  
2603  -49.65091451548775  
2604  -49.650918797938324  
2605  -49.650925909421524  
2606  -49.65092960783751  
2607  -49.650933486786556  
2608  -49.65093815459752  
2609  -49.65094401404072  
2610  -49.65094908971469  
2611  -49.650952886680805  
2612  -49.65095663481388  
2613  -49.650961659927525  
2614  -49.6509664589837  
2615  -49.6509711194129  
2616  -49.650974909994964  
2617  -49.65097962616745  
2618  -49.65098351554645  
2619  -49.65098950871975  
2620  -49.650994141210624  
2621  -49.650998491024346  
2622  -49.65100276056043  
2623  -49.651008594711186  
2624  -49.65101274183409  
2625  -49.65101791347251  
2626  -49.651021473218684  
2627  -49.651025380678256  
2628  -49.65103023668981  
2629  -49.65103609558509  
2630  -49.651039631698175  
2631  -49.65104402449327  
2632  -49.65104753185797  
2633  -49.65105173385913  
2634  -49.651058855567484  
2635  -49.65106206986  
2636  -49.65106634359334  
2637  -49.651072352524864  
2638  -49.6510758744734  
2639  -49.651079451717266  
2640  -49.65108447643553  
2641  -49.651087850378545  
2642  -49.65108893591019  
2643  -49.65109562804855  
2644  -49.65109846187567  
2645  -49.651102920128764  
2646  -49.65110797727669  
2647  -49.651106634585396  
2648  -49.651111612543076  
2649  -49.65111612651347  
2650  -49.65111958988375  
2651  -49.651124403855874  
2652  -49.65112734367884  
2653  -49.651131969747844  
2654  -49.651135116976164  
2655  -49.65113778660486  
2656  -49.65114365694485  
2657  -49.65114281240683  
2658  -49.65114750485726  
2659  -49.65115198494975  
2660  -49.651155914275925  
2661  -49.65115921657017  
2662  -49.651163591064034  
2663  -49.65116812424995  
2664  -49.65117252370415  
2665  -49.65117576316112  
2666  -49.65118035236488  
2667  -49.65118458402203  
2668  -49.651188737410514  
2669  -49.65119216001408  
2670  -49.65119641660976  
2671  -49.65120094824488  
2672  -49.65120491671774  
2673  -49.6512082342125  
2674  -49.65121267637836  
2675  -49.65121501705349  
2676  -49.651217928253686  
2677  -49.6512221642003  
2678  -49.65122514150906  
2679  -49.651224653076945  
2680  -49.65122770316095  
2681  -49.65123133756381  
2682  -49.651233977694424  
2683  -49.65123790945533  
2684  -49.65124111755415  
2685  -49.651243718308756  
2686  -49.65124694257207  
2687  -49.65124940687244  
2688  -49.65125310345501  
2689  -49.65125352199399  
2690  -49.651256027002965  
2691  -49.65126026465218  
2692  -49.65126293511834  
2693  -49.65126660826256  
2694  -49.65126954512498  
2695  -49.6512720620102  
2696  -49.651275991630406  
2697  -49.65127840861769  
2698  -49.65128108813221  
2699  -49.65128499843319  
2700  -49.651287490251235  
2701  -49.65129062642258  
2702  -49.65129446973995  
2703  -49.651298542715075  
2704  -49.65130094574065  
2705  -49.651305447618455  
2706  -49.65130495579188  
2707  -49.65130761640942  
2708  -49.65131015249976  
2709  -49.65131448972649  
2710  -49.65131727921377  
2711  -49.65132085539953  
2712  -49.651324435248576  
2713  -49.65132772384474  
2714  -49.65133027861578  
2715  -49.65133449983161  
2716  -49.651337625541366  
2717  -49.65134009800038  
2718  -49.65134393839239  
2719  -49.651346224184486  
2720  -49.65134954519786  
2721  -49.65135229346085  
2722  -49.65135720637524  
2723  -49.65135929875795  
2724  -49.651362519506556  
2725  -49.65136330473907  
2726  -49.65136744699994  
2727  -49.651369881964825  
2728  -49.65137289494004  
2729  -49.65137630332096  
2730  -49.651371118994994  
2731  -49.65137814934738  
2732  -49.65138199714827  
2733  -49.651385351408535  
2734  -49.651389865033984  
2735  -49.651389108951335  
2736  -49.65139176647054  
2737  -49.65139461613358  
2738  -49.65139783715223  
2739  -49.651400823343316  
2740  -49.65140391670932  
2741  -49.651406666555  
2742  -49.65140897744251  
2743  -49.65141176999778  
2744  -49.65141502984557  
2745  -49.65141790577166  
2746  -49.651421099460315  
2747  -49.65142342362062  
2748  -49.65142660569156  
2749  -49.651428039722276  
2750  -49.65143162920173  
2751  -49.65143368462169  
2752  -49.65143567497303  
2753  -49.651438999020556  
2754  -49.651431672160356  
2755  -49.651440788660715  
2756  -49.65144414048607  
2757  -49.65144640837897  
2758  -49.6514490124417  
2759  -49.65145121721585  
2760  -49.65145312031894  
2761  -49.65145649854951  
2762  -49.6514583040734  
2763  -49.65145985881244  
2764  -49.65146279742168  
2765  -49.65146496974599  
2766  -49.65146882498302  
2767  -49.65147061715645  
2768  -49.651472999095496  
2769  -49.65147553281294  
2770  -49.65147774195194  
2771  -49.65148001272219  
2772  -49.65148324997125  
2773  -49.65148512097299  
2774  -49.65148729288401  
2775  -49.65148881805916  
2776  -49.651491354698564  
2777  -49.651493717704845  
2778  -49.65149544258673  
2779  -49.65149838293388  
2780  -49.65150182407081  
2781  -49.65150404327298  
2782  -49.65150606267971  
2783  -49.65150821283018  
2784  -49.65150988981605  
2785  -49.651512991130545  
2786  -49.65151548750702  
2787  -49.65151857436259  
2788  -49.65152082278816  
2789  -49.65152315060439  
2790  -49.65152565562526  
2791  -49.65152852024291  
2792  -49.65153159630323  
2793  -49.65153429628574  
2794  -49.6515357390522  
2795  -49.65153949840565  
2796  -49.65153906429613  
2797  -49.651541278556145  
2798  -49.65154254519054  
2799  -49.651545977021584  
2800  -49.65154756422105  
2801  -49.65154929301712  
2802  -49.65155125464361  
2803  -49.65155281616931  
2804  -49.65155592127653  
2805  -49.65155807385813  
2806  -49.65156004391159  
2807  -49.65156196764263  
2808  -49.65156411659881  
2809  -49.651566385194336  
2810  -49.651568992720044  
2811  -49.65157037275494  
2812  -49.651573129174075  
2813  -49.65157495737057  
2814  -49.65157717348645  
2815  -49.65157969393818  
2816  -49.651581283904555  
2817  -49.65158391178453  
2818  -49.65158675958717  
2819  -49.6515893270786  
2820  -49.65159097529317  
2821  -49.65159263142601  
2822  -49.65159463250991  
2823  -49.6515972583462  
2824  -49.65159960804812  
2825  -49.65160146807896  
2826  -49.65160384072073  
2827  -49.65160647717391  
2828  -49.65160924795463  
2829  -49.6516110256561  
2830  -49.65161318004644  
2831  -49.651615620383396  
2832  -49.65161783348718  
2833  -49.65161934446972  
2834  -49.65162229079653  
2835  -49.65162151164022  
2836  -49.65162377357649  
2837  -49.65162555101483  
2838  -49.65162794066538  
2839  -49.651630029794106  
2840  -49.651632606206846  
2841  -49.65163500330557  
2842  -49.651637387450776  
2843  -49.651639142523145  
2844  -49.65164150572707  
2845  -49.651643632517185  
2846  -49.651646094761276  
2847  -49.65164833668164  
2848  -49.651650298226585  
2849  -49.65165165941671  
2850  -49.65165470622004  
2851  -49.65165625591881  
2852  -49.651658180830175  
2853  -49.65166045846872  
2854  -49.65166316114202  
2855  -49.65166502768115  
2856  -49.651667399904134  
2857  -49.65166943535682  
2858  -49.65167156296366  
2859  -49.65167455031065  
2860  -49.65167612245212  
2861  -49.65167811821386  
2862  -49.651681100207355  
2863  -49.65168344150341  
2864  -49.65168480843864  
2865  -49.65168809308605  
2866  -49.651689389509585  
2867  -49.65169111629855  
2868  -49.65169357506403  
2869  -49.6516952552443  
2870  -49.65169712400699  
2871  -49.65169992079541  
2872  -49.651701422103244  
2873  -49.65170336232237  
2874  -49.65170534187635  
2875  -49.6517077219  
2876  -49.651709464830574  
2877  -49.65171138377789  
2878  -49.65171308641076  
2879  -49.651714993377794  
2880  -49.65171721255723  
2881  -49.65171859350387  
2882  -49.65172006069018  
2883  -49.65172176478696  
2884  -49.65172302183873  
2885  -49.65172553417298  
2886  -49.65172733853601  
2887  -49.65172870548033  
2888  -49.6517298904752  
2889  -49.651731399816796  
2890  -49.65173348110733  
2891  -49.65173541427911  
2892  -49.651736572903886  
2893  -49.65173829378131  
2894  -49.65173979494258  
2895  -49.65174155041849  
2896  -49.6517433848449  
2897  -49.65174498265513  
2898  -49.651746175512194  
2899  -49.65174842495414  
2900  -49.651749622727095  
2901  -49.6517508301166  
2902  -49.65175211228089  
2903  -49.65175342049699  
2904  -49.6517555236212  
2905  -49.65175743779171  
2906  -49.651758859109684  
2907  -49.65176029754148  
2908  -49.65176155038264  
2909  -49.651763845633646  
2910  -49.651765138904324  
2911  -49.651767036365456  
2912  -49.65176799783482  
2913  -49.65176938474227  
2914  -49.65177070999288  
2915  -49.6517728342108  
2916  -49.651774240957536  
2917  -49.65177549071353  
2918  -49.651777322648186  
2919  -49.65177945624493  
2920  -49.65178099903071  
2921  -49.651782512074554  
2922  -49.651783788436184  
2923  -49.65178487301114  
2924  -49.65178714790646  
2925  -49.65178733358422  
2926  -49.65178920991708  
2927  -49.65179011673802  
2928  -49.65179121232035  
2929  -49.651792550540996  
2930  -49.65178902008246  
2931  -49.65179330328159  
2932  -49.65179489068703  
2933  -49.65179586484984  
2934  -49.65179725170117  
2935  -49.6517980562328  
2936  -49.65179936205477  
2937  -49.65180048546214  
2938  -49.65180131488901  
2939  -49.651802674875924  
2940  -49.65180410318068  
2941  -49.65180518187385  
2942  -49.651806465233754  
2943  -49.65180730667631  
2944  -49.65180822995462  
2945  -49.65180977548492  
2946  -49.65181066955242  
2947  -49.65181126531608  
2948  -49.65181299126575  
2949  -49.65181365460724  
2950  -49.651814476095275  
2951  -49.65181601479164  
2952  -49.651816685288125  
2953  -49.65181808080619  
2954  -49.651818978322886  
2955  -49.65182004746362  
2956  -49.65182093874424  
2957  -49.65182173703605  
2958  -49.65182255287901  
2959  -49.65182380916116  
2960  -49.65182444504638  
2961  -49.6518253146451  
2962  -49.65182661217019  
2963  -49.651828022820055  
2964  -49.651829118235845  
2965  -49.65183029679667  
2966  -49.651831147191096  
2967  -49.651832411945755  
2968  -49.65183358816233  
2969  -49.651835143679705  
2970  -49.651835852543435  
2971  -49.6518372867485  
2972  -49.651837656118076  
2973  -49.65183894340777  
2974  -49.65183967700815  
2975  -49.65184060077983  
2976  -49.65184197561052  
2977  -49.651837780329075  
2978  -49.65184257441225  
2979  -49.651843915916736  
2980  -49.65184494573296  
2981  -49.651846061540404  
2982  -49.651847048847635  
2983  -49.65184796775796  
2984  -49.6518495166148  
2985  -49.651850436077815  
2986  -49.65185123734995  
2987  -49.65185261633043  
2988  -49.651853523223025  
2989  -49.65185490245717  
2990  -49.65185599783596  
2991  -49.6518567789146  
2992  -49.651857789346174  
2993  -49.65185875198538  
2994  -49.651859896369395  
2995  -49.651860813035086  
2996  -49.65186154638362  
2997  -49.65186252211542  
2998  -49.65186361844546  
2999  -49.65186439990055  
3000  -49.65186555734405  
3001  -49.65186592191047  
3002  -49.65186738867069  
3003  -49.651867986433736  
3004  -49.65186872874609  
3005  -49.65186995528756  
3006  -49.651869831704936  
3007  -49.651870814874705  
3008  -49.65187186510517  
3009  -49.65187254596731  
3010  -49.65187336265557  
3011  -49.65187432771201  
3012  -49.651875363287374  
3013  -49.65187645760719  
3014  -49.65187721802269  
3015  -49.651878077184726  
3016  -49.65187918815426  
3017  -49.65188046144025  
3018  -49.651880988085004  
3019  -49.65188230359842  
3020  -49.651882724137835  
3021  -49.65188375359712  
3022  -49.651884393856  
3023  -49.65188506644959  
3024  -49.65188622913207  
3025  -49.651885320205494  
3026  -49.65188692249439  
3027  -49.65188791197588  
3028  -49.6518886597717  
3029  -49.651889678714895  
3030  -49.651890647484876  
3031  -49.65189148627319  
3032  -49.65189260437601  
3033  -49.65189331211696  
3034  -49.65189404585426  
3035  -49.65189537823689  
3036  -49.651895966248986  
3037  -49.65189660291299  
3038  -49.65189742067946  
3039  -49.65189814917893  
3040  -49.651899402891694  
3041  -49.65189621840176  
3042  -49.651899928667085  
3043  -49.65190108618855  
3044  -49.65190201305935  
3045  -49.65190310745268  
3046  -49.65190403158451  
3047  -49.651904576360295  
3048  -49.651905672509635  
3049  -49.651906456006024  
3050  -49.65190733452695  
3051  -49.65190833425015  
3052  -49.65190897568341  
3053  -49.65190986100692  
3054  -49.65191070846163  
3055  -49.65191169994192  
3056  -49.65191225800654  
3057  -49.651913170342475  
3058  -49.65191341767302  
3059  -49.651914450010096  
3060  -49.65191505336464  
3061  -49.65191584657953  
3062  -49.65191700587261  
3063  -49.65191609608613  
3064  -49.65191766167869  
3065  -49.65191893838765  
3066  -49.651919817733024  
3067  -49.65192079161812  
3068  -49.651921440532135  
3069  -49.65192212000496  
3070  -49.65192301200032  
3071  -49.65192360547338  
3072  -49.65192457281349  
3073  -49.65192546782211  
3074  -49.651926198471294  
3075  -49.65192712555221  
3076  -49.6519277398994  
3077  -49.65192846455768  
3078  -49.65192926567957  
3079  -49.65192995027145  
3080  -49.65193082799711  
3081  -49.6519321821494  
3082  -49.65193278619291  
3083  -49.65193369932284  
3084  -49.65193475534101  
3085  -49.65193587423327  
3086  -49.65193677400201  
3087  -49.65193780809234  
3088  -49.65193848897909  
3089  -49.65193932315202  
3090  -49.651940490688894  
3091  -49.65194131186385  
3092  -49.6519421367653  
3093  -49.65194348785632  
3094  -49.651944240287314  
3095  -49.65194477360529  
3096  -49.651946470910616  
3097  -49.651947100301264  
3098  -49.651947875355425  
3099  -49.65194890584951  
3100  -49.65194956505029  
3101  -49.65195062619026  
3102  -49.65195178403284  
3103  -49.6519525602525  
3104  -49.65195354723019  
3105  -49.651954339361446  
3106  -49.65195530466757  
3107  -49.651956130328486  
3108  -49.65195674678699  
3109  -49.651956823709085  
3110  -49.651957432642746  
3111  -49.65195833445212  
3112  -49.651958879106125  
3113  -49.65195971493383  
3114  -49.651960400681205  
3115  -49.65196106854681  
3116  -49.65196186782867  
3117  -49.651962469441564  
3118  -49.651963462527085  
3119  -49.65196426786973  
3120  -49.65196514501579  
3121  -49.65196562921307  
3122  -49.65196635848775  
3123  -49.65196705039592  
3124  -49.651967807078954  
3125  -49.6519686319646  
3126  -49.65196924215123  
3127  -49.65196994177068  
3128  -49.651971024108384  
3129  -49.65197151095471  
3130  -49.65197228571179  
3131  -49.651972714847695  
3132  -49.65197358975324  
3133  -49.65197409723244  
3134  -49.65197455168441  
3135  -49.651975432112536  
3136  -49.651975025935506  
3137  -49.65197596239788  
3138  -49.65197691155915  
3139  -49.6519776146652  
3140  -49.65197832050404  
3141  -49.65197893585005  
3142  -49.65197944177639  
3143  -49.65198027921177  
3144  -49.65198077958889  
3145  -49.65198128854536  
3146  -49.65198198828546  
3147  -49.65198238295794  
3148  -49.65198299437851  
3149  -49.651983776679124  
3150  -49.651984100373404  
3151  -49.65198468926739  
3152  -49.651985153396424  
3153  -49.651985950713026  
3154  -49.651986437080694  
3155  -49.65198692345097  
3156  -49.651987606779365  
3157  -49.6519881481517  
3158  -49.65198879246175  
3159  -49.65198922041869  
3160  -49.6519896723618  
3161  -49.65198999599611  
3162  -49.65199081388177  
3163  -49.65199113319948  
3164  -49.651991561609556  
3165  -49.65199218107962  
3166  -49.65199226515416  
3167  -49.65199267514439  
3168  -49.65199328607927  
3169  -49.651993752705486  
3170  -49.65199425068235  
3171  -49.65199476353857  
3172  -49.65199535594122  
3173  -49.65199596607209  
3174  -49.651996421842895  
3175  -49.651997087218135  
3176  -49.65199768524921  
3177  -49.651998281602886  
3178  -49.65199890213186  
3179  -49.65199946859282  
3180  -49.65199998203514  
3181  -49.65200042941441  
3182  -49.652000957229674  
3183  -49.65200158813477  
3184  -49.65200207811761  
3185  -49.652002554355704  
3186  -49.652003209909445  
3187  -49.65200377677939  
3188  -49.65200427292918  
3189  -49.65200480168421  
3190  -49.65200535547096  
3191  -49.65200602931226  
3192  -49.6520065412234  
3193  -49.65200703348094  
3194  -49.652007554472384  
3195  -49.652007911345095  
3196  -49.65200856299311  
3197  -49.65200879301446  
3198  -49.65200921494363  
3199  -49.652009767602344  
3200  -49.652010260871506  
3201  -49.65201065749931  
3202  -49.65201114771778  
3203  -49.65201151070648  
3204  -49.652012160065645  
3205  -49.65201272894767  
3206  -49.65201325981619  
3207  -49.65201378909387  
3208  -49.65201423685405  
3209  -49.652014730824824  
3210  -49.65201526499984  
3211  -49.65201576670357  
3212  -49.65201622919619  
3213  -49.65201677685211  
3214  -49.65201729342688  
3215  -49.652017821494134  
3216  -49.652018531216314  
3217  -49.652018852693004  
3218  -49.652019281296454  
3219  -49.65202000957711  
3220  -49.652020414147145  
3221  -49.652021058000116  
3222  -49.652021661439676  
3223  -49.652022316683485  
3224  -49.65202273793288  
3225  -49.65202333363743  
3226  -49.65202375379101  
3227  -49.65202412694796  
3228  -49.65202458871939  
3229  -49.65202500196359  
3230  -49.65202561131173  
3231  -49.652026203466576  
3232  -49.65202655719803  
3233  -49.6520271119172  
3234  -49.65202757071485  
3235  -49.652028076588316  
3236  -49.65202865198393  
3237  -49.65202911771191  
3238  -49.652029686161924  
3239  -49.652030230401344  
3240  -49.652030640830226  
3241  -49.6520312574257  
3242  -49.65203169047042  
3243  -49.652032387486884  
3244  -49.65203275646186  
3245  -49.6520332201361  
3246  -49.65203402300155  
3247  -49.652034596907924  
3248  -49.65203510013509  
3249  -49.652035502092566  
3250  -49.65203591590157  
3251  -49.652036540082236  
3252  -49.65203719503117  
3253  -49.652037580396915  
3254  -49.65203808668615  
3255  -49.65203854939636  
3256  -49.6520391269763  
3257  -49.65203969099139  
3258  -49.6520401553791  
3259  -49.652040589208355  
3260  -49.65204137596039  
3261  -49.65204171094884  
3262  -49.65204217079302  
3263  -49.65204284642238  
3264  -49.65204307019501  
3265  -49.65204376479304  
3266  -49.65204399742418  
3267  -49.652044498410014  
3268  -49.65204493999322  
3269  -49.65204552404004  
3270  -49.65204588522249  
3271  -49.652046248374  
3272  -49.65204685046654  
3273  -49.65204750527666  
3274  -49.65204804402707  
3275  -49.65204851180324  
3276  -49.6520488582039  
3277  -49.65204928358075  
3278  -49.6520499676112  
3279  -49.65205002646703  
3280  -49.65205072833225  
3281  -49.65205102257385  
3282  -49.65205142482732  
3283  -49.652051884505134  
3284  -49.652051941198515  
3285  -49.65205233885036  
3286  -49.652053088065614  
3287  -49.65205352887715  
3288  -49.652053930015654  
3289  -49.65205433408557  
3290  -49.65205492138473  
3291  -49.65205539472355  
3292  -49.65205575004051  
3293  -49.65205619079584  
3294  -49.65205669660762  
3295  -49.65205726841711  
3296  -49.65205770924818  
3297  -49.65205819574728  
3298  -49.65205867172718  
3299  -49.652059186833576  
3300  -49.6520596605987  
3301  -49.65205998852952  
3302  -49.652060448895114  
3303  -49.65206094470482  
3304  -49.652061560099035  
3305  -49.65206178004983  
3306  -49.652062332583725  
3307  -49.652062339879386  
3308  -49.65206266507038  
3309  -49.65206308493897  
3310  -49.652063640278705  
3311  -49.652063957898015  
3312  -49.65206436373262  
3313  -49.6520649147565  
3314  -49.65206535258668  
3315  -49.65206577077056  
3316  -49.65206640909939  
3317  -49.652066818816074  
3318  -49.65206725443637  
3319  -49.65206747052428  
3320  -49.65206813892599  
3321  -49.65206848239283  
3322  -49.652068872199536  
3323  -49.652069487318656  
3324  -49.65206883100384  
3325  -49.652069854819466  
3326  -49.652070428823045  
3327  -49.652070779025586  
3328  -49.65207129917044  
3329  -49.65207168571136  
3330  -49.65207208541336  
3331  -49.65207252462151  
3332  -49.65207283318971  
3333  -49.65207329583967  
3334  -49.65207394798541  
3335  -49.65207423783302  
3336  -49.65207468855972  
3337  -49.652075006415  
3338  -49.65207554017698  
3339  -49.652075928565885  
3340  -49.652076242037985  
3341  -49.6520769480827  
3342  -49.65207630506033  
3343  -49.65207729499281  
3344  -49.65207782804142  
3345  -49.652078225559386  
3346  -49.652078772488096  
3347  -49.65207923604499  
3348  -49.65207964910146  
3349  -49.652080156313126  
3350  -49.65208048627533  
3351  -49.65208110911644  
3352  -49.652081624492844  
3353  -49.652082122323975  
3354  -49.65208261221312  
3355  -49.65208296541298  
3356  -49.65208333806674  
3357  -49.652083754122586  
3358  -49.65208408126151  
3359  -49.65208456202092  
3360  -49.65208496663631  
3361  -49.65208538729308  
3362  -49.652085664860635  
3363  -49.65208612887253  
3364  -49.65208647933273  
3365  -49.65208694238062  
3366  -49.65208731455189  
3367  -49.65208770371891  
3368  -49.65208798484137  
3369  -49.65208860900571  
3370  -49.65208889424595  
3371  -49.652089250273704  
3372  -49.652089788968894  
3373  -49.652089857451394  
3374  -49.6520901721761  
3375  -49.65209056454331  
3376  -49.652090883794834  
3377  -49.652091246120236  
3378  -49.65209166176755  
3379  -49.652092039175656  
3380  -49.652092467178825  
3381  -49.6520927615064  
3382  -49.65209315251586  
3383  -49.65209360767843  
3384  -49.65209397868393  
3385  -49.65209425913038  
3386  -49.65209485814075  
3387  -49.65209518770777  
3388  -49.65209548156227  
3389  -49.65209588186704  
3390  -49.65209618486312  
3391  -49.6520964990494  
3392  -49.65209703289903  
3393  -49.65209734339014  
3394  -49.65209772870057  
3395  -49.65209816291267  
3396  -49.652098666339505  
3397  -49.65209902901755  
3398  -49.65209956290466  
3399  -49.65209988120076  
3400  -49.65210019948539  
3401  -49.65210063586842  
3402  -49.652100911426295  
3403  -49.652101430076215  
3404  -49.652101737695894  
3405  -49.65210212524656  
3406  -49.652102546745404  
3407  -49.65210285567774  
3408  -49.65210301597117  
3409  -49.6521035690179  
3410  -49.65210385343837  
3411  -49.65210427686282  
3412  -49.65210475383997  
3413  -49.652104771034026  
3414  -49.65210508678627  
3415  -49.65210544038745  
3416  -49.6521057477099  
3417  -49.65210612279318  
3418  -49.65210630234481  
3419  -49.652106749294425  
3420  -49.65210696189278  
3421  -49.65210719837839  
3422  -49.652107637025544  
3423  -49.65210703691295  
3424  -49.652107878928796  
3425  -49.652108356745956  
3426  -49.65210869270933  
3427  -49.652109007886665  
3428  -49.65210931266553  
3429  -49.652109667796715  
3430  -49.65211016917684  
3431  -49.65211046242363  
3432  -49.65211068560537  
3433  -49.6521112012004  
3434  -49.65211149658804  
3435  -49.652111862242585  
3436  -49.65211236863033  
3437  -49.65211269791688  
3438  -49.652112960607695  
3439  -49.65211360307673  
3440  -49.652113876900806  
3441  -49.65211424306852  
3442  -49.652114902325565  
3443  -49.65211521638283  
3444  -49.6521157305312  
3445  -49.652116068024164  
3446  -49.65211663706179  
3447  -49.65211695880796  
3448  -49.6521173283058  
3449  -49.65211764174487  
3450  -49.652118222098046  
3451  -49.65211855538637  
3452  -49.652118950273795  
3453  -49.652119460153024  
3454  -49.65211998715021  
3455  -49.652120357594185  
3456  -49.652120811424844  
3457  -49.6521212008065  
3458  -49.652121737882  
3459  -49.65212216525969  
3460  -49.652122594333164  
3461  -49.6521229106536  
3462  -49.6521235147565  
3463  -49.65212347939374  
3464  -49.65212381229918  
3465  -49.652124221513596  
3466  -49.652124645934244  
3467  -49.652125041622185  
3468  -49.65212548177677  
3469  -49.65212593070325  
3470  -49.65212637903078  
3471  -49.65212675507134  
3472  -49.652127105821165  
3473  -49.652127643810886  
3474  -49.65212807871851  
3475  -49.652128379351694  
3476  -49.652128837749764  
3477  -49.65212919170131  
3478  -49.652129696629956  
3479  -49.652130196266114  
3480  -49.65213064237385  
3481  -49.652130950401144  
3482  -49.65213146299865  
3483  -49.65213175376006  
3484  -49.65213219704658  
3485  -49.652132661034614  
3486  -49.65213300947626  
3487  -49.65213330983398  
3488  -49.65213389670261  
3489  -49.65213419540486  
3490  -49.65213454555035  
3491  -49.65213508676622  
3492  -49.65213378729992  
3493  -49.6521353365698  
3494  -49.6521358638581  
3495  -49.652136219803474  
3496  -49.652136697558795  
3497  -49.652137083304915  
3498  -49.652137374100604  
3499  -49.652137871510085  
3500  -49.652138211962374  
3501  -49.65213854802379  
3502  -49.65213916042219  
3503  -49.652139545405106  
3504  -49.652139846082434  
3505  -49.65214023864194  
3506  -49.65214054972086  
3507  -49.652140934530344  
3508  -49.65214155253267  
3509  -49.652141894820595  
3510  -49.65214223163674  
3511  -49.65214266703102  
3512  -49.65214319996389  
3513  -49.652143605201765  
3514  -49.6521440258455  
3515  -49.65214439981867  
3516  -49.65214471660196  
3517  -49.652145240929116  
3518  -49.65214553108005  
3519  -49.65214581425518  
3520  -49.65214625368598  
3521  -49.65214657336664  
3522  -49.65214680754362  
3523  -49.65214756228576  
3524  -49.65214786533463  
3525  -49.652148209280845  
3526  -49.65214874378857  
3527  -49.6521490620289  
3528  -49.65214980494204  
3529  -49.65215002633889  
3530  -49.652150479112535  
3531  -49.65215069226408  
3532  -49.65215137522222  
3533  -49.652151673312986  
3534  -49.65215202455816  
3535  -49.65215250812586  
3536  -49.65215302565102  
3537  -49.652153426115404  
3538  -49.65215395385649  
3539  -49.65215422173672  
3540  -49.65215460858174  
3541  -49.65215508766723  
3542  -49.652155386317084  
3543  -49.652155675504225  
3544  -49.652156434227926  
3545  -49.652156703725744  
3546  -49.652157093151494  
3547  -49.6521575694928  
3548  -49.6521581104571  
3549  -49.652158451343254  
3550  -49.65215880873219  
3551  -49.652159144167975  
3552  -49.652159525759814  
3553  -49.65215992049389  
3554  -49.652160305129335  
3555  -49.65216053173842  
3556  -49.652161155770706  
3557  -49.65216113748444  
3558  -49.65216142064239  
3559  -49.65216173452431  
3560  -49.65216221849999  
3561  -49.65216253326315  
3562  -49.652162904521944  
3563  -49.65216327939828  
3564  -49.65216372184029  
3565  -49.65216406749888  
3566  -49.65216438468164  
3567  -49.652164840550334  
3568  -49.65216521875492  
3569  -49.65216562131968  
3570  -49.65216612840854  
3571  -49.6521665363673  
3572  -49.652166874493524  
3573  -49.652167340649804  
3574  -49.65216764973263  
3575  -49.652168159969285  
3576  -49.65216859308378  
3577  -49.65216897309127  
3578  -49.65216944531713  
3579  -49.65216986422617  
3580  -49.652170175550985  
3581  -49.65217063566315  
3582  -49.65217098699663  
3583  -49.65217142507912  
3584  -49.65217198857809  
3585  -49.65217243311905  
3586  -49.6521726825769  
3587  -49.65217339972286  
3588  -49.65217355407538  
3589  -49.65217401690987  
3590  -49.65217430864629  
3591  -49.65217471139023  
3592  -49.65217518649354  
3593  -49.65217446248688  
3594  -49.652175473746944  
3595  -49.652176076624784  
3596  -49.65217653085675  
3597  -49.65217708743588  
3598  -49.65217726538677  
3599  -49.65217773951387  
3600  -49.65217805685799  
