0  4.026300338272797  
1  0.4854276322346308  
2  -5.683255648158972  
3  -13.359071913141552  
4  -13.9935486112503  
5  -20.19714619727311  
6  -21.945438902004902  
7  -25.1687161367837  
8  -28.641428400453055  
9  -31.204764400680535  
10  -35.49039750314419  
11  -35.07902622902532  
12  -37.086699835832086  
13  -38.35360327207951  
14  -39.689116273473886  
15  -40.776667717024935  
16  -41.83986254963608  
17  -42.53343828971856  
18  -43.24404303781142  
19  -43.74458926828438  
20  -44.22005831974757  
21  -44.8485583308209  
22  -45.240948464804106  
23  -45.68335613813943  
24  -45.95381339500496  
25  -46.19165229117045  
26  -46.49581075587006  
27  -46.610670667724555  
28  -46.77364090240373  
29  -46.91033745215673  
30  -47.020106756531526  
31  -47.13315857421368  
32  -47.26782232893395  
33  -47.322803448037455  
34  -47.41609877611244  
35  -47.446272056515205  
36  -47.5205131445671  
37  -47.55736164156264  
38  -47.601204743450076  
39  -47.66741054839186  
40  -47.56856051626154  
41  -47.69847719989042  
42  -47.753944276385496  
43  -47.793532063248676  
44  -47.83646245469436  
45  -47.86355129656757  
46  -47.896761543671325  
47  -47.925208249687614  
48  -47.94640524091156  
49  -47.98434156879415  
50  -48.007358802884454  
51  -48.029741821694564  
52  -48.04571435715097  
53  -48.063756816637586  
54  -48.08110793915488  
55  -48.100647202102884  
56  -48.11123036213605  
57  -48.12261100525727  
58  -48.12750102732263  
59  -48.14570908584038  
60  -48.151918692001175  
61  -48.159284893638855  
62  -48.169656406878346  
63  -48.15537731408797  
64  -48.17547194495432  
65  -48.18618866357246  
66  -48.193851305490504  
67  -48.20312958823258  
68  -48.20733598327277  
69  -48.21555525021732  
70  -48.22173962394883  
71  -48.22805020242592  
72  -48.239131625340775  
73  -48.24590861120407  
74  -48.25787547307879  
75  -48.265116475067245  
76  -48.2747991858974  
77  -48.28399493301168  
78  -48.30071817007797  
79  -48.309128975598085  
80  -48.31834672343435  
81  -48.3303637044017  
82  -48.32947960484732  
83  -48.34104660373933  
84  -48.357330870580995  
85  -48.36906606728554  
86  -48.38173561678364  
87  -48.39439522030285  
88  -48.40846029086402  
89  -48.424140002410766  
90  -48.43614785000997  
91  -48.447468086442534  
92  -48.46411836698739  
93  -48.47797443232757  
94  -48.48781635212023  
95  -48.50451308704403  
96  -48.512678634158206  
97  -48.52348885050414  
98  -48.538454927522736  
99  -48.54754944896081  
100  -48.54648896666327  
101  -48.55836017349365  
102  -48.57433042103781  
103  -48.58255690584093  
104  -48.59350819992304  
105  -48.60200786303156  
106  -48.6094892474535  
107  -48.619091352735815  
108  -48.6245364192365  
109  -48.63222422792787  
110  -48.637784438004026  
111  -48.64765354400341  
112  -48.65201460881215  
113  -48.660031771643055  
114  -48.66314862940182  
115  -48.6732646396395  
116  -48.67815161367015  
117  -48.68313449833898  
118  -48.69052855737096  
119  -48.68307715108673  
120  -48.69524250386609  
121  -48.70160143430957  
122  -48.70539907906971  
123  -48.710275794543634  
124  -48.71495827706382  
125  -48.71858547828573  
126  -48.723268179879526  
127  -48.726097611549655  
128  -48.72868773839811  
129  -48.734199642553364  
130  -48.73596125655411  
131  -48.73813403340277  
132  -48.74129954211294  
133  -48.74341593202775  
134  -48.747753664877564  
135  -48.74904918429986  
136  -48.75364202912039  
137  -48.75514144288383  
138  -48.75835914009535  
139  -48.76187639083798  
140  -48.76569937049809  
141  -48.768774239460086  
142  -48.77261530649195  
143  -48.776632737616765  
144  -48.78179896320739  
145  -48.78717036501276  
146  -48.792538286585  
147  -48.79807298342235  
148  -48.80494291545353  
149  -48.81297567082551  
150  -48.81864942284003  
151  -48.82377393980282  
152  -48.830317289520366  
153  -48.83496458122541  
154  -48.83921696037389  
155  -48.84642133619035  
156  -48.84948624395862  
157  -48.85378582141921  
158  -48.856306392179825  
159  -48.861719481583016  
160  -48.86494367533556  
161  -48.86787913105158  
162  -48.872570094639734  
163  -48.87110479817819  
164  -48.87553352540213  
165  -48.8786720501706  
166  -48.88108291516084  
167  -48.88379798573937  
168  -48.885622939723426  
169  -48.88810829850131  
170  -48.88959553788734  
171  -48.890995062039686  
172  -48.89367685124046  
173  -48.8945077550775  
174  -48.89656544640805  
175  -48.89732222445872  
176  -48.89854945180447  
177  -48.89970529328495  
178  -48.901284628958535  
179  -48.90218025950021  
180  -48.90307447990033  
181  -48.90407875187943  
182  -48.90527624259583  
183  -48.906379678291145  
184  -48.90747406808135  
185  -48.908648155350136  
186  -48.90936741280412  
187  -48.91076700892558  
188  -48.91189282324245  
189  -48.91340056993792  
190  -48.91492323131164  
191  -48.916223449958274  
192  -48.91755381208518  
193  -48.918999792489366  
194  -48.920602285804115  
195  -48.921577995992166  
196  -48.92329714514287  
197  -48.92454959040527  
198  -48.925927729630175  
199  -48.92807397312542  
200  -48.92937702801009  
201  -48.931231817295995  
202  -48.93229487316159  
203  -48.93387084495792  
204  -48.934962775019805  
205  -48.93732718793352  
206  -48.938333568574926  
207  -48.93960678625176  
208  -48.94141060131065  
209  -48.943069399091  
210  -48.94467498170592  
211  -48.94600843083065  
212  -48.947204230976745  
213  -48.94918233752456  
214  -48.951057782975425  
215  -48.95246921733614  
216  -48.953742198566026  
217  -48.95523522392561  
218  -48.95708507416528  
219  -48.958333558529866  
220  -48.95950498947225  
221  -48.959996263351194  
222  -48.96246933739945  
223  -48.96335319102381  
224  -48.96443171277731  
225  -48.9660611545327  
226  -48.965938880819564  
227  -48.96729457397536  
228  -48.96915499091734  
229  -48.970292724071804  
230  -48.971858502819636  
231  -48.97312649858079  
232  -48.97414359946624  
233  -48.97569656902108  
234  -48.97658212516457  
235  -48.97753755800255  
236  -48.97970528818975  
237  -48.980525063888535  
238  -48.981471767666015  
239  -48.98304871718574  
240  -48.98407266079566  
241  -48.98549718310363  
242  -48.98773674763907  
243  -48.98866710487367  
244  -48.98980025670509  
245  -48.99133015291338  
246  -48.9932293770048  
247  -48.99496276829391  
248  -48.99663231727322  
249  -48.99799056985731  
250  -48.99952435493281  
251  -49.00184324180563  
252  -49.00365692821866  
253  -49.00508200172999  
254  -49.007292662606154  
255  -49.009136085739826  
256  -49.01233395617802  
257  -49.01422040547753  
258  -49.01646686855579  
259  -49.01897266436093  
260  -49.02146121427356  
261  -49.02420028194502  
262  -49.02736028177696  
263  -49.02951870065981  
264  -49.03210849031467  
265  -49.033887884812465  
266  -49.03697623222239  
267  -49.039068104496735  
268  -49.04091371666609  
269  -49.04428572213648  
270  -49.043857305274614  
271  -49.04640306745788  
272  -49.048657695421014  
273  -49.050576971205565  
274  -49.05233944757862  
275  -49.05445859619435  
276  -49.05623402515108  
277  -49.057957720280584  
278  -49.05921315141586  
279  -49.06068309148746  
280  -49.06234881835902  
281  -49.06361736656452  
282  -49.06453893547554  
283  -49.065950995038975  
284  -49.06694315683232  
285  -49.068451711281384  
286  -49.06945628153915  
287  -49.07022799673952  
288  -49.071055484953135  
289  -49.07180876445841  
290  -49.07290558102154  
291  -49.073898017190345  
292  -49.074829004474736  
293  -49.075519615118935  
294  -49.07625968918166  
295  -49.07685209380486  
296  -49.07758470821712  
297  -49.07834514845624  
298  -49.07902393043981  
299  -49.07952376162676  
300  -49.08058894379563  
301  -49.081102313805744  
302  -49.08175108813621  
303  -49.0827897904712  
304  -49.083733667829144  
305  -49.084501850820175  
306  -49.08519982428023  
307  -49.08582049645271  
308  -49.08681315580157  
309  -49.08774149028044  
310  -49.088631064180724  
311  -49.089315630517476  
312  -49.090413068166555  
313  -49.09123804631102  
314  -49.09213501421801  
315  -49.093273610821406  
316  -49.09408904095241  
317  -49.0951779220604  
318  -49.09611421093274  
319  -49.09691571272335  
320  -49.098027167996214  
321  -49.09902412281372  
322  -49.099815995461206  
323  -49.100906614732736  
324  -49.10161564173464  
325  -49.10241099273064  
326  -49.103535287811276  
327  -49.10411913285095  
328  -49.10509800360933  
329  -49.104951294674784  
330  -49.10593387210764  
331  -49.107168264636336  
332  -49.1077011047674  
333  -49.10854336711165  
334  -49.109210185387994  
335  -49.10988640067875  
336  -49.11063714382773  
337  -49.11112317988093  
338  -49.111949706805426  
339  -49.112098841850475  
340  -49.11301326794758  
341  -49.1133414303152  
342  -49.11385257652909  
343  -49.114556657300334  
344  -49.11473573766261  
345  -49.11556686271058  
346  -49.11581921547709  
347  -49.11625056940724  
348  -49.1166909312689  
349  -49.11725683605823  
350  -49.11765506273022  
351  -49.118057079311264  
352  -49.11839590007837  
353  -49.11879593519769  
354  -49.11921104383793  
355  -49.119517564911  
356  -49.119679279418655  
357  -49.12029517418825  
358  -49.120496641731314  
359  -49.12079393510247  
360  -49.12113639713302  
361  -49.12154012874184  
362  -49.12180846956849  
363  -49.12206759403871  
364  -49.12232584711341  
365  -49.12262407858285  
366  -49.12296762961912  
367  -49.12323449865275  
368  -49.12339293455967  
369  -49.12382701359092  
370  -49.12400556739703  
371  -49.12425833445362  
372  -49.12446248946422  
373  -49.12468115711438  
374  -49.125003447763575  
375  -49.125182797634075  
376  -49.125535686637  
377  -49.1256887018556  
378  -49.12589667861273  
379  -49.1261697082457  
380  -49.12649840673107  
381  -49.126710444929756  
382  -49.12695326699154  
383  -49.12716648363691  
384  -49.12739892578741  
385  -49.1277843812526  
386  -49.128000732370744  
387  -49.12817020237195  
388  -49.128541888046364  
389  -49.1287645525047  
390  -49.129176769498095  
391  -49.12950570157508  
392  -49.12984762970238  
393  -49.13020764761843  
394  -49.130471179303726  
395  -49.13082660590507  
396  -49.13120804617014  
397  -49.13156138464316  
398  -49.131902532332774  
399  -49.132309203448536  
400  -49.1325621596261  
401  -49.13290179703404  
402  -49.13330837746158  
403  -49.13362135368911  
404  -49.13371403195907  
405  -49.13433359869902  
406  -49.13452519846043  
407  -49.13484985331957  
408  -49.135317421397055  
409  -49.135706768118226  
410  -49.13613991870091  
411  -49.136430858603404  
412  -49.136774533773924  
413  -49.13697828665383  
414  -49.13765857031153  
415  -49.13792044676177  
416  -49.13826915917794  
417  -49.13877842314125  
418  -49.138357183962725  
419  -49.13909538721667  
420  -49.13962641615973  
421  -49.14004997953962  
422  -49.14058504508671  
423  -49.141022910627264  
424  -49.14143156024524  
425  -49.14196054814053  
426  -49.14231870884276  
427  -49.14304268136084  
428  -49.143569346397186  
429  -49.14406825721398  
430  -49.14460364045087  
431  -49.14506422849048  
432  -49.14575203354073  
433  -49.146385519040635  
434  -49.14687102867287  
435  -49.147486865507446  
436  -49.147987313796726  
437  -49.14848123697644  
438  -49.14924774571185  
439  -49.149654353050494  
440  -49.15015956925055  
441  -49.150952925089264  
442  -49.151519010627055  
443  -49.15193714165168  
444  -49.15284392355496  
445  -49.15321437831512  
446  -49.15367350860549  
447  -49.15449686830247  
448  -49.154870214667646  
449  -49.15561675694745  
450  -49.15610569561307  
451  -49.15680555654922  
452  -49.157295263345056  
453  -49.15773940896034  
454  -49.158169321730135  
455  -49.158956331076986  
456  -49.15944796759602  
457  -49.16002604657762  
458  -49.160755946819236  
459  -49.161593550264556  
460  -49.162170388860254  
461  -49.162749085874836  
462  -49.163237845346494  
463  -49.16400327736029  
464  -49.16469205214515  
465  -49.16547938065102  
466  -49.165846426962815  
467  -49.166649073657275  
468  -49.167088082851436  
469  -49.167914081623486  
470  -49.168507377088126  
471  -49.16898847192987  
472  -49.16987371387005  
473  -49.16880371452229  
474  -49.17040376715606  
475  -49.1711342196075  
476  -49.17175711585817  
477  -49.1724125549884  
478  -49.172976630423605  
479  -49.17358076580562  
480  -49.17428174846745  
481  -49.174798758599074  
482  -49.17516582352873  
483  -49.17606959738921  
484  -49.17636289869034  
485  -49.17695094091814  
486  -49.17754289854124  
487  -49.17816219377043  
488  -49.17862046020814  
489  -49.179034053511906  
490  -49.17945558913297  
491  -49.17998293315874  
492  -49.18047424280594  
493  -49.180925917821405  
494  -49.18123740546364  
495  -49.18172496300965  
496  -49.181849030952  
497  -49.18232744057149  
498  -49.18259260716593  
499  -49.18292741633516  
500  -49.1833753433609  
501  -49.182904841283346  
502  -49.183641597310114  
503  -49.18405203393938  
504  -49.184321099845356  
505  -49.18465680324312  
506  -49.18489314268909  
507  -49.18522441602198  
508  -49.185526326384355  
509  -49.18577136470731  
510  -49.18589325878932  
511  -49.18640503140004  
512  -49.186570488344394  
513  -49.186790852618806  
514  -49.187097760121446  
515  -49.18717557662386  
516  -49.18763445508175  
517  -49.18775559602865  
518  -49.187981048891416  
519  -49.188262459101026  
520  -49.188588616164395  
521  -49.18882121277655  
522  -49.18908876070286  
523  -49.189259499584516  
524  -49.18947147448368  
525  -49.189711266210985  
526  -49.18986886536438  
527  -49.1898836165846  
528  -49.19004301423854  
529  -49.190301137750374  
530  -49.190464970647035  
531  -49.19067868655097  
532  -49.190842410755124  
533  -49.19101439974184  
534  -49.191208500885026  
535  -49.19132262667045  
536  -49.191543786510934  
537  -49.191723345093116  
538  -49.19185022638943  
539  -49.192001827157725  
540  -49.19212634988054  
541  -49.19226313033295  
542  -49.192441220391935  
543  -49.192553490724094  
544  -49.192701956601745  
545  -49.19286324491734  
546  -49.19300881074362  
547  -49.19311999183677  
548  -49.19330777611679  
549  -49.19333205285984  
550  -49.19352056288687  
551  -49.19361151575462  
552  -49.19372718377508  
553  -49.19388050688029  
554  -49.19376031204119  
555  -49.19398090169535  
556  -49.19417096281307  
557  -49.19429392361236  
558  -49.194421303161775  
559  -49.194529258369506  
560  -49.194634725059295  
561  -49.194817151782054  
562  -49.19494024017185  
563  -49.19503334155415  
564  -49.19518034530891  
565  -49.19528434688113  
566  -49.195424851089975  
567  -49.19549242135496  
568  -49.195679101661355  
569  -49.19574980172815  
570  -49.19588988198675  
571  -49.196004074041035  
572  -49.19614275000085  
573  -49.19625721888972  
574  -49.196365607512384  
575  -49.196466670519705  
576  -49.1965776051375  
577  -49.196724500593064  
578  -49.196817879683884  
579  -49.19694501239913  
580  -49.19708516279678  
581  -49.197214797942756  
582  -49.197298570130314  
583  -49.19743133705756  
584  -49.19754688165167  
585  -49.19765257381035  
586  -49.1978291737995  
587  -49.19793029700888  
588  -49.198032593087056  
589  -49.19822232171806  
590  -49.19833041862223  
591  -49.19842655081924  
592  -49.19867036229396  
593  -49.19876740743578  
594  -49.198843922234104  
595  -49.199022172390336  
596  -49.19914601636038  
597  -49.199373955275945  
598  -49.19946114026753  
599  -49.19965940499528  
600  -49.19973621779405  
601  -49.19986538737261  
602  -49.19999361960554  
603  -49.200155815763516  
604  -49.20026264559566  
605  -49.20038871652272  
606  -49.20049375331403  
607  -49.20063615447044  
608  -49.200754205978335  
609  -49.20086258203598  
610  -49.20101929486219  
611  -49.20117369148193  
612  -49.201287393405934  
613  -49.201456415930465  
614  -49.20157160921096  
615  -49.20171125046244  
616  -49.20186863752712  
617  -49.202012045023025  
618  -49.202091752092265  
619  -49.20231726814304  
620  -49.202376825729914  
621  -49.20251278579449  
622  -49.202595922532645  
623  -49.202716693286774  
624  -49.202866740416326  
625  -49.202590235110826  
626  -49.20295606129002  
627  -49.20314580459547  
628  -49.20328707530711  
629  -49.20345432704704  
630  -49.20353308700573  
631  -49.20366713941815  
632  -49.20378650835802  
633  -49.20390053080362  
634  -49.204100874805576  
635  -49.204075653806406  
636  -49.2042231354102  
637  -49.204343422593425  
638  -49.20446435937946  
639  -49.20458448068864  
640  -49.20471961191315  
641  -49.20483407485461  
642  -49.20497116028588  
643  -49.20507153256567  
644  -49.20521475760994  
645  -49.20531125503875  
646  -49.20546943546854  
647  -49.20553902568514  
648  -49.205675240272576  
649  -49.205781945127235  
650  -49.20593107446022  
651  -49.206039921787216  
652  -49.206139818661235  
653  -49.206279126800126  
654  -49.20643666791925  
655  -49.20655826299476  
656  -49.20669409502745  
657  -49.20679684342051  
658  -49.206920755001214  
659  -49.20707547533619  
660  -49.20715557849958  
661  -49.20727698082082  
662  -49.207394682434156  
663  -49.20750206936614  
664  -49.20769491692189  
665  -49.20769412880687  
666  -49.20781798371081  
667  -49.20794118123311  
668  -49.20805122883832  
669  -49.20818265249573  
670  -49.208310412777664  
671  -49.208441955526816  
672  -49.20855460010481  
673  -49.208649363634464  
674  -49.208761511298036  
675  -49.208932709699255  
676  -49.209016517304406  
677  -49.209110440644935  
678  -49.20921747315095  
679  -49.20935257525464  
680  -49.20945803881463  
681  -49.209553627758204  
682  -49.209646144837635  
683  -49.20977377748376  
684  -49.20987733551583  
685  -49.20997239452517  
686  -49.210117013955646  
687  -49.21026346430769  
688  -49.21035338897214  
689  -49.21047787932503  
690  -49.21055685792065  
691  -49.21065231565389  
692  -49.21081281824691  
693  -49.21088581764079  
694  -49.21104757599527  
695  -49.211159748163425  
696  -49.211251435702316  
697  -49.21138941602038  
698  -49.21149178694621  
699  -49.21161358925537  
700  -49.21172150380998  
701  -49.21183052113184  
702  -49.211928073539994  
703  -49.21202164922515  
704  -49.21210516509091  
705  -49.212207933038975  
706  -49.21229928528012  
707  -49.2123935009057  
708  -49.21250252591559  
709  -49.212571317659375  
710  -49.21265911574433  
711  -49.212737913996435  
712  -49.212796341191755  
713  -49.21290062473001  
714  -49.21300773387978  
715  -49.213071135999925  
716  -49.213154288022054  
717  -49.21322670033538  
718  -49.21330943548692  
719  -49.2134084156734  
720  -49.213482822224385  
721  -49.21352713317702  
722  -49.213638728962074  
723  -49.21369698678529  
724  -49.21375030351433  
725  -49.21383474370137  
726  -49.21389386304517  
727  -49.21399230366374  
728  -49.214092447679484  
729  -49.21414701678851  
730  -49.214227251408644  
731  -49.2142733991871  
732  -49.21433429301031  
733  -49.21441384219713  
734  -49.21445929322266  
735  -49.21449472045174  
736  -49.2146011089627  
737  -49.214632130790505  
738  -49.21469036994905  
739  -49.214747151958555  
740  -49.2148164156393  
741  -49.214864181315974  
742  -49.21491933145329  
743  -49.21496361538118  
744  -49.21502188844784  
745  -49.215074737538814  
746  -49.215113304377766  
747  -49.21516454023635  
748  -49.21522083742702  
749  -49.21525873938207  
750  -49.215305318147514  
751  -49.21533175383977  
752  -49.215383291443395  
753  -49.21541369568859  
754  -49.21544605268698  
755  -49.215506912098704  
756  -49.21545483732431  
757  -49.21553822729301  
758  -49.215584822641326  
759  -49.215619505763854  
760  -49.215660297575546  
761  -49.215697353717225  
762  -49.21572737521692  
763  -49.215764587063006  
764  -49.2157880640247  
765  -49.21581398415656  
766  -49.215857357465055  
767  -49.21589023858924  
768  -49.21590746036204  
769  -49.21594627308227  
770  -49.21597471736388  
771  -49.21601411684328  
772  -49.2160484425608  
773  -49.216080285380976  
774  -49.216107004753695  
775  -49.21613750959391  
776  -49.216169823550814  
777  -49.216195349767034  
778  -49.21622301197149  
779  -49.21625198569485  
780  -49.216280985660504  
781  -49.21629573134896  
782  -49.21633088782039  
783  -49.21634775890556  
784  -49.216378840065566  
785  -49.216415183049115  
786  -49.2164038467357  
787  -49.21643993265814  
788  -49.216469407742615  
789  -49.216490250602185  
790  -49.21651588019021  
791  -49.216543124007764  
792  -49.216569185877326  
793  -49.21659562797631  
794  -49.21661807079155  
795  -49.21664171587489  
796  -49.21667767248435  
797  -49.21666037375275  
798  -49.216695275560355  
799  -49.21671838840913  
800  -49.216745077507454  
801  -49.216768727587755  
802  -49.21679561114019  
803  -49.2168205882063  
804  -49.21684774721978  
805  -49.21686904570891  
806  -49.216884266506796  
807  -49.21691978793832  
808  -49.21692976268239  
809  -49.21695591910071  
810  -49.216972018309654  
811  -49.21698721461791  
812  -49.217012428837805  
813  -49.216986078663226  
814  -49.21702919922338  
815  -49.217061622985746  
816  -49.217082521775005  
817  -49.217108163537354  
818  -49.217124246963934  
819  -49.21714469437026  
820  -49.21717048314981  
821  -49.21718589967221  
822  -49.21720713413793  
823  -49.21723430533985  
824  -49.21724865056511  
825  -49.21727324475026  
826  -49.21728590755058  
827  -49.21730349900042  
828  -49.21732228907882  
829  -49.21733724337707  
830  -49.21737138405335  
831  -49.217344133419886  
832  -49.21738747415071  
833  -49.217407323316515  
834  -49.217424053586726  
835  -49.21744427455318  
836  -49.217457059257995  
837  -49.217483134995625  
838  -49.21749695898036  
839  -49.21751161165787  
840  -49.21753351718493  
841  -49.217553169157945  
842  -49.21757133524857  
843  -49.217588341974846  
844  -49.21760413396927  
845  -49.21761189119003  
846  -49.21764368293291  
847  -49.21765272646198  
848  -49.21766710897444  
849  -49.21768725529792  
850  -49.217706413222395  
851  -49.21772154869353  
852  -49.21773669110944  
853  -49.217749835028755  
854  -49.21777056172961  
855  -49.217784629071865  
856  -49.21780066810858  
857  -49.21781636587888  
858  -49.217831927285715  
859  -49.21784267667317  
860  -49.21786207309202  
861  -49.2178724286458  
862  -49.21788509841529  
863  -49.217903775038415  
864  -49.2179144070315  
865  -49.21793087145628  
866  -49.217940344204216  
867  -49.217953438333254  
868  -49.21796635307481  
869  -49.21798597687006  
870  -49.2179960364204  
871  -49.21800915616821  
872  -49.21802465568132  
873  -49.2180418417916  
874  -49.21805527083289  
875  -49.21807115510533  
876  -49.21808102109525  
877  -49.2180923720386  
878  -49.218110119698565  
879  -49.218117960789975  
880  -49.21812647264202  
881  -49.218149115239235  
882  -49.218158098076465  
883  -49.2181748182473  
884  -49.21817893391559  
885  -49.21819584955079  
886  -49.2182034812812  
887  -49.21821323139046  
888  -49.21822771146599  
889  -49.2182312892953  
890  -49.21825129377589  
891  -49.21825686146118  
892  -49.21826713270948  
893  -49.218269709273464  
894  -49.21828664392979  
895  -49.218293857175134  
896  -49.21830223707544  
897  -49.218314695798526  
898  -49.21828714059625  
899  -49.218322202509455  
900  -49.2183362732666  
901  -49.218344926198284  
902  -49.21835580257131  
903  -49.21836466876725  
904  -49.218373043641996  
905  -49.21838696004898  
906  -49.21839423475104  
907  -49.21840101274191  
908  -49.21841643836593  
909  -49.21842163177325  
910  -49.21842949513759  
911  -49.21844184265004  
912  -49.21844768184501  
913  -49.21846470755381  
914  -49.21846194610265  
915  -49.21847441866002  
916  -49.21848315243677  
917  -49.21849075750191  
918  -49.21849899707734  
919  -49.21850985447163  
920  -49.218523190257486  
921  -49.2185329323888  
922  -49.2185391300064  
923  -49.218553813562714  
924  -49.21855918268084  
925  -49.21856720358012  
926  -49.218574679144105  
927  -49.218581808929216  
928  -49.21859535408387  
929  -49.21857073725433  
930  -49.218601205557455  
931  -49.2186117604467  
932  -49.21861994329298  
933  -49.218631090856334  
934  -49.21863850931913  
935  -49.21864696949521  
936  -49.218655159141875  
937  -49.21866164473294  
938  -49.21867334873718  
939  -49.21868277184849  
940  -49.21868956603652  
941  -49.21869881752373  
942  -49.21870636100244  
943  -49.218718155190636  
944  -49.21872698970241  
945  -49.218735534667665  
946  -49.21874393130457  
947  -49.21875251425944  
948  -49.218761989435016  
949  -49.218769421587226  
950  -49.218778660822856  
951  -49.21878797294476  
952  -49.21879838518674  
953  -49.218809958577346  
954  -49.21881809442595  
955  -49.218826185142674  
956  -49.21883777299689  
957  -49.21884543511778  
958  -49.218852016105515  
959  -49.218862487930785  
960  -49.218869224519985  
961  -49.2188795444134  
962  -49.218887887035365  
963  -49.21889695181578  
964  -49.21890594396967  
965  -49.21891277743262  
966  -49.218919856857816  
967  -49.21892828597032  
968  -49.21893538502794  
969  -49.21894625597164  
970  -49.218954833346146  
971  -49.2189632043091  
972  -49.218971749363746  
973  -49.21897995897742  
974  -49.218988250549764  
975  -49.21899569265831  
976  -49.219003138275056  
977  -49.21901143689068  
978  -49.2190199610426  
979  -49.21902694339528  
980  -49.219033724610206  
981  -49.21904284255051  
982  -49.21905005189925  
983  -49.219058304876306  
984  -49.21906677772592  
985  -49.219073309465486  
986  -49.21908076390716  
987  -49.21908829755977  
988  -49.21909675571212  
989  -49.21910442745603  
990  -49.21911091444442  
991  -49.21911821089021  
992  -49.21912443578586  
993  -49.21913164599121  
994  -49.219140577781765  
995  -49.21914758141501  
996  -49.21915169183969  
997  -49.21916041700983  
998  -49.21916706956542  
999  -49.21917559910727  
1000  -49.21918291617641  
1001  -49.21919004040216  
1002  -49.21919538339795  
1003  -49.219203483438434  
1004  -49.21921144661743  
1005  -49.2192189806526  
1006  -49.219226151846634  
1007  -49.219234010394125  
1008  -49.21923842703422  
1009  -49.21924682693969  
1010  -49.219251059309144  
1011  -49.21925753825385  
1012  -49.2192640988008  
1013  -49.21927307663658  
1014  -49.219277604559615  
1015  -49.21928235907023  
1016  -49.21928819482511  
1017  -49.21929553781821  
1018  -49.21930286993117  
1019  -49.21930919437497  
1020  -49.21931420588017  
1021  -49.21932115932716  
1022  -49.219327336506744  
1023  -49.21933495918437  
1024  -49.21934171718575  
1025  -49.21934820517799  
1026  -49.219353425191926  
1027  -49.21936044215341  
1028  -49.21936744355309  
1029  -49.21937365383182  
1030  -49.21937837468393  
1031  -49.21938468618853  
1032  -49.21938985076111  
1033  -49.21939600358294  
1034  -49.219403792664856  
1035  -49.219408413954994  
1036  -49.219415147640625  
1037  -49.21942241025424  
1038  -49.219426440169514  
1039  -49.21943278603971  
1040  -49.21943569005594  
1041  -49.21944338199419  
1042  -49.2194474924224  
1043  -49.21945180479059  
1044  -49.21946023196356  
1045  -49.21945971103052  
1046  -49.21946532152668  
1047  -49.21947352345484  
1048  -49.21947881875349  
1049  -49.219485325910995  
1050  -49.2194908473586  
1051  -49.2194961708179  
1052  -49.21950261959001  
1053  -49.2195072238283  
1054  -49.219512113644306  
1055  -49.219519015741724  
1056  -49.21952573256591  
1057  -49.21952904401448  
1058  -49.21953596955146  
1059  -49.21954009598872  
1060  -49.21954526243448  
1061  -49.219553815158626  
1062  -49.21955787118289  
1063  -49.21956095167058  
1064  -49.21957001817709  
1065  -49.219573180131476  
1066  -49.21957891429503  
1067  -49.21958208664172  
1068  -49.21959037837766  
1069  -49.219594273865894  
1070  -49.21959780933545  
1071  -49.21960395330327  
1072  -49.21960412951239  
1073  -49.21960884695191  
1074  -49.21961570935127  
1075  -49.219620049175  
1076  -49.21962538359467  
1077  -49.21963062721058  
1078  -49.21963530015659  
1079  -49.21964231143399  
1080  -49.21964635889603  
1081  -49.219649996912345  
1082  -49.21965660404359  
1083  -49.219660559451015  
1084  -49.21966260076782  
1085  -49.219673862287955  
1086  -49.21967658639627  
1087  -49.21968061783929  
1088  -49.21968650309178  
1089  -49.21969034594056  
1090  -49.21969882907202  
1091  -49.219701943897185  
1092  -49.219707581333466  
1093  -49.219711944031275  
1094  -49.21971812876748  
1095  -49.21972222256812  
1096  -49.219727151757475  
1097  -49.21973289040126  
1098  -49.219738719621056  
1099  -49.21974373890651  
1100  -49.219749860337366  
1101  -49.21975369396811  
1102  -49.219759747999845  
1103  -49.21976298206475  
1104  -49.219771829277136  
1105  -49.21977500433118  
1106  -49.219781374316604  
1107  -49.21978773093498  
1108  -49.21979472382634  
1109  -49.21979959304641  
1110  -49.2198059208299  
1111  -49.21980969109126  
1112  -49.2198138391037  
1113  -49.2198213519603  
1114  -49.219825224860614  
1115  -49.21982809987837  
1116  -49.21984043981158  
1117  -49.21984355684111  
1118  -49.219850484130845  
1119  -49.21985153234932  
1120  -49.21986148413076  
1121  -49.2198652619868  
1122  -49.2198700568224  
1123  -49.21987734782445  
1124  -49.21987660808467  
1125  -49.21988262006415  
1126  -49.21989123462186  
1127  -49.21989637562978  
1128  -49.21990453405734  
1129  -49.21990796675107  
1130  -49.21991476515268  
1131  -49.219919703878205  
1132  -49.21992444106554  
1133  -49.21993347602504  
1134  -49.21992199130657  
1135  -49.219937769384934  
1136  -49.219944624786365  
1137  -49.21995022332901  
1138  -49.219957142212095  
1139  -49.219962664265125  
1140  -49.21996785823525  
1141  -49.219974219939715  
1142  -49.219978718373056  
1143  -49.2199860049806  
1144  -49.21999333163696  
1145  -49.219997231177  
1146  -49.22000289096036  
1147  -49.220007946782786  
1148  -49.2200135997653  
1149  -49.22001948472097  
1150  -49.22002384086789  
1151  -49.22003038979076  
1152  -49.22003697595639  
1153  -49.22004123840226  
1154  -49.22004710031392  
1155  -49.22005176796862  
1156  -49.22005689649317  
1157  -49.22006216917666  
1158  -49.22006604750515  
1159  -49.220070421480834  
1160  -49.220078280340566  
1161  -49.22008103583594  
1162  -49.22008691397633  
1163  -49.22009069415877  
1164  -49.22009765726929  
1165  -49.22010238352209  
1166  -49.22010626182649  
1167  -49.2201141500375  
1168  -49.22010545274171  
1169  -49.2201180756987  
1170  -49.22012402232776  
1171  -49.22012874134982  
1172  -49.22013500487107  
1173  -49.22014013127403  
1174  -49.22014502181424  
1175  -49.220151049746974  
1176  -49.220155318905526  
1177  -49.22016174593905  
1178  -49.22016693390823  
1179  -49.22017198337662  
1180  -49.220176789929106  
1181  -49.22018142416283  
1182  -49.22018619195998  
1183  -49.2201898794526  
1184  -49.22019420830468  
1185  -49.22019812317933  
1186  -49.22020283170606  
1187  -49.22020677069245  
1188  -49.22021014598286  
1189  -49.220213773573654  
1190  -49.220220621436724  
1191  -49.22022334560478  
1192  -49.22022693964777  
1193  -49.22023169682096  
1194  -49.22023335687138  
1195  -49.22023933700975  
1196  -49.22024128835973  
1197  -49.22024480041696  
1198  -49.22024973100995  
1199  -49.22025291862007  
1200  -49.22025734538122  
1201  -49.22026030520765  
1202  -49.220263188957446  
1203  -49.220269180276574  
1204  -49.22027084832689  
1205  -49.22027707508498  
1206  -49.22027934072272  
1207  -49.2202825191951  
1208  -49.220287204042826  
1209  -49.22029188020174  
1210  -49.220296041163195  
1211  -49.22030018917119  
1212  -49.220303315693066  
1213  -49.22030797502921  
1214  -49.2203123023586  
1215  -49.22031717991297  
1216  -49.2203207420443  
1217  -49.22032340495728  
1218  -49.22032802690092  
1219  -49.220330750668005  
1220  -49.22033363022778  
1221  -49.22034042617148  
1222  -49.22034223791406  
1223  -49.22034511781476  
1224  -49.22035069514433  
1225  -49.22035361992226  
1226  -49.22035991997365  
1227  -49.2203630560298  
1228  -49.22036758022642  
1229  -49.220369633600306  
1230  -49.22037349942236  
1231  -49.22037779748305  
1232  -49.22038221407557  
1233  -49.220385153004514  
1234  -49.2203890110183  
1235  -49.220392460446426  
1236  -49.22039664029508  
1237  -49.22040173743761  
1238  -49.22040586794316  
1239  -49.22040939731305  
1240  -49.22041557151053  
1241  -49.22042194656134  
1242  -49.2204246392189  
1243  -49.22043013261188  
1244  -49.220432124542064  
1245  -49.22043694423698  
1246  -49.22044081926287  
1247  -49.22044399914234  
1248  -49.22044975862683  
1249  -49.2204400367514  
1250  -49.22045263251409  
1251  -49.220457013477116  
1252  -49.22046061259063  
1253  -49.22046649752555  
1254  -49.22046913559198  
1255  -49.22047303061302  
1256  -49.22047614069369  
1257  -49.2204793523626  
1258  -49.220485664636115  
1259  -49.220478877429585  
1260  -49.2204887056428  
1261  -49.22049308277422  
1262  -49.22049719956727  
1263  -49.22050115621363  
1264  -49.22050488808568  
1265  -49.220510357762095  
1266  -49.2205135604525  
1267  -49.220516568828174  
1268  -49.22052065871058  
1269  -49.22052608809126  
1270  -49.22053132243466  
1271  -49.22053303621291  
1272  -49.22053786777182  
1273  -49.220539845231976  
1274  -49.220543882179214  
1275  -49.22054829423911  
1276  -49.22055349157664  
1277  -49.22056036846987  
1278  -49.22056330345728  
1279  -49.22056764854588  
1280  -49.22057042522054  
1281  -49.22057442573152  
1282  -49.2205786253932  
1283  -49.22058125812783  
1284  -49.2205854638227  
1285  -49.22059138761111  
1286  -49.220594541598224  
1287  -49.22059843321871  
1288  -49.22059980210987  
1289  -49.220604400191455  
1290  -49.220607687791926  
1291  -49.220610784709166  
1292  -49.22061594204051  
1293  -49.22060747359967  
1294  -49.2206185587285  
1295  -49.22062396798764  
1296  -49.220627468050594  
1297  -49.22063213696949  
1298  -49.22063466496487  
1299  -49.22063734509794  
1300  -49.22064049457997  
1301  -49.2206430861415  
1302  -49.22064586789153  
1303  -49.22065041270696  
1304  -49.220652465796995  
1305  -49.220655456768384  
1306  -49.2206586007511  
1307  -49.22066220311093  
1308  -49.22066503689609  
1309  -49.22066834322361  
1310  -49.22067090080636  
1311  -49.220674244983556  
1312  -49.220677164054074  
1313  -49.220680248043486  
1314  -49.2206824332413  
1315  -49.220686915863304  
1316  -49.2206856059899  
1317  -49.22068862097157  
1318  -49.22069097769929  
1319  -49.220694341501726  
1320  -49.22069698698877  
1321  -49.2206998629201  
1322  -49.22070250916347  
1323  -49.22070547864635  
1324  -49.2207080681846  
1325  -49.22071068188953  
1326  -49.22071410729677  
1327  -49.220717022287076  
1328  -49.220718701211545  
1329  -49.22072259366592  
1330  -49.22072394770479  
1331  -49.220726540481806  
1332  -49.220728666435875  
1333  -49.220730331299784  
1334  -49.220733468278084  
1335  -49.2207305210101  
1336  -49.22073548747485  
1337  -49.220737994984006  
1338  -49.22073974028771  
1339  -49.22074235196576  
1340  -49.220744560580286  
1341  -49.22074677965633  
1342  -49.22074978988399  
1343  -49.22075176282102  
1344  -49.22075518650925  
1345  -49.22075721223641  
1346  -49.22075927932614  
1347  -49.2207616442632  
1348  -49.22076393785623  
1349  -49.220765132728104  
1350  -49.22076877993879  
1351  -49.22077023328365  
1352  -49.22077252147486  
1353  -49.22077524514562  
1354  -49.22077692258706  
1355  -49.22077999247603  
1356  -49.220781472079445  
1357  -49.22078354593781  
1358  -49.22078503801315  
1359  -49.22078871185451  
1360  -49.22079071462945  
1361  -49.220792742804456  
1362  -49.22079577826773  
1363  -49.220796999682584  
1364  -49.22080089500225  
1365  -49.22080217411037  
1366  -49.22080454160114  
1367  -49.220805809244816  
1368  -49.22080945256329  
1369  -49.22081110340005  
1370  -49.22081311381754  
1371  -49.220816261262364  
1372  -49.220814650170354  
1373  -49.22081829029567  
1374  -49.22082117688196  
1375  -49.22082331957697  
1376  -49.22082605899027  
1377  -49.22082870055833  
1378  -49.22083107827376  
1379  -49.22083414703703  
1380  -49.22083647548067  
1381  -49.2208384349308  
1382  -49.22084235017719  
1383  -49.22084470458847  
1384  -49.2208462581787  
1385  -49.22084979351947  
1386  -49.22085201934279  
1387  -49.2208534539075  
1388  -49.22085785863395  
1389  -49.22085939221004  
1390  -49.22086200724549  
1391  -49.22086371692403  
1392  -49.22086777657814  
1393  -49.22087025515365  
1394  -49.22087276377371  
1395  -49.22087658455297  
1396  -49.22087954502191  
1397  -49.22088263535644  
1398  -49.220884542827065  
1399  -49.22088698044138  
1400  -49.220889902120376  
1401  -49.22089304184781  
1402  -49.220895237077436  
1403  -49.22089755476974  
1404  -49.22089893334923  
1405  -49.220903154094046  
1406  -49.22090480687868  
1407  -49.220907108517835  
1408  -49.22091097456872  
1409  -49.220909276455025  
1410  -49.22091354668777  
1411  -49.22091749850809  
1412  -49.220920359879585  
1413  -49.22092398506796  
1414  -49.22092679280008  
1415  -49.22093009736195  
1416  -49.220933095287705  
1417  -49.22093544441516  
1418  -49.22093706938113  
1419  -49.22094129222572  
1420  -49.2209431242765  
1421  -49.220945553965905  
1422  -49.22094963496416  
1423  -49.220951989930356  
1424  -49.22095558404753  
1425  -49.22095727478743  
1426  -49.22095988964148  
1427  -49.22096276349401  
1428  -49.22096621343435  
1429  -49.220968120030044  
1430  -49.22097066011819  
1431  -49.220972908385356  
1432  -49.22097592469526  
1433  -49.220979543901954  
1434  -49.22098197399316  
1435  -49.220985332980995  
1436  -49.22098915835443  
1437  -49.22099167189313  
1438  -49.22099568606619  
1439  -49.22099836712252  
1440  -49.22100112514042  
1441  -49.22100373300099  
1442  -49.22100596923863  
1443  -49.2210093439966  
1444  -49.221013943852334  
1445  -49.22101595799423  
1446  -49.221019351764525  
1447  -49.221021211802864  
1448  -49.221025090885675  
1449  -49.221027822388905  
1450  -49.22103011530321  
1451  -49.221035048649256  
1452  -49.221033957893965  
1453  -49.221038184338056  
1454  -49.22104154102487  
1455  -49.221044191549176  
1456  -49.2210472072836  
1457  -49.22105060951452  
1458  -49.22105371795829  
1459  -49.22105682943089  
1460  -49.221059926390886  
1461  -49.22106322050409  
1462  -49.22106640341096  
1463  -49.2210694879646  
1464  -49.22107158904235  
1465  -49.2210763909721  
1466  -49.22107747430776  
1467  -49.2210816120756  
1468  -49.22108396600489  
1469  -49.22108715186088  
1470  -49.2210915522699  
1471  -49.221084807117634  
1472  -49.22109417619838  
1473  -49.221098880839975  
1474  -49.22110238592751  
1475  -49.221105729788235  
1476  -49.22110881626519  
1477  -49.221112536711864  
1478  -49.22111609346094  
1479  -49.22111926713669  
1480  -49.22112157895489  
1481  -49.22112497762377  
1482  -49.22112747731981  
1483  -49.221131616464206  
1484  -49.22113458096495  
1485  -49.221137027600676  
1486  -49.22114197452753  
1487  -49.22114226251089  
1488  -49.221145568247934  
1489  -49.221149211662315  
1490  -49.2211524286682  
1491  -49.22115492348452  
1492  -49.22115864603547  
1493  -49.221160331116295  
1494  -49.22116741294202  
1495  -49.22116944446498  
1496  -49.22117295916421  
1497  -49.221177432998644  
1498  -49.22118186300173  
1499  -49.22118539159804  
1500  -49.2211882848304  
1501  -49.2211910748021  
1502  -49.221194988146564  
1503  -49.22119845408467  
1504  -49.221200278851825  
1505  -49.22120332620741  
1506  -49.22120620003976  
1507  -49.221209998137994  
1508  -49.221212915925896  
1509  -49.221215386849934  
1510  -49.221217666182405  
1511  -49.22122126945619  
1512  -49.221223760976606  
1513  -49.22122617028937  
1514  -49.221230751048076  
1515  -49.22123359587357  
1516  -49.22123687860249  
1517  -49.221238983423376  
1518  -49.221241658673065  
1519  -49.22124308392535  
1520  -49.22124775124958  
1521  -49.221249517570534  
1522  -49.221251874524086  
1523  -49.22125515313579  
1524  -49.22125505042791  
1525  -49.221257701539976  
1526  -49.22126104014732  
1527  -49.22126370749185  
1528  -49.221266140500205  
1529  -49.22126846511756  
1530  -49.22127149096802  
1531  -49.22127349470893  
1532  -49.22127567009803  
1533  -49.221278373103914  
1534  -49.22128157375027  
1535  -49.2212837210032  
1536  -49.221286088528586  
1537  -49.22128844099358  
1538  -49.221291047377186  
1539  -49.221294333810604  
1540  -49.22129620695095  
1541  -49.22129827171056  
1542  -49.2213028306444  
1543  -49.221304956241546  
1544  -49.221306653336725  
1545  -49.22130951905007  
1546  -49.2213114450735  
1547  -49.22131372704249  
1548  -49.221317385084554  
1549  -49.221319566150314  
1550  -49.221321762541635  
1551  -49.221324525303906  
1552  -49.221327797727085  
1553  -49.22133003286543  
1554  -49.22133243661181  
1555  -49.22133409299773  
1556  -49.22133594693648  
1557  -49.22133884357859  
1558  -49.2213407402493  
1559  -49.221342499338164  
1560  -49.2213452790632  
1561  -49.22134665932921  
1562  -49.22134890529055  
1563  -49.221351333130954  
1564  -49.22135384273139  
1565  -49.22135530562778  
1566  -49.221357439711724  
1567  -49.22135864206612  
1568  -49.22136081949079  
1569  -49.2213630394733  
1570  -49.22136456577906  
1571  -49.22136668725124  
1572  -49.22136934064008  
1573  -49.2213709068748  
1574  -49.22137288483948  
1575  -49.221374375657646  
1576  -49.22137616738929  
1577  -49.221378100358734  
1578  -49.22137939030226  
1579  -49.221380747419055  
1580  -49.2213836745538  
1581  -49.22138458407137  
1582  -49.2213860880142  
1583  -49.2213876027263  
1584  -49.221389591179936  
1585  -49.221391468683585  
1586  -49.2213929357856  
1587  -49.22139464338388  
1588  -49.221396556381194  
1589  -49.221398286314034  
1590  -49.221399832669164  
1591  -49.22140120193346  
1592  -49.22140308458193  
1593  -49.22140443968931  
1594  -49.221405826341694  
1595  -49.22140749232342  
1596  -49.22140979596922  
1597  -49.221411120874784  
1598  -49.2214128488419  
1599  -49.22141395165796  
1600  -49.221415934999314  
1601  -49.22141740786806  
1602  -49.22141869304636  
1603  -49.22142106053484  
1604  -49.2214182145177  
1605  -49.22142223643964  
1606  -49.221424083857  
1607  -49.22142556975653  
1608  -49.22142742048544  
1609  -49.22142891548662  
1610  -49.22143016765568  
1611  -49.221431785123634  
1612  -49.22143286592509  
1613  -49.22143478672857  
1614  -49.22143633241258  
1615  -49.22143820867383  
1616  -49.22143931225319  
1617  -49.22144066518815  
1618  -49.221441338380124  
1619  -49.22144343365705  
1620  -49.22144437602221  
1621  -49.22144543101103  
1622  -49.221446870674406  
1623  -49.221448530712784  
1624  -49.22144964955535  
1625  -49.221450843499404  
1626  -49.22145191848988  
1627  -49.22145297607835  
1628  -49.22145488496717  
1629  -49.22145467141921  
1630  -49.22145568193601  
1631  -49.221456600852754  
1632  -49.22145840083745  
1633  -49.22145957287272  
1634  -49.22146105664776  
1635  -49.22146238694741  
1636  -49.22146372052727  
1637  -49.22146484478363  
1638  -49.22146609384446  
1639  -49.22146760439176  
1640  -49.221469029013875  
1641  -49.221470403932855  
1642  -49.22147170811236  
1643  -49.22147269338109  
1644  -49.22147395764523  
1645  -49.22147525217224  
1646  -49.22147646408329  
1647  -49.221477755969026  
1648  -49.22147868642234  
1649  -49.2214804119963  
1650  -49.2214817159877  
1651  -49.221482685455356  
1652  -49.221483914581086  
1653  -49.22148522202902  
1654  -49.221486793719855  
1655  -49.22148813589402  
1656  -49.22148947443935  
1657  -49.221490690962504  
1658  -49.22149229690437  
1659  -49.221493417707435  
1660  -49.22149435611157  
1661  -49.22149597230098  
1662  -49.221497254858384  
1663  -49.22149900761075  
1664  -49.221500608757  
1665  -49.22150213766245  
1666  -49.221503540903235  
1667  -49.22150503775072  
1668  -49.221506620653166  
1669  -49.22150808997078  
1670  -49.22150946206132  
1671  -49.22151081694518  
1672  -49.221512208389655  
1673  -49.221513478962656  
1674  -49.221514740542055  
1675  -49.22151650749692  
1676  -49.22151787216586  
1677  -49.2215188658965  
1678  -49.2215209052997  
1679  -49.22152202967077  
1680  -49.221523392226864  
1681  -49.22152513050371  
1682  -49.22152603951878  
1683  -49.221527381161785  
1684  -49.22152828918598  
1685  -49.22153108948389  
1686  -49.2215317867732  
1687  -49.221533345616464  
1688  -49.221534479480816  
1689  -49.22153595737778  
1690  -49.221537234392876  
1691  -49.22153835559819  
1692  -49.22153969443115  
1693  -49.22154147513481  
1694  -49.22154261298065  
1695  -49.221543967647584  
1696  -49.22154470490424  
1697  -49.22154636694966  
1698  -49.221547387720136  
1699  -49.22154837476539  
1700  -49.221550179748945  
1701  -49.22154895321962  
1702  -49.221551288059295  
1703  -49.221552894790925  
1704  -49.22155397690517  
1705  -49.221555472613794  
1706  -49.22155608428268  
1707  -49.22155776789294  
1708  -49.221558693913394  
1709  -49.22155961984233  
1710  -49.22156112589464  
1711  -49.22155754846326  
1712  -49.2215619438538  
1713  -49.22156353854067  
1714  -49.22156481527917  
1715  -49.221566116585876  
1716  -49.221567200208604  
1717  -49.221568420430756  
1718  -49.22156993016728  
1719  -49.221570931202756  
1720  -49.22157232756801  
1721  -49.22157353588169  
1722  -49.22157471740433  
1723  -49.221575927457764  
1724  -49.22157711405921  
1725  -49.22157810612755  
1726  -49.22157934777327  
1727  -49.22158033034707  
1728  -49.22158155572972  
1729  -49.22158291485301  
1730  -49.221583819601214  
1731  -49.221584685860776  
1732  -49.221585928705004  
1733  -49.22158720134635  
1734  -49.22158772248486  
1735  -49.22158926577228  
1736  -49.22158968480256  
1737  -49.22159083022685  
1738  -49.22159152150048  
1739  -49.22159230419419  
1740  -49.22159364368514  
1741  -49.22159146242252  
1742  -49.2215942973717  
1743  -49.22159565473405  
1744  -49.221596724271436  
1745  -49.221597977557835  
1746  -49.22159899767399  
1747  -49.22159985506538  
1748  -49.22160115856476  
1749  -49.221602089984984  
1750  -49.2216029993951  
1751  -49.22160442452721  
1752  -49.221605613489345  
1753  -49.22160668404792  
1754  -49.221607979164126  
1755  -49.22160898000427  
1756  -49.221609738216465  
1757  -49.221611586023606  
1758  -49.22161259270768  
1759  -49.221613896797564  
1760  -49.221615152518936  
1761  -49.22161606343543  
1762  -49.22161680922584  
1763  -49.22161843138555  
1764  -49.22161918322581  
1765  -49.22162004619983  
1766  -49.221620750575184  
1767  -49.221621675852695  
1768  -49.221623063897326  
1769  -49.22162303030899  
1770  -49.22162399053185  
1771  -49.221625125467945  
1772  -49.22162611833448  
1773  -49.221627236006626  
1774  -49.22162845378915  
1775  -49.221629590382236  
1776  -49.2216306537366  
1777  -49.22163135187592  
1778  -49.22163239367227  
1779  -49.221633111593654  
1780  -49.22163507676266  
1781  -49.221635654096694  
1782  -49.221636810399396  
1783  -49.22163761245507  
1784  -49.22163896270246  
1785  -49.2216399482922  
1786  -49.221640791772856  
1787  -49.2216420534728  
1788  -49.22164308500355  
1789  -49.221644005980636  
1790  -49.22164482063529  
1791  -49.221645742872816  
1792  -49.221646490675404  
1793  -49.22164781503192  
1794  -49.221648327185456  
1795  -49.2216490884102  
1796  -49.22164985558453  
1797  -49.22165096776197  
1798  -49.22165170494836  
1799  -49.22165241014663  
1800  -49.221653182110316  
1801  -49.221654159917705  
1802  -49.221654861362104  
1803  -49.22165564993628  
1804  -49.22165600927114  
1805  -49.22165716733498  
1806  -49.22165776739302  
1807  -49.22165830598173  
1808  -49.22165917633098  
1809  -49.221658431346945  
1810  -49.22165981911584  
1811  -49.22166087213622  
1812  -49.22166155425355  
1813  -49.22166246109897  
1814  -49.22166280485523  
1815  -49.22166389476774  
1816  -49.22166455400823  
1817  -49.221665234559794  
1818  -49.22166619617337  
1819  -49.22166517004089  
1820  -49.22166682612354  
1821  -49.22166771006685  
1822  -49.22166838274536  
1823  -49.22166907718851  
1824  -49.22166972070123  
1825  -49.221670336082575  
1826  -49.22167100565003  
1827  -49.22167148508004  
1828  -49.22167233704475  
1829  -49.221673009018915  
1830  -49.221673634787386  
1831  -49.221674186449235  
1832  -49.221674812290104  
1833  -49.22167545728517  
1834  -49.2216759677287  
1835  -49.22167658897477  
1836  -49.22167703068552  
1837  -49.22167756044013  
1838  -49.22167815099958  
1839  -49.221678585464815  
1840  -49.2216791582467  
1841  -49.22167973250057  
1842  -49.22168044336417  
1843  -49.221680823433694  
1844  -49.22168147920686  
1845  -49.22168183594045  
1846  -49.22168239416591  
1847  -49.221682868566575  
1848  -49.22168332384172  
1849  -49.221684279958254  
1850  -49.22168215457915  
1851  -49.22168462895636  
1852  -49.22168535520691  
1853  -49.221685938745615  
1854  -49.22168657223527  
1855  -49.221687068459616  
1856  -49.221687434605904  
1857  -49.22168811015459  
1858  -49.221688561842406  
1859  -49.22168902408023  
1860  -49.22168961524638  
1861  -49.22169005095697  
1862  -49.221690413402264  
1863  -49.22169121161997  
1864  -49.22169151509553  
1865  -49.221691880184274  
1866  -49.22169268095179  
1867  -49.22169302508727  
1868  -49.22169376095162  
1869  -49.22169397326674  
1870  -49.221694641729236  
1871  -49.2216949933  
1872  -49.22169538145285  
1873  -49.22169597334038  
1874  -49.22169633844408  
1875  -49.221696870461216  
1876  -49.22169721063888  
1877  -49.22169766380664  
1878  -49.22169798838925  
1879  -49.221698712109266  
1880  -49.221699009634634  
1881  -49.22169935567017  
1882  -49.221699893282135  
1883  -49.22170002100526  
1884  -49.221700898551404  
1885  -49.221701123419635  
1886  -49.22170144971275  
1887  -49.221701976065226  
1888  -49.2217017438719  
1889  -49.22170234763548  
1890  -49.22170292882691  
1891  -49.22170335533077  
1892  -49.221703772744746  
1893  -49.22170419934732  
1894  -49.221704633901545  
1895  -49.221705188119394  
1896  -49.22170549141802  
1897  -49.221705830104696  
1898  -49.221706581866634  
1899  -49.22170697478392  
1900  -49.221707224010345  
1901  -49.22170764499867  
1902  -49.221708029697645  
1903  -49.22170853561392  
1904  -49.22170918038504  
1905  -49.221709453963854  
1906  -49.22170977907007  
1907  -49.22171008895445  
1908  -49.221710519204954  
1909  -49.22171120631902  
1910  -49.22171141398135  
1911  -49.22171176806806  
1912  -49.22171213107825  
1913  -49.2217125163438  
1914  -49.22171315626067  
1915  -49.22171281187837  
1916  -49.22171354271296  
1917  -49.221714291532976  
1918  -49.221714770204606  
1919  -49.2217153024739  
1920  -49.22171576602575  
1921  -49.22171622092425  
1922  -49.221716880129094  
1923  -49.221717304345155  
1924  -49.22171768023221  
1925  -49.221718523081556  
1926  -49.22171880560538  
1927  -49.2217191783506  
1928  -49.2217199228534  
1929  -49.221720235276706  
1930  -49.22172000019978  
1931  -49.22172066368427  
1932  -49.22172131810323  
1933  -49.221721772796734  
1934  -49.22172230495278  
1935  -49.22172283968286  
1936  -49.22172331411314  
1937  -49.2217240883874  
1938  -49.221724584758775  
1939  -49.221725030727434  
1940  -49.22172557399239  
1941  -49.22172592867881  
1942  -49.221726585166124  
1943  -49.22172714203923  
1944  -49.22172747834614  
1945  -49.22172795848851  
1946  -49.2217283384895  
1947  -49.221728713264035  
1948  -49.22172921820589  
1949  -49.221729529864554  
1950  -49.221729981769144  
1951  -49.22173026624102  
1952  -49.2217307841713  
1953  -49.22173099691821  
1954  -49.22173138919139  
1955  -49.22173173216751  
1956  -49.221732159069546  
1957  -49.22173244809312  
1958  -49.221732737595694  
1959  -49.22173300991697  
1960  -49.22173333756159  
1961  -49.22173370042451  
1962  -49.221733948942315  
1963  -49.22173423601319  
1964  -49.22173463383962  
1965  -49.221734833416924  
1966  -49.221735126373915  
1967  -49.221735171137475  
1968  -49.221735673189464  
1969  -49.221735867251475  
1970  -49.221736093999006  
1971  -49.22173642328609  
1972  -49.221736133069534  
1973  -49.22173665547475  
1974  -49.22173707141624  
1975  -49.221737322544364  
1976  -49.22173766519307  
1977  -49.22173785167431  
1978  -49.22173809840829  
1979  -49.22173832065114  
1980  -49.22173850313573  
1981  -49.22173888759667  
1982  -49.22173907988591  
1983  -49.22173932969556  
1984  -49.22173947408676  
1985  -49.221739685975294  
1986  -49.221739876295274  
1987  -49.22174020022938  
1988  -49.22174036750728  
1989  -49.221740533127424  
1990  -49.22174079034602  
1991  -49.221740583793576  
1992  -49.22174096459601  
1993  -49.22174124745387  
1994  -49.22174147538073  
1995  -49.22174166582779  
1996  -49.22174183463592  
1997  -49.22174203284932  
1998  -49.22174229046367  
1999  -49.22174246548868  
2000  -49.221742609683716  
2001  -49.221742888612205  
2002  -49.22174301624  
2003  -49.2217431888104  
2004  -49.2217434687217  
2005  -49.22174372013426  
2006  -49.221743965934834  
2007  -49.22174417831094  
2008  -49.22174435032707  
2009  -49.22174461463555  
2010  -49.22174490457285  
2011  -49.22174508666372  
2012  -49.22174528257742  
2013  -49.221745410526985  
2014  -49.221745646579706  
2015  -49.221745791073445  
2016  -49.22174594927583  
2017  -49.22174624550881  
2018  -49.22174633551627  
2019  -49.22174663266054  
2020  -49.221746737708685  
2021  -49.22174693306487  
2022  -49.22174710298431  
2023  -49.22174733912209  
2024  -49.22174747026048  
2025  -49.2217476262447  
2026  -49.22174781795137  
2027  -49.22174800917322  
2028  -49.22174816403121  
2029  -49.22174832910379  
2030  -49.22174845550441  
2031  -49.221748640588046  
2032  -49.22174884759295  
2033  -49.22174899274867  
2034  -49.221749115280105  
2035  -49.22174930209472  
2036  -49.221749455743286  
2037  -49.22174961109807  
2038  -49.221749820215315  
2039  -49.221749949890835  
2040  -49.221750114413595  
2041  -49.22175028232848  
2042  -49.2217505075869  
2043  -49.22175063768188  
2044  -49.22175077954382  
2045  -49.22175092078147  
2046  -49.22175110064096  
2047  -49.22175126944506  
2048  -49.221751420942404  
2049  -49.22175156397864  
2050  -49.221751689189034  
2051  -49.221751894451536  
2052  -49.22175201333963  
2053  -49.22175214502949  
2054  -49.22175232520201  
2055  -49.22175243594763  
2056  -49.221752705019995  
2057  -49.2217529742489  
2058  -49.22175312669582  
2059  -49.22175332801005  
2060  -49.221753456024125  
2061  -49.22175362917561  
2062  -49.2217538482754  
2063  -49.22175395465203  
2064  -49.221754178471976  
2065  -49.22175434886496  
2066  -49.221754489352925  
2067  -49.22175465774727  
2068  -49.221754802444025  
2069  -49.22175499373213  
2070  -49.22175516110972  
2071  -49.2217552578938  
2072  -49.22175544546577  
2073  -49.22175558677766  
2074  -49.221755743971485  
2075  -49.22175586613303  
2076  -49.22175601117127  
2077  -49.22175613535261  
2078  -49.22175628259546  
2079  -49.22175645769647  
2080  -49.221756567888036  
2081  -49.221756794755485  
2082  -49.22175687991534  
2083  -49.22175711899948  
2084  -49.2217572533765  
2085  -49.22175737750065  
2086  -49.22175760461581  
2087  -49.22175756757973  
2088  -49.221757760329396  
2089  -49.221757962092624  
2090  -49.22175810527234  
2091  -49.22175826314965  
2092  -49.221758410423554  
2093  -49.221758527156915  
2094  -49.22175871525317  
2095  -49.22175881039647  
2096  -49.22175893456758  
2097  -49.22175913730267  
2098  -49.22175923824599  
2099  -49.22175942256778  
2100  -49.221759573505935  
2101  -49.221759720675244  
2102  -49.22175988860739  
2103  -49.22175999124388  
2104  -49.221760116399444  
2105  -49.22176028143073  
2106  -49.22176044445394  
2107  -49.22176058002627  
2108  -49.22176073728034  
2109  -49.221760815597854  
2110  -49.221760921214354  
2111  -49.221761112670286  
2112  -49.221761224073646  
2113  -49.221761314020355  
2114  -49.221761518804655  
2115  -49.22176159103694  
2116  -49.22176173167148  
2117  -49.22176178937405  
2118  -49.221761966890945  
2119  -49.22176205535995  
2120  -49.2217621447959  
2121  -49.22176231183595  
2122  -49.22176218563969  
2123  -49.221762414531455  
2124  -49.221762567640404  
2125  -49.22176267950889  
2126  -49.22176282765211  
2127  -49.22176290680139  
2128  -49.2217630482378  
2129  -49.221763147579416  
2130  -49.22176323803083  
2131  -49.22176341105194  
2132  -49.2217633872834  
2133  -49.221763523983064  
2134  -49.22176365435797  
2135  -49.221763765852174  
2136  -49.22176386808113  
2137  -49.22176398578751  
2138  -49.221764109897585  
2139  -49.22176423701762  
2140  -49.22176433199916  
2141  -49.22176447856598  
2142  -49.22176460891367  
2143  -49.22176473764043  
2144  -49.22176484967694  
2145  -49.22176496956594  
2146  -49.22176508453876  
2147  -49.22176517401367  
2148  -49.22176528216467  
2149  -49.221765390246226  
2150  -49.221765486623774  
2151  -49.22176559049393  
2152  -49.221765696232275  
2153  -49.22176581956669  
2154  -49.22176592905758  
2155  -49.2217660213653  
2156  -49.221766118844535  
2157  -49.22176625797958  
2158  -49.221766358829356  
2159  -49.2217664346248  
2160  -49.22176655349861  
2161  -49.221766634932436  
2162  -49.221766748853625  
2163  -49.221766838096634  
2164  -49.22176692689073  
2165  -49.22176702743642  
2166  -49.221767111287804  
2167  -49.22176721046832  
2168  -49.22176729062151  
2169  -49.221767381370576  
2170  -49.22176746499501  
2171  -49.22176756296784  
2172  -49.221767625129516  
2173  -49.2217676984074  
2174  -49.22176777626102  
2175  -49.22176787316173  
2176  -49.22176795043064  
2177  -49.22176802116037  
2178  -49.22176810718426  
2179  -49.22176821252347  
2180  -49.2217682734673  
2181  -49.22176837255977  
2182  -49.22176843290429  
2183  -49.22176854000255  
2184  -49.22176861333565  
2185  -49.22176867194099  
2186  -49.22176879311942  
2187  -49.221768746258846  
2188  -49.221768867062636  
2189  -49.221768965468996  
2190  -49.22176904693054  
2191  -49.22176912718798  
2192  -49.221769215284375  
2193  -49.221769296121565  
2194  -49.22176939405698  
2195  -49.22176947955802  
2196  -49.221769552835184  
2197  -49.22176967595141  
2198  -49.22176974622341  
2199  -49.22176981022154  
2200  -49.22176993617073  
2201  -49.22177000349397  
2202  -49.22177012051369  
2203  -49.221770190360814  
2204  -49.221770289812035  
2205  -49.22177036802315  
2206  -49.22177044795313  
2207  -49.22177049991982  
2208  -49.22177061990387  
2209  -49.22177067593358  
2210  -49.22177073972462  
2211  -49.22177083013536  
2212  -49.221770869516476  
2213  -49.221770969288386  
2214  -49.22177100894666  
2215  -49.221771077764686  
2216  -49.22177116561547  
2217  -49.22177126903268  
2218  -49.22177133488465  
2219  -49.22177140443261  
2220  -49.221771473403024  
2221  -49.22177156349506  
2222  -49.22177167112219  
2223  -49.22177176080748  
2224  -49.22177180803933  
2225  -49.221771929410274  
2226  -49.221771988644235  
2227  -49.221772063604085  
2228  -49.22177213811322  
2229  -49.22177220811581  
2230  -49.22177228345897  
2231  -49.22177239484241  
2232  -49.22177245941252  
2233  -49.221772534649325  
2234  -49.22177260317489  
2235  -49.22177270289999  
2236  -49.22177278277262  
2237  -49.22177285329252  
2238  -49.221772909387475  
2239  -49.22177301693902  
2240  -49.221773089138345  
2241  -49.221773159115735  
2242  -49.22177327503559  
2243  -49.221773333297534  
2244  -49.22177344070574  
2245  -49.22177348514358  
2246  -49.22177356014442  
2247  -49.221773625218844  
2248  -49.22177373771998  
2249  -49.221773796116295  
2250  -49.2217738548117  
2251  -49.22177394672806  
2252  -49.22177396437656  
2253  -49.221774107081856  
2254  -49.22177415303608  
2255  -49.22177421972907  
2256  -49.2217743198391  
2257  -49.22177438425512  
2258  -49.22177450400693  
2259  -49.22177456535867  
2260  -49.22177464048126  
2261  -49.221774715177716  
2262  -49.221774839470825  
2263  -49.22177490210329  
2264  -49.221774976611954  
2265  -49.221775072142016  
2266  -49.22177517390765  
2267  -49.221775253903466  
2268  -49.22177534664418  
2269  -49.22177541674759  
2270  -49.22177551244232  
2271  -49.22177562692289  
2272  -49.221775710488316  
2273  -49.221775788142075  
2274  -49.22177591048782  
2275  -49.221775974756675  
2276  -49.2217760567588  
2277  -49.2217761877195  
2278  -49.22177624111226  
2279  -49.221776308848085  
2280  -49.2217763975127  
2281  -49.22177646021502  
2282  -49.22177657406018  
2283  -49.22177668423168  
2284  -49.22177674631592  
2285  -49.22177683499344  
2286  -49.22177689401807  
2287  -49.22177696580833  
2288  -49.22177708443367  
2289  -49.22177714217765  
2290  -49.221777265267505  
2291  -49.22177733088253  
2292  -49.22177742058184  
2293  -49.221777491073844  
2294  -49.22177755415983  
2295  -49.22177766097502  
2296  -49.22177775323765  
2297  -49.22177783326249  
2298  -49.22177792001502  
2299  -49.22177799426441  
2300  -49.22177811691602  
2301  -49.22177821678001  
2302  -49.22177829038795  
2303  -49.221778382321475  
2304  -49.22177846715641  
2305  -49.221778562384145  
2306  -49.221778652948444  
2307  -49.22177872093821  
2308  -49.22177882396187  
2309  -49.221778927446756  
2310  -49.22177900440145  
2311  -49.22177909906567  
2312  -49.22177912903788  
2313  -49.221779256271475  
2314  -49.22177930439627  
2315  -49.221779371954355  
2316  -49.221779466555695  
2317  -49.221779555284904  
2318  -49.22177961513289  
2319  -49.22177968829722  
2320  -49.22177974599434  
2321  -49.221779829076404  
2322  -49.22177990197361  
2323  -49.22177999803824  
2324  -49.22178005268412  
2325  -49.221780144534335  
2326  -49.221780146558125  
2327  -49.22178019328733  
2328  -49.22178025327425  
2329  -49.22178034634727  
2330  -49.22178041409386  
2331  -49.22178049099526  
2332  -49.22178055749193  
2333  -49.22178061785969  
2334  -49.22178067159112  
2335  -49.22178073240692  
2336  -49.221780795302024  
2337  -49.22178086174969  
2338  -49.221780904865284  
2339  -49.221780968399635  
2340  -49.221781002207464  
2341  -49.221781062738245  
2342  -49.221781129083816  
2343  -49.2217811771151  
2344  -49.22178126207061  
2345  -49.221781284733595  
2346  -49.22178136758402  
2347  -49.22178139682447  
2348  -49.22178145580821  
2349  -49.22178152101834  
2350  -49.22178158151712  
2351  -49.2217816360003  
2352  -49.221781702774386  
2353  -49.22178175020321  
2354  -49.22178182022841  
2355  -49.221781887056125  
2356  -49.22178194214635  
2357  -49.221782003291786  
2358  -49.221782039887415  
2359  -49.22178211283778  
2360  -49.2217821545869  
2361  -49.22178219846614  
2362  -49.2217822733269  
2363  -49.2217823411127  
2364  -49.22178239024275  
2365  -49.221782439231156  
2366  -49.22178248263063  
2367  -49.22178254666294  
2368  -49.221782618894096  
2369  -49.22178267493563  
2370  -49.2217827220028  
2371  -49.221782779815776  
2372  -49.22178282807521  
2373  -49.22178289611677  
2374  -49.22178296485528  
2375  -49.22178302262894  
2376  -49.221783075692386  
2377  -49.22178314060086  
2378  -49.22178321091467  
2379  -49.221783251234015  
2380  -49.221783349463  
2381  -49.221783390161804  
2382  -49.221783441901046  
2383  -49.221783513099716  
2384  -49.22178359761275  
2385  -49.22178366034499  
2386  -49.22178372654708  
2387  -49.22178378487511  
2388  -49.221783855969925  
2389  -49.2217839467545  
2390  -49.22178400863116  
2391  -49.22178409275139  
2392  -49.221784162475366  
2393  -49.22178424212978  
2394  -49.221784265886946  
2395  -49.221784382881  
2396  -49.22178443290925  
2397  -49.22178448937245  
2398  -49.221784572673954  
2399  -49.22178444229194  
2400  -49.22178463151362  
2401  -49.221784740128165  
2402  -49.22178480137859  
2403  -49.22178487317235  
2404  -49.22178494646243  
2405  -49.22178502661017  
2406  -49.221785172172076  
2407  -49.22178520379938  
2408  -49.22178528861764  
2409  -49.22178534632285  
2410  -49.22178543179613  
2411  -49.22178553780831  
2412  -49.22178549674114  
2413  -49.22178560642826  
2414  -49.221785694619975  
2415  -49.2217857667429  
2416  -49.22178584917546  
2417  -49.22178590655378  
2418  -49.221786015720404  
2419  -49.221786080013786  
2420  -49.22178613246174  
2421  -49.221786246695025  
2422  -49.221786164958694  
2423  -49.22178631415803  
2424  -49.221786443653954  
2425  -49.22178652755251  
2426  -49.22178662441678  
2427  -49.2217867030703  
2428  -49.22178678124639  
2429  -49.22178689871129  
2430  -49.221786961653045  
2431  -49.2217870381128  
2432  -49.221787137776715  
2433  -49.221787240570514  
2434  -49.22178728944921  
2435  -49.22178738222364  
2436  -49.221787466507834  
2437  -49.221787567068326  
2438  -49.221787666724794  
2439  -49.22178775507898  
2440  -49.221787831947665  
2441  -49.22178792727422  
2442  -49.22178802341035  
2443  -49.22178811516538  
2444  -49.221788187510924  
2445  -49.22178826947017  
2446  -49.2217883426462  
2447  -49.22178841757134  
2448  -49.221788480100514  
2449  -49.221788547527865  
2450  -49.221788582828985  
2451  -49.22178868540581  
2452  -49.22178873508879  
2453  -49.22178877844039  
2454  -49.221788862457835  
2455  -49.22178887278247  
2456  -49.22178893081865  
2457  -49.22178902674497  
2458  -49.22178908428009  
2459  -49.221789150546286  
2460  -49.221789217917205  
2461  -49.22178928397318  
2462  -49.22178936876336  
2463  -49.22178943625031  
2464  -49.22178949049148  
2465  -49.221789576813215  
2466  -49.22178963287427  
2467  -49.221789690402424  
2468  -49.22178977890284  
2469  -49.22178982963413  
2470  -49.221789862803085  
2471  -49.22178995187041  
2472  -49.221789993363885  
2473  -49.221790047843584  
2474  -49.22179014184586  
2475  -49.22179020689767  
2476  -49.22179024083569  
2477  -49.22179037052551  
2478  -49.221790397980065  
2479  -49.221790472155384  
2480  -49.22179052037979  
2481  -49.22179058393232  
2482  -49.22179066168434  
2483  -49.221790476885836  
2484  -49.22179069985647  
2485  -49.221790780565016  
2486  -49.221790833428294  
2487  -49.22179090264987  
2488  -49.22179095124929  
2489  -49.22179099544636  
2490  -49.22179105786096  
2491  -49.22179110209144  
2492  -49.22179117455903  
2493  -49.22179123999213  
2494  -49.22179128658176  
2495  -49.22179134533241  
2496  -49.221791389732076  
2497  -49.22179146508638  
2498  -49.22179152608196  
2499  -49.221791573385595  
2500  -49.221791684189185  
2501  -49.2217916115992  
2502  -49.22179173783277  
2503  -49.22179181449919  
2504  -49.22179187807226  
2505  -49.221791964844066  
2506  -49.221792043749154  
2507  -49.22179211229479  
2508  -49.221792211601596  
2509  -49.22179227634409  
2510  -49.22179235253956  
2511  -49.221792456045364  
2512  -49.221792542218154  
2513  -49.22179258625892  
2514  -49.22179270604997  
2515  -49.22179273239469  
2516  -49.221792822550604  
2517  -49.221792882925705  
2518  -49.22179295534693  
2519  -49.22179304756644  
2520  -49.22179284836198  
2521  -49.22179309940945  
2522  -49.22179319992012  
2523  -49.22179327423558  
2524  -49.2217933736601  
2525  -49.22179345430567  
2526  -49.22179351876438  
2527  -49.22179364061358  
2528  -49.22179371101031  
2529  -49.221793805167806  
2530  -49.22179392856213  
2531  -49.221794018785474  
2532  -49.22179409158084  
2533  -49.221794225097426  
2534  -49.221794322035606  
2535  -49.22179447806173  
2536  -49.221794617425836  
2537  -49.221794744243155  
2538  -49.2217948275629  
2539  -49.221794932698394  
2540  -49.22179502526336  
2541  -49.22179512565093  
2542  -49.22179523199012  
2543  -49.22179530594716  
2544  -49.22179541541706  
2545  -49.22179550887664  
2546  -49.221795601856584  
2547  -49.22179569359202  
2548  -49.22179580465562  
2549  -49.22179591594158  
2550  -49.22179601679497  
2551  -49.22179610880021  
2552  -49.221796224980864  
2553  -49.221796327974054  
2554  -49.22179644482745  
2555  -49.22179654620502  
2556  -49.2217966598611  
2557  -49.221796758354266  
2558  -49.22179684644979  
2559  -49.22179702589103  
2560  -49.22179709475389  
2561  -49.22179720666683  
2562  -49.22179733764209  
2563  -49.22179742724992  
2564  -49.22179761725217  
2565  -49.22179771485362  
2566  -49.22179784051546  
2567  -49.221797903455276  
2568  -49.221798016466316  
