0  1.8454345193863597  
1  -0.35338970774034756  
2  -5.834744903173001  
3  -4.006309637788107  
4  -13.439692458842886  
5  -13.90248656509967  
6  -19.064045832343986  
7  -20.442823359477146  
8  -22.88888782598771  
9  -26.487837151647938  
10  -29.714193840521553  
11  -33.575820855866745  
12  -34.78234261752605  
13  -36.694123937911016  
14  -37.53194654401325  
15  -38.43699223931616  
16  -40.13574496774715  
17  -40.745644059056005  
18  -42.033191043129385  
19  -42.68730887296772  
20  -43.42497379068249  
21  -43.95655908357608  
22  -44.742592918131756  
23  -45.152330381371755  
24  -45.572306926872386  
25  -45.598605391125645  
26  -46.160619745450255  
27  -46.309906833003524  
28  -46.487150544346434  
29  -46.697196890577096  
30  -46.68777842013533  
31  -46.81649685926384  
32  -46.92306587409893  
33  -46.99832138670136  
34  -47.08708612302551  
35  -47.15855944053742  
36  -47.21285948240205  
37  -47.25927130326323  
38  -47.301103434781744  
39  -47.314936007608225  
40  -47.395210952164376  
41  -47.415246826869044  
42  -47.44529665034964  
43  -47.48044846957109  
44  -47.51165318977992  
45  -47.53660244586381  
46  -47.55811794642182  
47  -47.579199650415255  
48  -47.601657489670565  
49  -47.627960274994386  
50  -47.64293225197982  
51  -47.66302918194318  
52  -47.673656461631914  
53  -47.70871595368128  
54  -47.723777581000355  
55  -47.74143983141278  
56  -47.76773668690864  
57  -47.767156607081176  
58  -47.78677218887584  
59  -47.81022216693291  
60  -47.82559853718089  
61  -47.844484613498174  
62  -47.86281820897032  
63  -47.877309050671734  
64  -47.89740864746046  
65  -47.90881354146499  
66  -47.919891185732986  
67  -47.936822577937484  
68  -47.94617446011339  
69  -47.96079315981235  
70  -47.97150913396494  
71  -47.98670514864165  
72  -47.99446520417711  
73  -48.0054047459728  
74  -48.00518287026983  
75  -48.012733091320854  
76  -48.023706806051926  
77  -48.036344476855085  
78  -48.04618650826712  
79  -48.05730493153183  
80  -48.070926482249845  
81  -48.083996807176646  
82  -48.09726888714731  
83  -48.10839416411032  
84  -48.124211766757355  
85  -48.13495614252969  
86  -48.143988361277906  
87  -48.15815158272962  
88  -48.1649116225552  
89  -48.17290737546762  
90  -48.185867294574  
91  -48.194568119529926  
92  -48.199286702674236  
93  -48.20801855339938  
94  -48.214550463756225  
95  -48.219815676918465  
96  -48.22720686780928  
97  -48.23174188356751  
98  -48.23684403054825  
99  -48.243985285208645  
100  -48.25100454350886  
101  -48.25507210873764  
102  -48.26092415380095  
103  -48.26463941052699  
104  -48.268991215971496  
105  -48.2759863294221  
106  -48.27969633339422  
107  -48.28798557416645  
108  -48.2930860626834  
109  -48.29936862929235  
110  -48.305866527377944  
111  -48.31105976683681  
112  -48.3179828855205  
113  -48.32713819461058  
114  -48.33256899051659  
115  -48.34078817734254  
116  -48.34754121044855  
117  -48.356652770604434  
118  -48.36741872132012  
119  -48.37488771519658  
120  -48.38482201689779  
121  -48.39515887603177  
122  -48.403805297769004  
123  -48.41185989408641  
124  -48.42008014985516  
125  -48.42730846027488  
126  -48.43370648669079  
127  -48.43945435561779  
128  -48.44730333005537  
129  -48.45329344210575  
130  -48.457674528395074  
131  -48.4635657072125  
132  -48.46854585113892  
133  -48.47451011318762  
134  -48.47884937203639  
135  -48.48384603191926  
136  -48.48742311974235  
137  -48.49539830907999  
138  -48.498524925211825  
139  -48.503278302481924  
140  -48.50567614965269  
141  -48.51209628947433  
142  -48.515375045742886  
143  -48.51839574221091  
144  -48.5234760677583  
145  -48.51965945097063  
146  -48.52655519368774  
147  -48.532242141742636  
148  -48.53600176110142  
149  -48.540509564730854  
150  -48.54373186903955  
151  -48.54653141828831  
152  -48.55069213550393  
153  -48.55308434442088  
154  -48.5561090439217  
155  -48.56000288989025  
156  -48.563192563188544  
157  -48.565305345986616  
158  -48.570157228940914  
159  -48.572038778477804  
160  -48.575404957411834  
161  -48.57866862243497  
162  -48.58170358412363  
163  -48.58701796830077  
164  -48.577873542149305  
165  -48.59003604736494  
166  -48.596352718966976  
167  -48.60100345012316  
168  -48.60623962049882  
169  -48.61126204163697  
170  -48.615333763057365  
171  -48.62164221056533  
172  -48.625220508199774  
173  -48.63132725230213  
174  -48.6361491378596  
175  -48.64027400714235  
176  -48.64813465529406  
177  -48.651295146650604  
178  -48.658443272450874  
179  -48.66129381930029  
180  -48.6658334958493  
181  -48.666874728614786  
182  -48.674345852646574  
183  -48.67635933499383  
184  -48.67880449510133  
185  -48.68206386112975  
186  -48.679408836841276  
187  -48.6841849589459  
188  -48.68753351532055  
189  -48.68952636173438  
190  -48.69172176185167  
191  -48.6931404517529  
192  -48.695091685888166  
193  -48.696895564025816  
194  -48.69817514979491  
195  -48.7009108378807  
196  -48.70348982246325  
197  -48.705015160497126  
198  -48.70751655367299  
199  -48.708927059961646  
200  -48.71065252811352  
201  -48.713123876125515  
202  -48.714588003984005  
203  -48.71702590762921  
204  -48.72072434261564  
205  -48.72228310528845  
206  -48.72559972539025  
207  -48.72685300755378  
208  -48.73045260917007  
209  -48.73270860809804  
210  -48.735060202316696  
211  -48.73902662732256  
212  -48.736448178616115  
213  -48.74156304010901  
214  -48.74554871139603  
215  -48.74853259298362  
216  -48.751937981720445  
217  -48.75511797169368  
218  -48.757566807915964  
219  -48.76051498193244  
220  -48.762530180161505  
221  -48.764644000340674  
222  -48.767797194513136  
223  -48.769455613565306  
224  -48.77089292906084  
225  -48.77365965596296  
226  -48.774825238383244  
227  -48.776136371381604  
228  -48.778148300597664  
229  -48.779064784138136  
230  -48.77963144168722  
231  -48.782608927330045  
232  -48.78319647502818  
233  -48.78458159215091  
234  -48.78486044478123  
235  -48.786511355922705  
236  -48.78717448218792  
237  -48.788083323188154  
238  -48.789482665905275  
239  -48.78863053065131  
240  -48.790287444754604  
241  -48.791624653188386  
242  -48.79266670830599  
243  -48.79409146721351  
244  -48.79502155397208  
245  -48.796376796630106  
246  -48.79752143490212  
247  -48.79862888175501  
248  -48.800462812896804  
249  -48.80217616778387  
250  -48.80360171718479  
251  -48.805520357176995  
252  -48.80693820289172  
253  -48.809230938369545  
254  -48.81112788084251  
255  -48.81321336892961  
256  -48.81516117100168  
257  -48.81735588376364  
258  -48.81990069563037  
259  -48.821830980649466  
260  -48.82383851076889  
261  -48.82602334836769  
262  -48.82816312891663  
263  -48.830260167754396  
264  -48.831895478677836  
265  -48.83421813023966  
266  -48.83590761426145  
267  -48.83751408068014  
268  -48.8392199392101  
269  -48.840544537913146  
270  -48.84190837975758  
271  -48.84287937059681  
272  -48.84397682149035  
273  -48.84496744951938  
274  -48.84653818095916  
275  -48.847159327856716  
276  -48.84805241653502  
277  -48.84895202126296  
278  -48.8500667483544  
279  -48.85078036544607  
280  -48.85157861025761  
281  -48.85225005038658  
282  -48.85315012093122  
283  -48.85378439858939  
284  -48.85442555421328  
285  -48.85495210766592  
286  -48.85583650916971  
287  -48.85635086817444  
288  -48.85688342434971  
289  -48.8576996280627  
290  -48.85841504381262  
291  -48.85896559811167  
292  -48.85953919654754  
293  -48.860050788967904  
294  -48.86088891034836  
295  -48.861486182830475  
296  -48.862033671404475  
297  -48.862673608830505  
298  -48.86323461737568  
299  -48.863919166193654  
300  -48.86454782256404  
301  -48.86519928276049  
302  -48.86575771879218  
303  -48.86651208780396  
304  -48.86717770896798  
305  -48.86781632497764  
306  -48.868311553938774  
307  -48.86950371551427  
308  -48.870085353284885  
309  -48.870747301563476  
310  -48.87178052236757  
311  -48.87135102743669  
312  -48.872573593465  
313  -48.873956284496366  
314  -48.87499466815025  
315  -48.876249647991415  
316  -48.877406254154046  
317  -48.87885537216689  
318  -48.880709732129894  
319  -48.88203379942415  
320  -48.88347136798837  
321  -48.8850064073373  
322  -48.88703763653749  
323  -48.88863223638172  
324  -48.890606651245804  
325  -48.89239688340502  
326  -48.894015057617956  
327  -48.89612314188958  
328  -48.89889256927798  
329  -48.90066281439802  
330  -48.90291247590409  
331  -48.90435107921728  
332  -48.906839922467746  
333  -48.90907281928018  
334  -48.910927457315395  
335  -48.91394443676852  
336  -48.91570404187255  
337  -48.91765465070619  
338  -48.918894651848774  
339  -48.92054971555244  
340  -48.92115163743684  
341  -48.92361486860536  
342  -48.924374350194626  
343  -48.92549630471255  
344  -48.92696950705462  
345  -48.927189004871934  
346  -48.929097843001486  
347  -48.92961911774114  
348  -48.93048185169787  
349  -48.9316288430701  
350  -48.932511509639596  
351  -48.933499953513866  
352  -48.934189718148936  
353  -48.93487968349713  
354  -48.93474011844172  
355  -48.935529989082674  
356  -48.93655808455775  
357  -48.93728846937799  
358  -48.93804033815167  
359  -48.93866854867896  
360  -48.93928716051537  
361  -48.94012394375751  
362  -48.94059683977096  
363  -48.94115147916067  
364  -48.94203705463821  
365  -48.94243897097583  
366  -48.94287071246034  
367  -48.943683532061954  
368  -48.944096511369196  
369  -48.94482202106039  
370  -48.94537239837158  
371  -48.94587050910312  
372  -48.946398901670136  
373  -48.946883393992195  
374  -48.94742735684601  
375  -48.94798187564299  
376  -48.94844888594863  
377  -48.948987321963294  
378  -48.94942977848886  
379  -48.94999606832054  
380  -48.95048549775522  
381  -48.95095826010666  
382  -48.95143620494562  
383  -48.95183184079788  
384  -48.95237797495146  
385  -48.953010802706395  
386  -48.95349157355093  
387  -48.9538419203536  
388  -48.954440540246416  
389  -48.954914235059746  
390  -48.95551881865934  
391  -48.956039866333754  
392  -48.956501734918334  
393  -48.95707002156958  
394  -48.957564929931635  
395  -48.95814376172119  
396  -48.95862937014478  
397  -48.95910646722971  
398  -48.9595597503284  
399  -48.960369861419906  
400  -48.960767949159745  
401  -48.961348370217614  
402  -48.96187419538397  
403  -48.9626935871884  
404  -48.96326831542039  
405  -48.96378779326499  
406  -48.96445454800185  
407  -48.96527252936666  
408  -48.965893711125744  
409  -48.96660297746451  
410  -48.96717419079896  
411  -48.96779378732861  
412  -48.9687633158106  
413  -48.96931585332125  
414  -48.970385945936506  
415  -48.971146555480786  
416  -48.971887592080364  
417  -48.97287385152613  
418  -48.97357058162772  
419  -48.974420535505466  
420  -48.97527705376612  
421  -48.97613179202298  
422  -48.976911495467164  
423  -48.9777733651596  
424  -48.97850939598438  
425  -48.97932420842692  
426  -48.98036497418985  
427  -48.981225277971106  
428  -48.981892789223586  
429  -48.98300521266738  
430  -48.983104144758485  
431  -48.9836175496933  
432  -48.98435937772037  
433  -48.985581095751414  
434  -48.98626191527903  
435  -48.98728327012831  
436  -48.98805363936354  
437  -48.98950292249822  
438  -48.990003088194364  
439  -48.991177826068125  
440  -48.992048149829785  
441  -48.99329360612906  
442  -48.99430799137663  
443  -48.99519248741422  
444  -48.9963867889436  
445  -48.99774270850001  
446  -48.99876403051181  
447  -48.9999621821628  
448  -49.00088897235574  
449  -49.00173203495381  
450  -49.00313873072898  
451  -49.00402404871273  
452  -49.00479222900671  
453  -49.006251598872794  
454  -49.00698634275618  
455  -49.00778771449594  
456  -49.00954080364954  
457  -49.010167066177715  
458  -49.01070026708283  
459  -49.0119982818435  
460  -49.0127614937193  
461  -49.01400239921136  
462  -49.01532404753919  
463  -49.015998581124975  
464  -49.01686986086246  
465  -49.01784304789231  
466  -49.0190312843248  
467  -49.019840116166336  
468  -49.02058984206631  
469  -49.02157228133085  
470  -49.0225900171355  
471  -49.023689818351265  
472  -49.02459954693212  
473  -49.025529441202515  
474  -49.02658518382058  
475  -49.02742157462168  
476  -49.028708958066375  
477  -49.02936397017274  
478  -49.030231427512966  
479  -49.03116444499113  
480  -49.0324993892377  
481  -49.03343685094641  
482  -49.03431111057708  
483  -49.035583877597745  
484  -49.03697907926598  
485  -49.037936271089656  
486  -49.039100123115226  
487  -49.04012821008372  
488  -49.04130138317427  
489  -49.04277502351318  
490  -49.04386770424419  
491  -49.04473469594006  
492  -49.04629738097894  
493  -49.04682649763777  
494  -49.04776951142213  
495  -49.04851730898416  
496  -49.049425716779005  
497  -49.05059005026216  
498  -49.04737912657383  
499  -49.05115154048368  
500  -49.052333478191116  
501  -49.05310360285614  
502  -49.0539658889529  
503  -49.05469523775642  
504  -49.055216669973625  
505  -49.05609830680412  
506  -49.05660439626917  
507  -49.05707697916069  
508  -49.05781485648278  
509  -49.05822150920048  
510  -49.0589748431672  
511  -49.05936626233271  
512  -49.060015472456804  
513  -49.06048536540695  
514  -49.06082734206864  
515  -49.061303924830575  
516  -49.061923255343615  
517  -49.06230428494763  
518  -49.0627144566731  
519  -49.06290901609751  
520  -49.06339704362012  
521  -49.063735218925885  
522  -49.064039651810404  
523  -49.06452193114936  
524  -49.064962912801796  
525  -49.06528405779401  
526  -49.06558684247875  
527  -49.06587611228807  
528  -49.066343938260424  
529  -49.06670136818951  
530  -49.06705034935281  
531  -49.06730634261214  
532  -49.067659278423804  
533  -49.06797936353002  
534  -49.06820704249041  
535  -49.06854193248029  
536  -49.06877228815821  
537  -49.068998362735165  
538  -49.06933294264602  
539  -49.06951030398861  
540  -49.069690558295584  
541  -49.0700903892837  
542  -49.07026416654404  
543  -49.07040251079252  
544  -49.07063110532821  
545  -49.0708075876348  
546  -49.07105641064943  
547  -49.07133675084072  
548  -49.07149059686801  
549  -49.07169520296448  
550  -49.07186428778588  
551  -49.07205215511986  
552  -49.072310399070524  
553  -49.072424402072215  
554  -49.0725760014456  
555  -49.07279053081203  
556  -49.07308215581243  
557  -49.07317956486242  
558  -49.07342883385227  
559  -49.07341484739333  
560  -49.07356952135435  
561  -49.07373982957217  
562  -49.07398870482124  
563  -49.0741258486899  
564  -49.07427982996911  
565  -49.07448887540031  
566  -49.074644720408095  
567  -49.074880626160635  
568  -49.07509578721643  
569  -49.075317870588925  
570  -49.07549345013895  
571  -49.07568690705151  
572  -49.075963095996556  
573  -49.07619301378165  
574  -49.07639136899388  
575  -49.07668055010979  
576  -49.076842973526546  
577  -49.07703186235417  
578  -49.07726506167805  
579  -49.07747343621399  
580  -49.077704526412916  
581  -49.07805896807347  
582  -49.07821579141913  
583  -49.07848401132646  
584  -49.07868565599438  
585  -49.07899687311035  
586  -49.07929726525436  
587  -49.07952680205118  
588  -49.07984107572681  
589  -49.080194488349676  
590  -49.08042502319352  
591  -49.080778658030454  
592  -49.08103041907048  
593  -49.08124950574072  
594  -49.08162897027907  
595  -49.081868830845636  
596  -49.08231827557928  
597  -49.08254410956564  
598  -49.08290519174366  
599  -49.083174199588036  
600  -49.083417491134455  
601  -49.083765381564675  
602  -49.084177678013084  
603  -49.084446232687434  
604  -49.08478898661326  
605  -49.08502486235733  
606  -49.08532284903773  
607  -49.08576559176876  
608  -49.08600581524715  
609  -49.0863721390107  
610  -49.08690389360572  
611  -49.08714092205188  
612  -49.0875363916506  
613  -49.08786198890023  
614  -49.08830783733681  
615  -49.088761052386644  
616  -49.08907293531271  
617  -49.08990987032448  
618  -49.090271508703886  
619  -49.0908760125284  
620  -49.0911954971043  
621  -49.091698698069635  
622  -49.0922516203434  
623  -49.09298240593491  
624  -49.093452107064415  
625  -49.09400719648703  
626  -49.09455284990242  
627  -49.09520919242191  
628  -49.09577634478233  
629  -49.09624882206124  
630  -49.096756035129985  
631  -49.09731704065298  
632  -49.09790469556694  
633  -49.0984692268513  
634  -49.09919687189785  
635  -49.0997549513621  
636  -49.1002815776439  
637  -49.100756662974945  
638  -49.101496171182305  
639  -49.10203419081276  
640  -49.10249296929366  
641  -49.103006790490355  
642  -49.10365875971239  
643  -49.104134472072325  
644  -49.104681418494614  
645  -49.10510164142134  
646  -49.105552342352716  
647  -49.10610800054731  
648  -49.10647212448562  
649  -49.1071076251814  
650  -49.10767399948607  
651  -49.10802746908298  
652  -49.108569608525464  
653  -49.108929204016604  
654  -49.10941577005976  
655  -49.10980254859521  
656  -49.110114552841104  
657  -49.110772723725894  
658  -49.11110782105103  
659  -49.111553044042374  
660  -49.11182838693959  
661  -49.11218498970583  
662  -49.1126521887648  
663  -49.113157436995074  
664  -49.113446701221115  
665  -49.113888699078515  
666  -49.11417315719727  
667  -49.11451679991149  
668  -49.11502965216728  
669  -49.115272333201226  
670  -49.11580741571586  
671  -49.11621550802511  
672  -49.116693408375774  
673  -49.11702866082317  
674  -49.11728595223711  
675  -49.11757253755297  
676  -49.11803314532673  
677  -49.11830906136348  
678  -49.11862316367222  
679  -49.11896649893317  
680  -49.11937222109054  
681  -49.11967565668646  
682  -49.12002000051058  
683  -49.120236250678  
684  -49.12057026853592  
685  -49.12088657799302  
686  -49.12111347114705  
687  -49.121689055977384  
688  -49.121727663745524  
689  -49.12204804019824  
690  -49.122404908316994  
691  -49.1227276530056  
692  -49.12307389921023  
693  -49.1235050017912  
694  -49.12391672998808  
695  -49.12436504855303  
696  -49.12469313752841  
697  -49.125091903449295  
698  -49.125522855625604  
699  -49.12600985893945  
700  -49.1262859099291  
701  -49.126787311307936  
702  -49.12704270965529  
703  -49.12761065286045  
704  -49.12802131283932  
705  -49.128385387486816  
706  -49.12896379811064  
707  -49.128547369198074  
708  -49.12934534452475  
709  -49.12987358631654  
710  -49.13028612113149  
711  -49.13083730101441  
712  -49.13128510970385  
713  -49.131732178374165  
714  -49.13230651480718  
715  -49.13274304922785  
716  -49.13342169031157  
717  -49.13416080954681  
718  -49.13453707817796  
719  -49.13517879616001  
720  -49.13577580609023  
721  -49.13652325605185  
722  -49.13725286168466  
723  -49.137773232061576  
724  -49.13836727715344  
725  -49.1392517316508  
726  -49.139843429602486  
727  -49.140499222113995  
728  -49.14154320554898  
729  -49.14245250984395  
730  -49.143053788898754  
731  -49.14377635439759  
732  -49.14435456661518  
733  -49.14511958967599  
734  -49.14604624200926  
735  -49.14652924486295  
736  -49.14708153862092  
737  -49.14814957370557  
738  -49.14863430337055  
739  -49.149115752939345  
740  -49.14969835405802  
741  -49.15024646851373  
742  -49.15096806581737  
743  -49.151783548585065  
744  -49.152309317761336  
745  -49.15302341119541  
746  -49.153454778698645  
747  -49.15404216734668  
748  -49.154899795922134  
749  -49.15536139041515  
750  -49.15522421513488  
751  -49.15585223815515  
752  -49.15658465142392  
753  -49.15711367730673  
754  -49.15786390893214  
755  -49.158389971624295  
756  -49.159026605081564  
757  -49.159588397683024  
758  -49.160151148454965  
759  -49.16067228051939  
760  -49.16157086855801  
761  -49.16196882268677  
762  -49.16247362169195  
763  -49.16310631066211  
764  -49.163835808285285  
765  -49.16435846545362  
766  -49.164861799829815  
767  -49.16530236572813  
768  -49.165703518628725  
769  -49.166401027146975  
770  -49.16641846641381  
771  -49.16670830309571  
772  -49.16700238829962  
773  -49.1676183096242  
774  -49.167930981823176  
775  -49.1683257891413  
776  -49.16881151332104  
777  -49.16909245100464  
778  -49.169369472078046  
779  -49.16983591940236  
780  -49.17013347199416  
781  -49.17050609285063  
782  -49.170824302444124  
783  -49.17114460895061  
784  -49.17140897615636  
785  -49.17175565932611  
786  -49.17202648052427  
787  -49.172250053479324  
788  -49.17248903178266  
789  -49.17268814436863  
790  -49.17300716997216  
791  -49.17322208408428  
792  -49.173443998738186  
793  -49.1736272526166  
794  -49.17384499768044  
795  -49.17408061068839  
796  -49.174263253377966  
797  -49.17448157429847  
798  -49.17463517502508  
799  -49.17483100787284  
800  -49.175093037743444  
801  -49.17522174676045  
802  -49.17534175258126  
803  -49.175571913391934  
804  -49.17569754830165  
805  -49.175836481459896  
806  -49.1760745155957  
807  -49.17616355037866  
808  -49.17624424473704  
809  -49.17643355312723  
810  -49.17654025475254  
811  -49.176475971370095  
812  -49.176641389944585  
813  -49.17679407002582  
814  -49.176899311670454  
815  -49.17702148726157  
816  -49.177138518066435  
817  -49.177235344708514  
818  -49.17738100768441  
819  -49.17745646966228  
820  -49.177554805864766  
821  -49.17767806186635  
822  -49.17775412609521  
823  -49.17788641555708  
824  -49.17803830194937  
825  -49.17811543907472  
826  -49.17822423678948  
827  -49.178320478248615  
828  -49.17843614722761  
829  -49.17853548675479  
830  -49.17860018307261  
831  -49.178731104572734  
832  -49.17880411938215  
833  -49.17890888999979  
834  -49.178983353787174  
835  -49.17905287225722  
836  -49.17917749032331  
837  -49.17924983919024  
838  -49.17933881162296  
839  -49.17939702204155  
840  -49.17946027861601  
841  -49.17957480213202  
842  -49.17968716388697  
843  -49.17975556530998  
844  -49.17984378493295  
845  -49.17990806830545  
846  -49.17999580507829  
847  -49.18010030286888  
848  -49.180167951159355  
849  -49.18021980688326  
850  -49.180360889718806  
851  -49.18040829708689  
852  -49.180480164083505  
853  -49.180539438436256  
854  -49.180611494739594  
855  -49.18071311741807  
856  -49.1805779527844  
857  -49.18076624561132  
858  -49.18087198414469  
859  -49.18095108333889  
860  -49.18104403419992  
861  -49.18112080275148  
862  -49.18119304961038  
863  -49.18130860077756  
864  -49.181372473464855  
865  -49.1814574941076  
866  -49.18158369929934  
867  -49.181684242892736  
868  -49.181737380704504  
869  -49.181836812280466  
870  -49.181911751176024  
871  -49.182003190516134  
872  -49.18210526006539  
873  -49.18216286164256  
874  -49.18223979881955  
875  -49.182320454427575  
876  -49.18243670307809  
877  -49.18249447511525  
878  -49.182596921049104  
879  -49.18265506296138  
880  -49.18277879070862  
881  -49.18284412541369  
882  -49.18291170057696  
883  -49.18302400435816  
884  -49.18309419693118  
885  -49.183228573465584  
886  -49.1832852672769  
887  -49.18335919393442  
888  -49.183440123621466  
889  -49.18356396955582  
890  -49.183651673574346  
891  -49.18372785199155  
892  -49.18384223266117  
893  -49.183914963873924  
894  -49.18403679918162  
895  -49.18410843007392  
896  -49.18419654711124  
897  -49.18434530321033  
898  -49.184453170611484  
899  -49.18454122644844  
900  -49.18463182033267  
901  -49.18472240846473  
902  -49.184851815270946  
903  -49.18499113074035  
904  -49.18506605333712  
905  -49.18517337677252  
906  -49.18528668420306  
907  -49.18542044191127  
908  -49.18554424913268  
909  -49.18564490936209  
910  -49.18575563578128  
911  -49.185869807712415  
912  -49.18600754345256  
913  -49.18614236307151  
914  -49.186269289754016  
915  -49.18643416172864  
916  -49.18654086104912  
917  -49.18664740210288  
918  -49.186814772715245  
919  -49.18693010180182  
920  -49.18695759624978  
921  -49.18724792991864  
922  -49.187333242648066  
923  -49.1874625026944  
924  -49.18763022465109  
925  -49.18753948506804  
926  -49.18774770484676  
927  -49.1879271340874  
928  -49.18805025369345  
929  -49.18820194592411  
930  -49.1883390867954  
931  -49.18844218036828  
932  -49.18860229423686  
933  -49.18870510951392  
934  -49.18880030696591  
935  -49.188992955634475  
936  -49.18907191931913  
937  -49.18916681679458  
938  -49.189350070810676  
939  -49.1894369445781  
940  -49.18953912896864  
941  -49.18979122540467  
942  -49.18985977186421  
943  -49.190000498838074  
944  -49.19006077043806  
945  -49.190241102421346  
946  -49.190335361649815  
947  -49.19043827971496  
948  -49.1906141359017  
949  -49.190670297878754  
950  -49.19085694523395  
951  -49.190926892174836  
952  -49.19105510271953  
953  -49.19119809189239  
954  -49.19136181241665  
955  -49.19147056408994  
956  -49.19161970297426  
957  -49.191754953040316  
958  -49.19192622196612  
959  -49.19209248534512  
960  -49.19223382453502  
961  -49.192354043259904  
962  -49.192522264837415  
963  -49.192676268052644  
964  -49.1928224014558  
965  -49.192949897020426  
966  -49.1930831114336  
967  -49.19318274598134  
968  -49.193358615543275  
969  -49.193524907158405  
970  -49.193683429420254  
971  -49.19380087253707  
972  -49.19394669551996  
973  -49.19414683581658  
974  -49.194337886517914  
975  -49.19450967800076  
976  -49.19465025332992  
977  -49.19480051518  
978  -49.19498124407282  
979  -49.19513404590663  
980  -49.19528255595077  
981  -49.19545123696789  
982  -49.1956118600227  
983  -49.19573214903371  
984  -49.195953456397795  
985  -49.19598117129951  
986  -49.196211085744984  
987  -49.1963165953539  
988  -49.19643823025711  
989  -49.19661991552272  
990  -49.19656138942033  
991  -49.196762117368856  
992  -49.19698179226885  
993  -49.197127262400834  
994  -49.197366006590556  
995  -49.19748200422839  
996  -49.197677735901316  
997  -49.1978461652092  
998  -49.198010102948686  
999  -49.19829317845208  
1000  -49.19820088854104  
1001  -49.198456166048345  
1002  -49.19865904032202  
1003  -49.19888683903838  
1004  -49.199071702439674  
1005  -49.199297041656735  
1006  -49.19950611396631  
1007  -49.19971726861532  
1008  -49.19987899494119  
1009  -49.20011174415408  
1010  -49.20031388466919  
1011  -49.20047883572988  
1012  -49.20067744916125  
1013  -49.2008260069484  
1014  -49.20100636628272  
1015  -49.201209530655014  
1016  -49.20136646430537  
1017  -49.20153313988546  
1018  -49.2017079451326  
1019  -49.201861547788795  
1020  -49.20203776258294  
1021  -49.20224639996872  
1022  -49.20241375237076  
1023  -49.202562250917886  
1024  -49.20271858173151  
1025  -49.202917298919935  
1026  -49.20308175648955  
1027  -49.203190980984104  
1028  -49.20337860674002  
1029  -49.20348874625577  
1030  -49.2036116096356  
1031  -49.20380630168949  
1032  -49.20391069831381  
1033  -49.204121612227944  
1034  -49.20422577382138  
1035  -49.20439608535603  
1036  -49.204536661828634  
1037  -49.2046802610064  
1038  -49.20487481060383  
1039  -49.20504834538551  
1040  -49.205186922980495  
1041  -49.20538047538284  
1042  -49.205512563471295  
1043  -49.205713632349244  
1044  -49.20584862756272  
1045  -49.205993534858884  
1046  -49.20613788794424  
1047  -49.206288701142775  
1048  -49.206450683474465  
1049  -49.206580992092164  
1050  -49.2067334244479  
1051  -49.20686418313229  
1052  -49.207016026219854  
1053  -49.207142784566976  
1054  -49.2072505779383  
1055  -49.207375772674744  
1056  -49.207489225384066  
1057  -49.207592636662014  
1058  -49.207684488236175  
1059  -49.207809567838765  
1060  -49.20789552947871  
1061  -49.20798172196899  
1062  -49.208079751179646  
1063  -49.20815889656853  
1064  -49.20827434325221  
1065  -49.20836929413371  
1066  -49.20846760710017  
1067  -49.208549248085895  
1068  -49.208638301811206  
1069  -49.20873432441328  
1070  -49.20879518850305  
1071  -49.208917477970566  
1072  -49.208983815081005  
1073  -49.20906601453342  
1074  -49.20912826339894  
1075  -49.20919597701945  
1076  -49.2092946002255  
1077  -49.20942810370912  
1078  -49.209498730815014  
1079  -49.209593403671605  
1080  -49.209689531902754  
1081  -49.20981363056338  
1082  -49.209937476731646  
1083  -49.21003046946978  
1084  -49.2101481755229  
1085  -49.21021689358967  
1086  -49.21032510128217  
1087  -49.21037522294093  
1088  -49.21048903572662  
1089  -49.21057220218043  
1090  -49.210636701627564  
1091  -49.210750839764714  
1092  -49.21057678787619  
1093  -49.210812523286364  
1094  -49.21091712042709  
1095  -49.210979050219976  
1096  -49.21106939700613  
1097  -49.211139184318334  
1098  -49.21121214610213  
1099  -49.21129546620496  
1100  -49.211343094377455  
1101  -49.21143274820618  
1102  -49.21147376584619  
1103  -49.21154034671904  
1104  -49.2115888042434  
1105  -49.211634951529064  
1106  -49.21172342265806  
1107  -49.211715371220365  
1108  -49.21178142809133  
1109  -49.211843565616505  
1110  -49.21189355303317  
1111  -49.211943808080605  
1112  -49.21201094470945  
1113  -49.21208079758088  
1114  -49.212132461169  
1115  -49.21218264186242  
1116  -49.21222535795487  
1117  -49.212293102297124  
1118  -49.21229513698252  
1119  -49.21233675554726  
1120  -49.21240068130633  
1121  -49.212459725499414  
1122  -49.21251385057102  
1123  -49.21257178772342  
1124  -49.21263152957721  
1125  -49.212696915897574  
1126  -49.212754728726125  
1127  -49.21279401886897  
1128  -49.21286615715717  
1129  -49.21291954600499  
1130  -49.21296097839706  
1131  -49.21303126355853  
1132  -49.21306797941039  
1133  -49.21310918416966  
1134  -49.21320244489656  
1135  -49.21322281263563  
1136  -49.21325725158765  
1137  -49.2132974757518  
1138  -49.21334445779378  
1139  -49.2134022835305  
1140  -49.21318785968479  
1141  -49.21343136507181  
1142  -49.21350419009163  
1143  -49.21356184023304  
1144  -49.213609989368784  
1145  -49.21366360285498  
1146  -49.21368797286926  
1147  -49.213737454205614  
1148  -49.21377266707747  
1149  -49.21382158026082  
1150  -49.21387626066089  
1151  -49.21391882780801  
1152  -49.21393948877586  
1153  -49.21400021357802  
1154  -49.214030546875634  
1155  -49.214069688095705  
1156  -49.21413535605084  
1157  -49.214055709908415  
1158  -49.21416494636657  
1159  -49.21420964998169  
1160  -49.21424163270485  
1161  -49.21429951849537  
1162  -49.21432924012197  
1163  -49.214379774565415  
1164  -49.21440963490055  
1165  -49.214434446227614  
1166  -49.21447727651742  
1167  -49.21448532254881  
1168  -49.214545694023805  
1169  -49.21456697546455  
1170  -49.21459107877273  
1171  -49.214630909158664  
1172  -49.21464552776551  
1173  -49.214720640345284  
1174  -49.21474629513654  
1175  -49.21478455104213  
1176  -49.21483079316184  
1177  -49.214870325851116  
1178  -49.21490742555184  
1179  -49.214933381152235  
1180  -49.214963087718324  
1181  -49.214974342192725  
1182  -49.215034629991656  
1183  -49.21505583980827  
1184  -49.215078769697065  
1185  -49.21511700200121  
1186  -49.215108263206304  
1187  -49.21514765456754  
1188  -49.21519597939674  
1189  -49.21522774555985  
1190  -49.215262688563115  
1191  -49.21529030986058  
1192  -49.21532181819526  
1193  -49.215358056103305  
1194  -49.21538239648372  
1195  -49.21541174361933  
1196  -49.21546355246958  
1197  -49.215482731941506  
1198  -49.215511934653264  
1199  -49.215545950186836  
1200  -49.215587744116505  
1201  -49.21561825899761  
1202  -49.21564898249981  
1203  -49.21567705196894  
1204  -49.215706944328105  
1205  -49.215751277811485  
1206  -49.21577490997858  
1207  -49.21580470142591  
1208  -49.21584960153926  
1209  -49.215870000041264  
1210  -49.21589056667012  
1211  -49.21592603846922  
1212  -49.21595024814979  
1213  -49.215979512820084  
1214  -49.21602404425233  
1215  -49.21604520596279  
1216  -49.21606898228682  
1217  -49.216088242614575  
1218  -49.21612340604747  
1219  -49.21615011234957  
1220  -49.2161686475727  
1221  -49.21619858371403  
1222  -49.21622871293149  
1223  -49.2162546650446  
1224  -49.216280109385266  
1225  -49.21629997880805  
1226  -49.2163320548933  
1227  -49.21636770221209  
1228  -49.21639315802458  
1229  -49.21641887878345  
1230  -49.2164380108587  
1231  -49.216462230487494  
1232  -49.21648406441706  
1233  -49.216513692967496  
1234  -49.216533755487156  
1235  -49.21655406614894  
1236  -49.216578217928294  
1237  -49.21661508210897  
1238  -49.21663522434995  
1239  -49.216658261364934  
1240  -49.21667504704827  
1241  -49.216705578903124  
1242  -49.216728971888244  
1243  -49.21674715591457  
1244  -49.21677912258722  
1245  -49.21679971029097  
1246  -49.21682451528807  
1247  -49.216838759763775  
1248  -49.21685815956562  
1249  -49.21687415316157  
1250  -49.216901280314325  
1251  -49.21691372703511  
1252  -49.21692946139642  
1253  -49.216955535858844  
1254  -49.21697791310656  
1255  -49.21699614703445  
1256  -49.21701386709601  
1257  -49.217029658601305  
1258  -49.21705706280873  
1259  -49.217074703376504  
1260  -49.217094170676745  
1261  -49.21711292512794  
1262  -49.217131782470716  
1263  -49.21714668461611  
1264  -49.217170441044736  
1265  -49.21718392517204  
1266  -49.2172001343885  
1267  -49.21721396064478  
1268  -49.217235513887516  
1269  -49.21724946402282  
1270  -49.21726566726282  
1271  -49.21729013543016  
1272  -49.21730319483996  
1273  -49.21732709961445  
1274  -49.217339106136556  
1275  -49.21735632416127  
1276  -49.21736995643041  
1277  -49.21739626930484  
1278  -49.21740836035616  
1279  -49.217422453489064  
1280  -49.21744311209782  
1281  -49.21744732368918  
1282  -49.21747899383972  
1283  -49.21748798352236  
1284  -49.21750213662703  
1285  -49.21752060023183  
1286  -49.21754128526685  
1287  -49.21755685490756  
1288  -49.21757614047045  
1289  -49.21759081384119  
1290  -49.217602675176366  
1291  -49.21763074914938  
1292  -49.21763405018275  
1293  -49.21765327598331  
1294  -49.21766690174453  
1295  -49.21768321189854  
1296  -49.21770309904036  
1297  -49.21765960226679  
1298  -49.21771543746665  
1299  -49.2177424371132  
1300  -49.217761373927964  
1301  -49.21777978258524  
1302  -49.2177988902292  
1303  -49.217810610210186  
1304  -49.217829465589325  
1305  -49.21783840121306  
1306  -49.21785736965521  
1307  -49.21787034607691  
1308  -49.21788272127855  
1309  -49.21790626490515  
1310  -49.21788698070865  
1311  -49.21791821110033  
1312  -49.21793626275193  
1313  -49.21794981675803  
1314  -49.217969586036915  
1315  -49.21798649431681  
1316  -49.21800076014056  
1317  -49.21801773853672  
1318  -49.21802886138424  
1319  -49.21804549082512  
1320  -49.2180490019769  
1321  -49.218081735645505  
1322  -49.21808931635904  
1323  -49.218105176785464  
1324  -49.21812121041138  
1325  -49.21814089613859  
1326  -49.21815529964834  
1327  -49.2181690500933  
1328  -49.21818058749839  
1329  -49.21819332576507  
1330  -49.21821215385351  
1331  -49.218217703850286  
1332  -49.21823290585289  
1333  -49.21824247356906  
1334  -49.21825432785698  
1335  -49.21827151278185  
1336  -49.21827540613509  
1337  -49.21830801230801  
1338  -49.21831646259327  
1339  -49.21832794633568  
1340  -49.21834308010611  
1341  -49.21831899710415  
1342  -49.21835250069436  
1343  -49.2183708618998  
1344  -49.21838317146018  
1345  -49.218399384412194  
1346  -49.21841189622151  
1347  -49.218424107614794  
1348  -49.2184404716814  
1349  -49.218449014453334  
1350  -49.218461455061  
1351  -49.21847077464724  
1352  -49.2184959566701  
1353  -49.21850343470216  
1354  -49.21851811335474  
1355  -49.2185206254557  
1356  -49.21853917595846  
1357  -49.218548177126344  
1358  -49.21855919870888  
1359  -49.21857269528604  
1360  -49.218564324555075  
1361  -49.2185822510011  
1362  -49.218600223516844  
1363  -49.218613654297805  
1364  -49.21862803701591  
1365  -49.21864029084716  
1366  -49.21865024135139  
1367  -49.218670681935926  
1368  -49.21868003372187  
1369  -49.21869180340823  
1370  -49.21870732126569  
1371  -49.218716663321736  
1372  -49.21872811029807  
1373  -49.218748109414875  
1374  -49.21875614766922  
1375  -49.21876893794634  
1376  -49.218775257954725  
1377  -49.218790454130364  
1378  -49.21880038908277  
1379  -49.21880970234112  
1380  -49.21882644918665  
1381  -49.2188322929124  
1382  -49.21885302338476  
1383  -49.21885986677322  
1384  -49.2188725401757  
1385  -49.21888954292942  
1386  -49.21890584036784  
1387  -49.21891731532001  
1388  -49.21893207823231  
1389  -49.218941454908084  
1390  -49.218954341772076  
1391  -49.218975691248744  
1392  -49.218977294255495  
1393  -49.21898504356775  
1394  -49.21899284337504  
1395  -49.21901133572128  
1396  -49.2190132286574  
1397  -49.21902997681619  
1398  -49.2190382581288  
1399  -49.219049741263326  
1400  -49.21906384078748  
1401  -49.2190443356116  
1402  -49.219072672869885  
1403  -49.219091367463236  
1404  -49.21910556325496  
1405  -49.219121028701586  
1406  -49.21912960400751  
1407  -49.21914126513295  
1408  -49.219153925473336  
1409  -49.21916471739957  
1410  -49.21917460793098  
1411  -49.21919446899729  
1412  -49.21920387545671  
1413  -49.219214799896605  
1414  -49.219229155706344  
1415  -49.21924555174267  
1416  -49.21925702751896  
1417  -49.21927187786535  
1418  -49.21928102271059  
1419  -49.21929242369418  
1420  -49.219308543963656  
1421  -49.21931684598977  
1422  -49.21933481084212  
1423  -49.219341371145546  
1424  -49.219355321801935  
1425  -49.21936282935325  
1426  -49.21937176807921  
1427  -49.219387376352145  
1428  -49.219382092029086  
1429  -49.219396273398125  
1430  -49.21940677583413  
1431  -49.21941647273559  
1432  -49.21942657950205  
1433  -49.21943720040917  
1434  -49.21944722507171  
1435  -49.21945799113409  
1436  -49.21946653946854  
1437  -49.219478884367234  
1438  -49.21948820607293  
1439  -49.219497170661036  
1440  -49.21950741111914  
1441  -49.219516521098264  
1442  -49.219526257597806  
1443  -49.21953523788188  
1444  -49.2195439430092  
1445  -49.21955414947378  
1446  -49.219563765177696  
1447  -49.21957175268702  
1448  -49.21958054766908  
1449  -49.21958991937841  
1450  -49.21959988446815  
1451  -49.2196062530788  
1452  -49.219615374967596  
1453  -49.219624342080316  
1454  -49.21963220509485  
1455  -49.219641019073876  
1456  -49.219653387120395  
1457  -49.21965971687344  
1458  -49.21966709560315  
1459  -49.219673706560364  
1460  -49.21968311331743  
1461  -49.21969108519876  
1462  -49.219697686605755  
1463  -49.219703840920495  
1464  -49.21971296278121  
1465  -49.21971977107252  
1466  -49.21972599658152  
1467  -49.21973521427285  
1468  -49.21974476520505  
1469  -49.21975017122755  
1470  -49.21975695181989  
1471  -49.21976357973325  
1472  -49.21977130102969  
1473  -49.21977735794401  
1474  -49.219784629027416  
1475  -49.2197891684624  
1476  -49.21979917587972  
1477  -49.21980546773108  
1478  -49.21981387534224  
1479  -49.219820773593945  
1480  -49.21982606280208  
1481  -49.21983191615669  
1482  -49.21983946008941  
1483  -49.219845828104326  
1484  -49.21985145525756  
1485  -49.21985555241746  
1486  -49.21986288145417  
1487  -49.21986912144626  
1488  -49.21987463440659  
1489  -49.21988433981539  
1490  -49.21988963189913  
1491  -49.21989797457636  
1492  -49.2199020788855  
1493  -49.21990869755979  
1494  -49.21991062113385  
1495  -49.219921365906465  
1496  -49.21992480181086  
1497  -49.21992942185826  
1498  -49.219936583272386  
1499  -49.219933299948124  
1500  -49.2199417349777  
1501  -49.21995068870907  
1502  -49.21995673734238  
1503  -49.219962604067824  
1504  -49.21996824596177  
1505  -49.21997520577204  
1506  -49.219981858984205  
1507  -49.219988027436024  
1508  -49.219992533979976  
1509  -49.22000047544059  
1510  -49.22000212805787  
1511  -49.22001222609269  
1512  -49.22001625604964  
1513  -49.22002206932569  
1514  -49.22003031557391  
1515  -49.22003404107125  
1516  -49.22004401570259  
1517  -49.22004805466487  
1518  -49.22005400118982  
1519  -49.22006019550583  
1520  -49.220068575717995  
1521  -49.220074770263295  
1522  -49.2200811898392  
1523  -49.22008693047894  
1524  -49.22009411579645  
1525  -49.220100755969256  
1526  -49.22010737372313  
1527  -49.22011211950718  
1528  -49.220120805056176  
1529  -49.220126419881076  
1530  -49.22013235742147  
1531  -49.22014027158481  
1532  -49.220150006712416  
1533  -49.22015560238164  
1534  -49.22016158246666  
1535  -49.220167280821194  
1536  -49.2201748476541  
1537  -49.2201828295195  
1538  -49.220187157724276  
1539  -49.220193901172145  
1540  -49.22020190897619  
1541  -49.22020707866381  
1542  -49.22021337814512  
1543  -49.22021541892679  
1544  -49.22022457693601  
1545  -49.22022872479793  
1546  -49.22023388520402  
1547  -49.22024216730837  
1548  -49.22023335594708  
1549  -49.22024677065464  
1550  -49.22025559489025  
1551  -49.22026139121644  
1552  -49.22026897956454  
1553  -49.22027534725684  
1554  -49.22028066837476  
1555  -49.22028892844158  
1556  -49.22029339103363  
1557  -49.220298174207066  
1558  -49.22030796189596  
1559  -49.220312501735755  
1560  -49.220320876643584  
1561  -49.22032666836242  
1562  -49.220332855619276  
1563  -49.220340476005006  
1564  -49.22034541657991  
1565  -49.220351220536756  
1566  -49.22035745250856  
1567  -49.22036302591813  
1568  -49.2203697692543  
1569  -49.220376363088  
1570  -49.22038141483747  
1571  -49.22038711857788  
1572  -49.22039174489811  
1573  -49.22039852641727  
1574  -49.220397887532144  
1575  -49.220402136771625  
1576  -49.22040747541389  
1577  -49.220413285720355  
1578  -49.22041824993078  
1579  -49.2204234235618  
1580  -49.220428708374115  
1581  -49.220434044271904  
1582  -49.22043866666338  
1583  -49.220442725814756  
1584  -49.22044990277895  
1585  -49.22045379475743  
1586  -49.22045836848917  
1587  -49.22046531481873  
1588  -49.220468715731066  
1589  -49.22047312879887  
1590  -49.220480541627175  
1591  -49.22048354202445  
1592  -49.22048727426392  
1593  -49.22049084887313  
1594  -49.22049509394073  
1595  -49.22050148813944  
1596  -49.220494093846526  
1597  -49.22050508795513  
1598  -49.220511181006096  
1599  -49.2205157649543  
1600  -49.220521436242436  
1601  -49.22052458840501  
1602  -49.220530529521916  
1603  -49.22053445092082  
1604  -49.22053809275043  
1605  -49.220544764566824  
1606  -49.22053939050106  
1607  -49.22054860319687  
1608  -49.22055403804577  
1609  -49.22055792952805  
1610  -49.22056222630167  
1611  -49.22056664006431  
1612  -49.2205710262457  
1613  -49.22057693204278  
1614  -49.22058043796628  
1615  -49.22058463765029  
1616  -49.22059024939699  
1617  -49.22059643924706  
1618  -49.22059904235  
1619  -49.220605914072664  
1620  -49.22060851042439  
1621  -49.220613596560355  
1622  -49.22061771499304  
1623  -49.22062168750322  
1624  -49.22062824086577  
1625  -49.22062654125612  
1626  -49.220632874435616  
1627  -49.22063844808618  
1628  -49.220642733703144  
1629  -49.22064781635126  
1630  -49.22065348354642  
1631  -49.22065866620988  
1632  -49.220663693424896  
1633  -49.22066820921662  
1634  -49.22067190453127  
1635  -49.22067861229574  
1636  -49.22068203517834  
1637  -49.22068612359016  
1638  -49.220691313190336  
1639  -49.22069485640664  
1640  -49.220700565781264  
1641  -49.22070728463262  
1642  -49.22071076665663  
1643  -49.220716554426666  
1644  -49.220719199569544  
1645  -49.22072424737928  
1646  -49.220728374115865  
1647  -49.220731944238906  
1648  -49.22073839308942  
1649  -49.22073936016877  
1650  -49.22074641039461  
1651  -49.220748507558156  
1652  -49.22075272315193  
1653  -49.22075739831799  
1654  -49.22076294955427  
1655  -49.220766713114436  
1656  -49.22077171740882  
1657  -49.220775258522565  
1658  -49.2207798905666  
1659  -49.22078508040505  
1660  -49.22078842402216  
1661  -49.22079227823856  
1662  -49.22079876193364  
1663  -49.22080180224224  
1664  -49.22080594495066  
1665  -49.220809181217355  
1666  -49.22081581302514  
1667  -49.22081942269287  
1668  -49.22082246436836  
1669  -49.220827595529535  
1670  -49.220829840881514  
1671  -49.220837517987945  
1672  -49.22083998417163  
1673  -49.22084367405895  
1674  -49.22085003085735  
1675  -49.22084931272475  
1676  -49.22085426375468  
1677  -49.22085988375962  
1678  -49.22086433823212  
1679  -49.220868321372805  
1680  -49.22087287208912  
1681  -49.22087792833395  
1682  -49.22088307692206  
1683  -49.22088690771805  
1684  -49.2208917844926  
1685  -49.22089660162906  
1686  -49.22090144294805  
1687  -49.2209055510609  
1688  -49.22091009399333  
1689  -49.220915138689925  
1690  -49.2209192139622  
1691  -49.220924313668526  
1692  -49.22092946393899  
1693  -49.22093355475957  
1694  -49.220938040223544  
1695  -49.22094245619586  
1696  -49.22094783942671  
1697  -49.220951329420814  
1698  -49.220954126526856  
1699  -49.220959373467416  
1700  -49.22096299875914  
1701  -49.22096697598779  
1702  -49.22097064584536  
1703  -49.220974040528056  
1704  -49.220978896194126  
1705  -49.220984219439046  
1706  -49.22098717088877  
1707  -49.22099214777049  
1708  -49.22099508672761  
1709  -49.22100032035379  
1710  -49.2210035322317  
1711  -49.22100670271108  
1712  -49.221012885919436  
1713  -49.2210112165391  
1714  -49.22101644729004  
1715  -49.221020768649474  
1716  -49.22102440279389  
1717  -49.22102861109931  
1718  -49.22103302805235  
1719  -49.22103725040889  
1720  -49.22104160253247  
1721  -49.221044702618016  
1722  -49.22104849262251  
1723  -49.22105330864967  
1724  -49.221056820024806  
1725  -49.22106003698711  
1726  -49.221064825174786  
1727  -49.221067801017796  
1728  -49.22107206609605  
1729  -49.22107635481517  
1730  -49.22108043259311  
1731  -49.221083130880956  
1732  -49.2210877963338  
1733  -49.22109115681863  
1734  -49.2210950891492  
1735  -49.221100231088414  
1736  -49.221102918519975  
1737  -49.221106903432755  
1738  -49.2211124393141  
1739  -49.22111491312506  
1740  -49.221119029047074  
1741  -49.221121044359094  
1742  -49.221125565098895  
1743  -49.22112842246267  
1744  -49.22113110853796  
1745  -49.22113586062998  
1746  -49.22113415376344  
1747  -49.22113873847688  
1748  -49.22114249844392  
1749  -49.22114564733227  
1750  -49.221148856562834  
1751  -49.22115215467464  
1752  -49.22115501844832  
1753  -49.22115907688831  
1754  -49.221161611068844  
1755  -49.22116441982537  
1756  -49.221169322879746  
1757  -49.22117141596678  
1758  -49.22117372328942  
1759  -49.22117890773075  
1760  -49.22118090205732  
1761  -49.22118337867298  
1762  -49.22118905547567  
1763  -49.221190387169834  
1764  -49.22119226964771  
1765  -49.22119561991393  
1766  -49.221197793388534  
1767  -49.22120181438225  
1768  -49.221203879467275  
1769  -49.221207107537815  
1770  -49.221208360736256  
1771  -49.22121045596052  
1772  -49.221212913626175  
1773  -49.22121597968623  
1774  -49.221217882295  
1775  -49.2212198119579  
1776  -49.221222091070956  
1777  -49.22122492718106  
1778  -49.221227395771876  
1779  -49.221229635201055  
1780  -49.221231460157895  
1781  -49.22123439226698  
1782  -49.221236407516365  
1783  -49.221238399955624  
1784  -49.22124158883132  
1785  -49.221243968255  
1786  -49.22124618110703  
1787  -49.22124803653519  
1788  -49.2212501653525  
1789  -49.22125079874807  
1790  -49.22125445624588  
1791  -49.22125551095658  
1792  -49.22125724948494  
1793  -49.221259835301396  
1794  -49.22126059367936  
1795  -49.221264107201385  
1796  -49.22126523103717  
1797  -49.221266877716154  
1798  -49.22126946348562  
1799  -49.22127111599998  
1800  -49.221273991567585  
1801  -49.221275430874925  
1802  -49.22127714163869  
1803  -49.22127809774743  
1804  -49.221281317341536  
1805  -49.22128281161523  
1806  -49.22128438793092  
1807  -49.22128659727135  
1808  -49.221287538086834  
1809  -49.221290596434386  
1810  -49.22129164650636  
1811  -49.2212933363895  
1812  -49.221295738401246  
1813  -49.22129841007253  
1814  -49.2213001800178  
1815  -49.22130251114424  
1816  -49.22130399052583  
1817  -49.221305939158974  
1818  -49.221308581639306  
1819  -49.2213101620481  
1820  -49.22131229194708  
1821  -49.221314423350634  
1822  -49.221315886781014  
1823  -49.22131803646956  
1824  -49.22131637930837  
1825  -49.221319365255546  
1826  -49.221321463208795  
1827  -49.22132305852504  
1828  -49.22132464544458  
1829  -49.22132636228176  
1830  -49.22132841109653  
1831  -49.2213300706165  
1832  -49.22133221270501  
1833  -49.22133329355731  
1834  -49.221335485810116  
1835  -49.22133694881973  
1836  -49.22133923082594  
1837  -49.221340839642856  
1838  -49.221342073134885  
1839  -49.2213442173721  
1840  -49.22134623323507  
1841  -49.221347812099204  
1842  -49.221349424831814  
1843  -49.221350743298395  
1844  -49.22135283428101  
1845  -49.22135433447399  
1846  -49.2213563685005  
1847  -49.22135754903741  
1848  -49.22135951276176  
1849  -49.22136087313776  
1850  -49.22136335752024  
1851  -49.22136498670776  
1852  -49.221366502346925  
1853  -49.22136843503181  
1854  -49.2213708286181  
1855  -49.22137260630705  
1856  -49.22137441727045  
1857  -49.22137603890052  
1858  -49.22137742750892  
1859  -49.221380438747666  
1860  -49.221381446441775  
1861  -49.221382928647785  
1862  -49.22138448641457  
1863  -49.221386028709375  
1864  -49.22138869143981  
1865  -49.22138849715266  
1866  -49.221390506174856  
1867  -49.221392381351784  
1868  -49.22139363297052  
1869  -49.22139536552513  
1870  -49.22139733107939  
1871  -49.221399006954634  
1872  -49.22140062070835  
1873  -49.22140198207411  
1874  -49.22140370609836  
1875  -49.22140550066197  
1876  -49.22140664664676  
1877  -49.221408240857706  
1878  -49.22140925240159  
1879  -49.22141136258011  
1880  -49.22141258655208  
1881  -49.221413711472664  
1882  -49.221415739814766  
1883  -49.221417733347046  
1884  -49.22141896277832  
1885  -49.22142060301661  
1886  -49.221421674725335  
1887  -49.22142296127514  
1888  -49.22142477765756  
1889  -49.221425685100854  
1890  -49.22142751357402  
1891  -49.22142790381917  
1892  -49.22143025033226  
1893  -49.22143113037468  
1894  -49.2214322979778  
1895  -49.22143373513682  
1896  -49.22143392707485  
1897  -49.22143477834843  
1898  -49.22143597381006  
1899  -49.221437111598256  
1900  -49.22143838361627  
1901  -49.221439568123934  
1902  -49.221440778145286  
1903  -49.221441848119305  
1904  -49.22144273264934  
1905  -49.22144352755481  
1906  -49.22144545974503  
1907  -49.22144621893073  
1908  -49.221447245220006  
1909  -49.221448682902064  
1910  -49.22144987958758  
1911  -49.221451122026615  
1912  -49.221452032796286  
1913  -49.22145303373851  
1914  -49.22145328085099  
1915  -49.22145531558787  
1916  -49.221455853658306  
1917  -49.22145676643198  
1918  -49.2214580541311  
1919  -49.22145913145109  
1920  -49.22146036464381  
1921  -49.22146123918731  
1922  -49.221462205784526  
1923  -49.22146282761848  
1924  -49.22146429895338  
1925  -49.22146488532627  
1926  -49.221465695702996  
1927  -49.22146704526808  
1928  -49.22146790222247  
1929  -49.22146912633931  
1930  -49.221469842515866  
1931  -49.22147078817889  
1932  -49.2214716207554  
1933  -49.221473064507386  
1934  -49.22147379919241  
1935  -49.221474734008346  
1936  -49.22147569072059  
1937  -49.22147685574856  
1938  -49.2214779064655  
1939  -49.22147891957314  
1940  -49.22147950958883  
1941  -49.221480765048724  
1942  -49.22148145302553  
1943  -49.22148217767763  
1944  -49.22148352016153  
1945  -49.22148363182287  
1946  -49.22148439709552  
1947  -49.22148530504591  
1948  -49.2214860521196  
1949  -49.2214869588332  
1950  -49.221487923086116  
1951  -49.22148877219592  
1952  -49.22148961312712  
1953  -49.221490197813736  
1954  -49.22149118420254  
1955  -49.22149207105825  
1956  -49.22149339595718  
1957  -49.22149396978542  
1958  -49.221494811914845  
1959  -49.22149527447288  
1960  -49.221496254415605  
1961  -49.22149700962218  
1962  -49.22149772956381  
1963  -49.22149861860123  
1964  -49.221499741911856  
1965  -49.22150046845498  
1966  -49.2215014122762  
1967  -49.22150192401417  
1968  -49.22150284022979  
1969  -49.22150363839976  
1970  -49.22150437893128  
1971  -49.22150575521106  
1972  -49.221504040830965  
1973  -49.22150639563333  
1974  -49.22150729130206  
1975  -49.221508027012874  
1976  -49.22150907883779  
1977  -49.22150947255663  
1978  -49.221510631756104  
1979  -49.2215111706258  
1980  -49.22151176492562  
1981  -49.22151277082528  
1982  -49.22151138058051  
1983  -49.2215133219212  
1984  -49.221514424768344  
1985  -49.22151526808494  
1986  -49.221516105935  
1987  -49.22151685716175  
1988  -49.22151766401521  
1989  -49.2215187398553  
1990  -49.221519461629306  
1991  -49.22152017879653  
1992  -49.221521255293666  
1993  -49.22152216045685  
1994  -49.221522760582836  
1995  -49.22152382477547  
1996  -49.221524449687145  
1997  -49.22152521147241  
1998  -49.22152651421652  
1999  -49.22152698291675  
2000  -49.22152759277946  
2001  -49.22152859015149  
2002  -49.22152922248603  
2003  -49.221530337334706  
2004  -49.22153149882182  
2005  -49.221532029965395  
2006  -49.22153259472857  
2007  -49.22153327967132  
2008  -49.2215341820851  
2009  -49.22153506570147  
2010  -49.2215356872014  
2011  -49.22153623665104  
2012  -49.22153730365601  
2013  -49.22153788573032  
2014  -49.22153846624305  
2015  -49.22153897352731  
2016  -49.22153962769677  
2017  -49.22154059632364  
2018  -49.22154139187  
2019  -49.22154205052485  
2020  -49.22154267975769  
2021  -49.22154319761865  
2022  -49.221544073047596  
2023  -49.22154478608628  
2024  -49.22154541139555  
2025  -49.22154606958666  
2026  -49.22154665876264  
2027  -49.221547314555124  
2028  -49.221547954564535  
2029  -49.221548523965474  
2030  -49.221549328280126  
2031  -49.22154996857589  
2032  -49.2215505498856  
2033  -49.22155116403874  
2034  -49.22155184523959  
2035  -49.22155255822577  
2036  -49.221553102180074  
2037  -49.2215537668065  
2038  -49.22155444597277  
2039  -49.221555039640485  
2040  -49.22155565833622  
2041  -49.22155627151392  
2042  -49.221556992898556  
2043  -49.22155762703277  
2044  -49.22155819366469  
2045  -49.221558943620465  
2046  -49.221559628597504  
2047  -49.22156018636092  
2048  -49.22156071987994  
2049  -49.22156141577882  
2050  -49.22156208243739  
2051  -49.22156261173353  
