0  4.026300338272797  
1  0.49405175197532775  
2  -5.67216235165085  
3  -13.44596145096849  
4  -15.189569379941302  
5  -21.14640291670739  
6  -23.368591314089763  
7  -26.502477347104687  
8  -30.37316917001493  
9  -32.81684919040449  
10  -34.60799839614853  
11  -37.94090258691047  
12  -38.984027377437435  
13  -39.99674788559226  
14  -40.96579286027581  
15  -42.02933615096063  
16  -42.7425095200321  
17  -43.17293073127307  
18  -43.80600327096503  
19  -44.16109598541731  
20  -44.642383051149785  
21  -44.92594743854387  
22  -45.21801702918466  
23  -45.509231172820904  
24  -45.80329798681673  
25  -45.94924823712126  
26  -46.10507647394255  
27  -46.248569235431354  
28  -46.37540243670749  
29  -46.49364325554898  
30  -46.569636771895496  
31  -46.66493537332628  
32  -46.72992420509146  
33  -46.77593141491873  
34  -46.83154331374622  
35  -46.87011449910172  
36  -46.91728631166561  
37  -46.956362646617514  
38  -46.993163195598775  
39  -47.01973179147941  
40  -47.075556814782324  
41  -47.094351830501296  
42  -47.12018398178807  
43  -47.15391508886213  
44  -47.15781290623965  
45  -47.17832143392375  
46  -47.204715000454854  
47  -47.22527166658571  
48  -47.248108826868304  
49  -47.2722413633627  
50  -47.29360786137226  
51  -47.31200789250717  
52  -47.32764029310653  
53  -47.34183729437146  
54  -47.35835620500538  
55  -47.370916504677155  
56  -47.380701959537475  
57  -47.396989201391264  
58  -47.403347745708764  
59  -47.412931477791474  
60  -47.42205350575005  
61  -47.429639743636415  
62  -47.44291794297307  
63  -47.43983978116082  
64  -47.45079808173123  
65  -47.45874841014035  
66  -47.46662250770115  
67  -47.47669541871989  
68  -47.48784916397046  
69  -47.49955411134566  
70  -47.516078897887134  
71  -47.526730862522534  
72  -47.54152931874915  
73  -47.55502368770328  
74  -47.57197171145755  
75  -47.58040294147834  
76  -47.59784668267326  
77  -47.601441020612846  
78  -47.62451744822191  
79  -47.63473120980149  
80  -47.64795786195191  
81  -47.66680558923092  
82  -47.62546037815578  
83  -47.67588309575632  
84  -47.69536828072374  
85  -47.708442573230265  
86  -47.722254000682256  
87  -47.73385945564437  
88  -47.74216462362639  
89  -47.76030297649257  
90  -47.76913166512506  
91  -47.78045845923733  
92  -47.79212017087413  
93  -47.801585253115945  
94  -47.807782705840346  
95  -47.82266627688907  
96  -47.828757925083565  
97  -47.83717099671206  
98  -47.85072969572618  
99  -47.85779185101283  
100  -47.87284139474251  
101  -47.878939869434305  
102  -47.888979182061284  
103  -47.894616743155275  
104  -47.90732004911377  
105  -47.91305499728481  
106  -47.919240360525116  
107  -47.928587235291296  
108  -47.90332814859794  
109  -47.93366141165502  
110  -47.943990105681245  
111  -47.9517416269649  
112  -47.95933999871642  
113  -47.96622896158683  
114  -47.9723199440146  
115  -47.9818120112084  
116  -47.986310025568436  
117  -47.992677141601895  
118  -47.997190019489345  
119  -48.001645911178734  
120  -48.00945247581238  
121  -48.01320663217858  
122  -48.0197431265984  
123  -48.02337393017743  
124  -48.028336897637054  
125  -48.033743406981905  
126  -48.04066298944245  
127  -48.04471302239476  
128  -48.05031196241657  
129  -48.05480724366038  
130  -48.06057940804691  
131  -48.06630761013321  
132  -48.07182312678605  
133  -48.07480778006744  
134  -48.08463288698977  
135  -48.09052385423382  
136  -48.09727470763812  
137  -48.10695301799069  
138  -48.11362050985305  
139  -48.12195683822873  
140  -48.127343825660375  
141  -48.13533907963848  
142  -48.13659730265659  
143  -48.142054127357255  
144  -48.15117002521612  
145  -48.15764585665766  
146  -48.16497259210192  
147  -48.17262941226324  
148  -48.18102057070785  
149  -48.18824115983245  
150  -48.193318866499375  
151  -48.19746789973707  
152  -48.204674086894435  
153  -48.209717180827944  
154  -48.213342889311235  
155  -48.21871010232068  
156  -48.222432001846975  
157  -48.22789005460006  
158  -48.23282286698338  
159  -48.23813920580725  
160  -48.24184004751159  
161  -48.24731235809075  
162  -48.24764931723958  
163  -48.250815192799  
164  -48.25537992966797  
165  -48.26115779090168  
166  -48.26457380065269  
167  -48.26833286974936  
168  -48.27326068698991  
169  -48.27729576175028  
170  -48.28148321028296  
171  -48.28568185613561  
172  -48.28927980205236  
173  -48.292628224219946  
174  -48.296818100523055  
175  -48.29929545275989  
176  -48.3020063756665  
177  -48.30514489588429  
178  -48.30718681194432  
179  -48.309715364497166  
180  -48.31197411893392  
181  -48.31403324929239  
182  -48.315679142174716  
183  -48.317274712625064  
184  -48.318817905173056  
185  -48.3201826653584  
186  -48.32121910397263  
187  -48.322866998632755  
188  -48.3238556308751  
189  -48.324839788412014  
190  -48.32622297665131  
191  -48.32697590715311  
192  -48.327452377515925  
193  -48.329186179922296  
194  -48.329618662206684  
195  -48.330600247455074  
196  -48.330830685271465  
197  -48.332177769734116  
198  -48.33272753290049  
199  -48.33343696640787  
200  -48.33449596271965  
201  -48.3350532172819  
202  -48.33632166030054  
203  -48.3368470058923  
204  -48.337616416408075  
205  -48.33835220590519  
206  -48.33965081567053  
207  -48.34042540548323  
208  -48.341182635013524  
209  -48.342288420494825  
210  -48.343217897703  
211  -48.34445209687104  
212  -48.34533677483849  
213  -48.34630611973663  
214  -48.347991246708574  
215  -48.349538632447086  
216  -48.35060102331571  
217  -48.35224816412979  
218  -48.35327332842052  
219  -48.35467537008875  
220  -48.356624399243024  
221  -48.35774683837621  
222  -48.35883067841014  
223  -48.361539330262694  
224  -48.362923082155426  
225  -48.36455712828963  
226  -48.367761553356345  
227  -48.36908415739732  
228  -48.370551861152386  
229  -48.37358032566665  
230  -48.37547761392033  
231  -48.374879987207876  
232  -48.377363864377934  
233  -48.38034063946035  
234  -48.38240320495284  
235  -48.38535824142585  
236  -48.38769249571945  
237  -48.38964111319072  
238  -48.39260746395724  
239  -48.3945636466121  
240  -48.3975367485051  
241  -48.39881191842111  
242  -48.40424212081385  
243  -48.40565097197621  
244  -48.40898466407617  
245  -48.41093418987106  
246  -48.41531825917301  
247  -48.41816552250634  
248  -48.42084964678873  
249  -48.42557865217581  
250  -48.42590730369606  
251  -48.42900479328211  
252  -48.433045876227595  
253  -48.4362129235133  
254  -48.43953440493242  
255  -48.44312093613223  
256  -48.446117370414925  
257  -48.449587085041976  
258  -48.45240102560281  
259  -48.45488035673174  
260  -48.45833959187287  
261  -48.4603994596941  
262  -48.46224443999091  
263  -48.466436000517  
264  -48.468006017894574  
265  -48.46986944868414  
266  -48.47274284245068  
267  -48.473890083269794  
268  -48.474925682124365  
269  -48.47680573224658  
270  -48.47797214696585  
271  -48.480160068060556  
272  -48.480724619477215  
273  -48.48282464596823  
274  -48.48346352301647  
275  -48.484574728661826  
276  -48.48568656254123  
277  -48.48670459467271  
278  -48.48749539593195  
279  -48.48826013520699  
280  -48.48911764779592  
281  -48.49013839766501  
282  -48.490733958793285  
283  -48.49133587856529  
284  -48.49219968634056  
285  -48.49303396739608  
286  -48.49359205289184  
287  -48.494268283920626  
288  -48.49480855403568  
289  -48.495423089968334  
290  -48.49607587833446  
291  -48.496742447818434  
292  -48.49709562065776  
293  -48.497912079807435  
294  -48.49815562970688  
295  -48.49874754472642  
296  -48.49917037008786  
297  -48.49971130213042  
298  -48.50041450271644  
299  -48.5006763425861  
300  -48.501491121408755  
301  -48.50177971990643  
302  -48.50227242129342  
303  -48.502695113336436  
304  -48.50340875640287  
305  -48.503842191081624  
306  -48.50426616572425  
307  -48.50491605780699  
308  -48.50472602606833  
309  -48.50537376957499  
310  -48.506029471972326  
311  -48.5065316220491  
312  -48.506995129007684  
313  -48.5074648285649  
314  -48.507937593992146  
315  -48.508455948029436  
316  -48.508883955339755  
317  -48.50931306978078  
318  -48.50981874805835  
319  -48.51010854982712  
320  -48.51060883409302  
321  -48.510986925736816  
322  -48.511347740000794  
323  -48.51201520523843  
324  -48.51143675099622  
325  -48.512363902959564  
326  -48.512802463739604  
327  -48.513153195464014  
328  -48.513592385810114  
329  -48.51395812908848  
330  -48.5143602693404  
331  -48.51475611301275  
332  -48.51504004083982  
333  -48.51540703746276  
334  -48.5158377819372  
335  -48.51606861752757  
336  -48.51643673017849  
337  -48.51665432695831  
338  -48.517076256287  
339  -48.517347232987525  
340  -48.5176202579906  
341  -48.51812021268916  
342  -48.51757498070791  
343  -48.51835509190467  
344  -48.518798249393214  
345  -48.51913622060781  
346  -48.51950517569371  
347  -48.51984869581972  
348  -48.52008063778079  
349  -48.52043884090313  
350  -48.52070906275272  
351  -48.521029651982246  
352  -48.521446708028655  
353  -48.52170239718259  
354  -48.5220309621943  
355  -48.522528338629336  
356  -48.522759588698214  
357  -48.52309134986951  
358  -48.52337484324673  
359  -48.52383204811115  
360  -48.524135712102584  
361  -48.524394374413056  
362  -48.52488557683786  
363  -48.524926877075586  
364  -48.52521807248613  
365  -48.52561367697166  
366  -48.525964071788685  
367  -48.5263200137569  
368  -48.52672922587958  
369  -48.52715736280712  
370  -48.52763112804669  
371  -48.528045510820995  
372  -48.528435142426254  
373  -48.52894662898932  
374  -48.5292641744798  
375  -48.529669083624235  
376  -48.53030038632088  
377  -48.53057041685934  
378  -48.5309131335313  
379  -48.53141861575083  
380  -48.53175129098199  
381  -48.53242250765259  
382  -48.53256457824919  
383  -48.533271014279386  
384  -48.53349412319137  
385  -48.53391963974612  
386  -48.53425204155525  
387  -48.53483902888576  
388  -48.53523412395033  
389  -48.53559528246944  
390  -48.53625073411034  
391  -48.536645380756646  
392  -48.537391014387005  
393  -48.537768331885545  
394  -48.538225917883466  
395  -48.53870920676265  
396  -48.53954534681695  
397  -48.54007041252568  
398  -48.54056496062999  
399  -48.541313290818984  
400  -48.54083364175498  
401  -48.541835047699365  
402  -48.54261632407897  
403  -48.5432923507129  
404  -48.54405982644631  
405  -48.54456503633303  
406  -48.54549044516461  
407  -48.546113355357825  
408  -48.54675306079556  
409  -48.54770197244401  
410  -48.54861463312982  
411  -48.54938205157187  
412  -48.550336649314026  
413  -48.55098913984432  
414  -48.552070242854036  
415  -48.553124904079006  
416  -48.553986885405955  
417  -48.55472696504449  
418  -48.55540582225626  
419  -48.55623921881973  
420  -48.5570152640553  
421  -48.557694799789694  
422  -48.558427649626104  
423  -48.55900694509719  
424  -48.559922871013654  
425  -48.56058445444369  
426  -48.56112806726507  
427  -48.56179881589582  
428  -48.5624180734122  
429  -48.56321453781019  
430  -48.563873260085956  
431  -48.564462107544266  
432  -48.5649586842116  
433  -48.565580528183695  
434  -48.566203145052434  
435  -48.56668198983172  
436  -48.567273328715245  
437  -48.567750578328614  
438  -48.568143186418524  
439  -48.56879164301414  
440  -48.56900312485403  
441  -48.5694985490348  
442  -48.569784162958925  
443  -48.57006952912697  
444  -48.570609837173905  
445  -48.570395878391246  
446  -48.57097914183543  
447  -48.571510754188594  
448  -48.57180910972325  
449  -48.57215629158886  
450  -48.572490962809866  
451  -48.57281568409926  
452  -48.57324744217253  
453  -48.57353504879006  
454  -48.57373042097122  
455  -48.57421131500846  
456  -48.57435018598101  
457  -48.57459765466082  
458  -48.57485722327196  
459  -48.57504049606422  
460  -48.57542068986086  
461  -48.57465570415105  
462  -48.57558780219917  
463  -48.57587909491454  
464  -48.57605444869057  
465  -48.57626963934992  
466  -48.576461105497394  
467  -48.57668252686692  
468  -48.57687948827996  
469  -48.57708056062546  
470  -48.577244206597435  
471  -48.57743020106744  
472  -48.57758862713659  
473  -48.577723180443  
474  -48.57791437271919  
475  -48.57801835349112  
476  -48.57812595862582  
477  -48.578347854268785  
478  -48.578441531073594  
479  -48.578552407293664  
480  -48.57863444727608  
481  -48.578746157517934  
482  -48.57887392057528  
483  -48.57898520745183  
484  -48.57910658732364  
485  -48.57918622544521  
486  -48.579279295049005  
487  -48.57931791820421  
488  -48.579502617920404  
489  -48.57956166505484  
490  -48.579659393983974  
491  -48.57979589349922  
492  -48.579664493824765  
493  -48.57986907215168  
494  -48.57997981333754  
495  -48.58005447020364  
496  -48.58014466855607  
497  -48.58022271320533  
498  -48.580284920745754  
499  -48.580364263055  
500  -48.58042610202467  
501  -48.58049064367905  
502  -48.5805919010523  
503  -48.580558442436036  
504  -48.580642189859205  
505  -48.58070752526201  
506  -48.580801584108706  
507  -48.58086650267339  
508  -48.58094376045006  
509  -48.58101951857437  
510  -48.58110028115043  
511  -48.58116952434827  
512  -48.58122137397425  
513  -48.58131546348617  
514  -48.58129676999165  
515  -48.581376254914716  
516  -48.58145034560911  
517  -48.58154462186566  
518  -48.58160237051114  
519  -48.5816755516344  
520  -48.58178441927547  
521  -48.581857236055725  
522  -48.58191871224929  
523  -48.58200735481978  
524  -48.582077396695276  
525  -48.582173981703754  
526  -48.582261272208505  
527  -48.58235375094851  
528  -48.582428458936526  
529  -48.58251501257681  
530  -48.582604259129695  
531  -48.58268559847359  
532  -48.58277200927272  
533  -48.582852695106794  
534  -48.582931156805024  
535  -48.58298938817741  
536  -48.58308997904939  
537  -48.583160230907836  
538  -48.58323719233987  
539  -48.58332636928891  
540  -48.583396162394614  
541  -48.5834401001178  
542  -48.58358130299028  
543  -48.58362589972585  
544  -48.58370516712667  
545  -48.58379906075954  
546  -48.58390002775436  
547  -48.58397979724138  
548  -48.58408955232628  
549  -48.58417023053546  
550  -48.58424643738853  
551  -48.58436699616505  
552  -48.58444250250042  
553  -48.584521119207956  
554  -48.58470739914469  
555  -48.584790490005574  
556  -48.5849244488556  
557  -48.58500411530556  
558  -48.585149102304825  
559  -48.58522772550595  
560  -48.58535071780008  
561  -48.585480352460415  
562  -48.58561980515793  
563  -48.58571050974557  
564  -48.585833544467334  
565  -48.58593647650293  
566  -48.58604560081824  
567  -48.586185545024065  
568  -48.586284512485044  
569  -48.58638067655589  
570  -48.58660617672405  
571  -48.58669547164415  
572  -48.58681735657305  
573  -48.58690766773317  
574  -48.58703799088727  
575  -48.587199092133915  
576  -48.58707447794775  
577  -48.58731421211403  
578  -48.58748581071066  
579  -48.58760346678562  
580  -48.587745089761135  
581  -48.587888070089264  
582  -48.58805070097571  
583  -48.588250390914894  
584  -48.58835820517303  
585  -48.588499093399015  
586  -48.5887514345142  
587  -48.5888470897393  
588  -48.589010627585004  
589  -48.58913336106332  
590  -48.58928112459356  
591  -48.58951317916008  
592  -48.589609162674904  
593  -48.58986359804476  
594  -48.58996440770609  
595  -48.59010313880429  
596  -48.59023971629607  
597  -48.5904504075595  
598  -48.59057064463429  
599  -48.59068283276773  
600  -48.59082007667481  
601  -48.59093522579654  
602  -48.59113606338764  
603  -48.59126651276789  
604  -48.59136357127606  
605  -48.591577305632285  
606  -48.59172202481591  
607  -48.59188143649413  
608  -48.59199146712503  
609  -48.592114998474145  
610  -48.592190293032886  
611  -48.59239181310342  
612  -48.592461880147425  
613  -48.592561748148825  
614  -48.592721615076506  
615  -48.59240983368127  
616  -48.592804279168575  
617  -48.59295489793332  
618  -48.593078204906185  
619  -48.59320359005033  
620  -48.593311573968215  
621  -48.59343270479808  
622  -48.593563847331254  
623  -48.5936576208134  
624  -48.59378668956455  
625  -48.59390531037583  
626  -48.59402429271542  
627  -48.59412115668061  
628  -48.59425662222545  
629  -48.594341683064805  
630  -48.5944519665166  
631  -48.59455189660572  
632  -48.5946465408248  
633  -48.5947221498564  
634  -48.59486184417601  
635  -48.59494478268543  
636  -48.595035833970286  
637  -48.59515590896631  
638  -48.595279930582635  
639  -48.595364777162644  
640  -48.59546780102998  
641  -48.595541564574  
642  -48.59562717843739  
643  -48.59570608185776  
644  -48.59578293897112  
645  -48.59583260661431  
646  -48.59590756715959  
647  -48.59592392079419  
648  -48.5960203518977  
649  -48.5960672626489  
650  -48.596121731554526  
651  -48.596192536967564  
652  -48.59603657770198  
653  -48.59623505259881  
654  -48.59631234868278  
655  -48.59635772269743  
656  -48.59641613518471  
657  -48.596461302692866  
658  -48.596503385688145  
659  -48.59655337186322  
660  -48.5965823205576  
661  -48.59663992589323  
662  -48.59667096400233  
663  -48.596717814682975  
664  -48.59674887203999  
665  -48.596776208022995  
666  -48.596827919672954  
667  -48.59686635303236  
668  -48.59689958380836  
669  -48.596924041270704  
670  -48.59694872531024  
671  -48.59697690947186  
672  -48.597017001693395  
673  -48.59703341747537  
674  -48.59705610756176  
675  -48.597075059568695  
676  -48.59710366828628  
677  -48.597123596680255  
678  -48.59714002124542  
679  -48.597172121637804  
680  -48.59718560240843  
681  -48.597211842248555  
682  -48.59722375120252  
683  -48.59724446182321  
684  -48.59725562272608  
685  -48.59728341331921  
686  -48.597295024928066  
687  -48.59730830128115  
688  -48.59733029555893  
689  -48.597325364060815  
690  -48.59734426142218  
691  -48.59736081993113  
692  -48.59737342622872  
693  -48.59738621690876  
694  -48.59740153664707  
695  -48.597416917829136  
696  -48.597434542738945  
697  -48.59744537147316  
698  -48.59745670939672  
699  -48.59747501356142  
700  -48.597487610897645  
701  -48.59749539556135  
702  -48.597512847899345  
703  -48.59752138484807  
704  -48.597532569214245  
705  -48.59755165722492  
706  -48.59755898789509  
707  -48.59756974312374  
708  -48.5975805546905  
709  -48.59759188619415  
710  -48.59761230633048  
711  -48.59757799678799  
712  -48.597623617236756  
713  -48.5976399350546  
714  -48.597651596262956  
715  -48.59766499479367  
716  -48.59767808596392  
717  -48.5976892503129  
718  -48.597705362006224  
719  -48.59771553981934  
720  -48.59772686814173  
721  -48.59774180286581  
722  -48.59775429904861  
723  -48.59776108297121  
724  -48.597783364805395  
725  -48.59778825347399  
726  -48.59780254184153  
727  -48.59781253959128  
728  -48.597822125487816  
729  -48.597836331815095  
730  -48.59781657603298  
731  -48.59784543766106  
732  -48.59786371477255  
733  -48.59787577670161  
734  -48.59789240576172  
735  -48.597902282601794  
736  -48.597915472995275  
737  -48.59792943235671  
738  -48.5979386442829  
739  -48.59793584954098  
740  -48.59794836918676  
741  -48.597964200817344  
742  -48.59797594599423  
743  -48.59798843336552  
744  -48.59799943379193  
745  -48.598009752433946  
746  -48.598024851775584  
747  -48.59803358041592  
748  -48.59804138373798  
749  -48.598057554799745  
750  -48.59806572453556  
751  -48.59808023549127  
752  -48.598086826948865  
753  -48.5980997581184  
754  -48.598108889070936  
755  -48.598118009630475  
756  -48.59813194872299  
757  -48.59814155644536  
758  -48.59815271727146  
759  -48.59816012529727  
760  -48.59816911145472  
761  -48.59817400323255  
762  -48.59818851025851  
763  -48.59819420597533  
764  -48.59820247587718  
765  -48.598216349447235  
766  -48.59820266459145  
767  -48.59822409988934  
768  -48.59823626023459  
769  -48.59824443045204  
770  -48.59825381437606  
771  -48.598263115311035  
772  -48.598274061213324  
773  -48.59828415373129  
774  -48.598291231387094  
775  -48.59830023401736  
776  -48.598309878628825  
777  -48.59831956222881  
778  -48.59832701781646  
779  -48.59833727480745  
780  -48.59834621273999  
781  -48.59835350098169  
782  -48.59836259706907  
783  -48.59836348675529  
784  -48.59837005374039  
785  -48.59838019940566  
786  -48.598388502908485  
787  -48.598395959880875  
788  -48.598404622164594  
789  -48.59841339968164  
790  -48.59842192975752  
791  -48.598430483487164  
792  -48.598436876224554  
793  -48.598446283485934  
794  -48.59845134881112  
795  -48.59845970568252  
796  -48.598467736397  
797  -48.59847452955548  
798  -48.598488686760554  
799  -48.59848459358704  
800  -48.59849768474298  
801  -48.59850731140434  
802  -48.5985150418223  
803  -48.598524428860436  
804  -48.5985354886341  
805  -48.59854699313018  
806  -48.59856014415232  
807  -48.598570272075165  
808  -48.59858247868867  
809  -48.59859508366495  
810  -48.59860730482457  
811  -48.598620137443284  
812  -48.598635831932576  
813  -48.59864591273452  
814  -48.59866330129409  
815  -48.598677180561374  
816  -48.598691868415564  
817  -48.59870480824352  
818  -48.59872783449045  
819  -48.59874085694136  
820  -48.59875590612844  
821  -48.59877853281124  
822  -48.59879983364728  
823  -48.598824607065445  
824  -48.5988442086346  
825  -48.59886551570184  
826  -48.59889720163039  
827  -48.598927947069015  
828  -48.59894916065486  
829  -48.59898856223347  
830  -48.59900908916523  
831  -48.599035116628805  
832  -48.59907907035743  
833  -48.599105575834756  
834  -48.59914705780458  
835  -48.59922273107182  
836  -48.599253491178175  
837  -48.59931290614612  
838  -48.599370468116796  
839  -48.59944212063577  
840  -48.59950376467743  
841  -48.59955348308626  
842  -48.59962077197205  
843  -48.599699498782904  
844  -48.59978115373619  
845  -48.59985487214123  
846  -48.599933727674824  
847  -48.60003024116051  
848  -48.600142974949186  
849  -48.60024213947199  
850  -48.60036040430366  
851  -48.60048841834216  
852  -48.60058310831195  
853  -48.600722756116056  
854  -48.600848033289985  
855  -48.600969463546406  
856  -48.60109009417222  
857  -48.60120930944778  
858  -48.601330401061105  
859  -48.6014909921837  
860  -48.6015862359791  
861  -48.60169506878694  
862  -48.601870434964425  
863  -48.6019662871571  
864  -48.60212078080182  
865  -48.602112275759  
866  -48.602215010458515  
867  -48.60234590559046  
868  -48.602436282187284  
869  -48.6025577378993  
870  -48.60267086177125  
871  -48.602773436451905  
872  -48.6028863983425  
873  -48.60298184055629  
874  -48.603126598069856  
875  -48.60324196471901  
876  -48.603357771603164  
877  -48.60347205509819  
878  -48.60357426622992  
879  -48.60369315414106  
880  -48.603796713227894  
881  -48.60389371276612  
882  -48.6039852554242  
883  -48.60408453134348  
884  -48.60416907587152  
885  -48.60425048068584  
886  -48.604329196329076  
887  -48.60442065493119  
888  -48.604490927764694  
889  -48.60455910234268  
890  -48.60464834656043  
891  -48.60472193540538  
892  -48.60477812590211  
893  -48.604842561970855  
894  -48.60491032424136  
895  -48.60499068588236  
896  -48.6050510445806  
897  -48.60509971338491  
898  -48.60517080547258  
899  -48.60520812029621  
900  -48.605281547135284  
901  -48.605324041289144  
902  -48.60536914216468  
903  -48.605457552108405  
904  -48.605378133203395  
905  -48.60549866249121  
906  -48.60556807013441  
907  -48.605632999189204  
908  -48.60570371921682  
909  -48.60576253017923  
910  -48.60581707415455  
911  -48.605891444405394  
912  -48.60594267346964  
913  -48.606022792396956  
914  -48.60607906279238  
915  -48.606132542115276  
916  -48.60618493160659  
917  -48.606229467289864  
918  -48.606285384224336  
919  -48.60633728777534  
920  -48.60639250693887  
921  -48.60643814285458  
922  -48.60648562837991  
923  -48.6065342577513  
924  -48.60658460743887  
925  -48.606637840019786  
926  -48.60668901284622  
927  -48.60673731268352  
928  -48.606785574353765  
929  -48.60685504476619  
930  -48.60688149072874  
931  -48.60692600777139  
932  -48.606970482910164  
933  -48.607017383183354  
934  -48.60708675105056  
935  -48.607142517438305  
936  -48.607188086747776  
937  -48.607224890344504  
938  -48.60726579670447  
939  -48.60732296421299  
940  -48.60737780586111  
941  -48.607415675819  
942  -48.60745898061545  
943  -48.60750668830398  
944  -48.60755567791952  
945  -48.60760342910657  
946  -48.607645449114784  
947  -48.60769567915186  
948  -48.607743382990684  
949  -48.60778613137256  
950  -48.60782826342802  
951  -48.60785959971339  
952  -48.607911288308145  
953  -48.60793718388197  
954  -48.60796984009715  
955  -48.608023568516245  
956  -48.608071451228234  
957  -48.608102995150425  
958  -48.60814070601389  
959  -48.6081713746703  
960  -48.60822617230413  
961  -48.60826560177985  
962  -48.60831371364823  
963  -48.608342629448984  
964  -48.60837262245687  
965  -48.60840273913316  
966  -48.60845172366223  
967  -48.608485448246725  
968  -48.608513325308905  
969  -48.60852833845075  
970  -48.60856977767575  
971  -48.60859712330858  
972  -48.608623703462676  
973  -48.608663158692444  
974  -48.608628252354016  
975  -48.60868741228686  
976  -48.60871724700261  
977  -48.6087386061577  
978  -48.608764915204766  
979  -48.608790894372916  
980  -48.608812495881914  
981  -48.608839130266354  
982  -48.60886130610008  
983  -48.608883697468386  
984  -48.608919926333165  
985  -48.6089381934893  
986  -48.608956039273984  
987  -48.60899027993507  
988  -48.60900636271489  
989  -48.60902643861718  
990  -48.60904297099687  
991  -48.609079272462786  
992  -48.609087431278475  
993  -48.60911671321573  
994  -48.60912167916751  
995  -48.60914984883671  
996  -48.609159808240584  
997  -48.609175589605584  
998  -48.609198477278206  
999  -48.60918776705415  
1000  -48.60921262162498  
1001  -48.60923720726463  
1002  -48.609255073724526  
1003  -48.609278557021405  
1004  -48.60929161239557  
1005  -48.60931425027363  
1006  -48.60933169334777  
1007  -48.60934675626492  
1008  -48.60937080095471  
1009  -48.60939786342133  
1010  -48.609413984495156  
1011  -48.60943448973756  
1012  -48.60943877276066  
1013  -48.60946102358676  
1014  -48.60947561659363  
1015  -48.60949105273788  
1016  -48.609513370902306  
1017  -48.60948823547151  
1018  -48.609529145026585  
1019  -48.60955657935803  
1020  -48.60957491775631  
1021  -48.609597519211206  
1022  -48.60960242777787  
1023  -48.60962824006181  
1024  -48.60963976132056  
1025  -48.609652733397084  
1026  -48.60967328945584  
1027  -48.60965345238124  
1028  -48.60968790838683  
1029  -48.60971493802116  
1030  -48.60973243639126  
1031  -48.60975239992125  
1032  -48.60977018356757  
1033  -48.60979326198623  
1034  -48.609813312310024  
