0  0.1329820769633343  1.003125259553649  
1  -0.006511265436950908  0.9998469764123268  
2  -0.14668678699747167  0.9965526611335427  
3  -0.28754354165640306  0.9932423359510356  
4  -0.42908635074664103  0.9899158875569295  
5  -0.571330812097819  0.9865729493810279  
6  -0.7143017616669926  0.9832129377445836  
7  -0.858030446582113  0.9798351182976199  
8  -1.00255097689201  0.9764386894076278  
9  -1.1478986807284648  0.9730228208154936  
10  -1.294110879561559  0.9695866354159444  
11  -1.4412279930189338  0.9661291832927933  
12  -1.58929406421209  0.9626494293730582  
13  -1.7383568963153837  0.9591462502171691  
14  -1.8884680869059223  0.9556184332119342  
15  -2.039683017849114  0.9520646768082432  
16  -2.1920608011602924  0.9484835917933925  
17  -2.3456642513663484  0.9448737019406248  
18  -2.5005599452742966  0.941233442604486  
19  -2.6568183477048755  0.9375611577659153  
20  -2.8145139283858223  0.9338550972850941  
21  -2.973725236387851  0.930113415152099  
22  -3.134534945533257  0.9263341684197386  
23  -3.2970298339522  0.9225153176840077  
24  -3.461300670715679  0.9186547297483679  
25  -3.6274421335373592  0.914750179557865  
26  -3.7955528651840775  0.910799348873406  
27  -3.9657356260196006  0.906799822686774  
28  -4.138097514006669  0.9027490840502803  
29  -4.312750257107044  0.8986445072049662  
30  -4.489810503488485  0.8944833507603456  
31  -4.669400046769192  0.8902627524008522  
32  -4.851646027340207  0.8859797241544912  
33  -5.036681179015917  0.8816311465962176  
34  -5.224644148396456  0.8772137613424834  
35  -5.415679885307897  0.8727241618753653  
36  -5.609940088034346  0.8681587830790031  
37  -5.807583659196427  0.8635138905258366  
38  -6.008777110323296  0.8587855709686137  
39  -6.213694876615861  0.8539697249430261  
40  -6.422519527581901  0.8490620618174985  
41  -6.635441819495019  0.8440580985603313  
42  -6.852660492638403  0.8389531645047482  
43  -7.074381777827542  0.8337424129462826  
44  -7.300818644552159  0.8284208388124649  
45  -7.532189774048895  0.8229833027970092  
46  -7.76871820094633  0.8174245632830024  
47  -8.010629651278581  0.8117393154018432  
48  -8.258150722455227  0.8059222338064225  
49  -8.511507084579092  0.7999680149426001  
50  -8.77092182391775  0.7938714159798764  
51  -9.036613967250773  0.7876272894912374  
52  -9.308797172452156  0.781230614226247  
53  -9.587678516299704  0.7746765235991745  
54  -9.873457228314813  0.7679603354454809  
55  -10.166323239137101  0.7610775861369874  
56  -10.466455599059806  0.7540240677484434  
57  -10.774020900094555  0.7467958651411493  
58  -11.08917169526299  0.739389393111751  
59  -11.412044812328906  0.7318014360218276  
60  -11.742759531042438  0.7240291906351296  
61  -12.081415614724362  0.7160703123780235  
62  -12.428090975202732  0.7079229702166551  
63  -12.782838493092576  0.6995859213846972  
64  -13.14568164709506  0.6910586141007612  
65  -13.51660925147469  0.6823413112448342  
66  -13.895570050312317  0.673435217400682  
67  -14.282467637346418  0.6643425982464823  
68  -14.677155718836289  0.6550668918839798  
69  -15.0794337638259  0.6456128110631963  
70  -15.489043473462612  0.6359864261582405  
71  -15.90566674401102  0.6261952130392509  
72  -16.328925534375085  0.6162480561858058  
73  -16.758383465281405  0.6061552111039429  
74  -17.193549035670888  0.5959282287365837  
75  -17.633880896427193  0.5855798315237464  
76  -18.078795432707853  0.5751237352074601  
77  -18.527676584230356  0.5645744180416931  
78  -18.979887293995674  0.5539468517317901  
79  -19.434780675196276  0.5432562389969564  
80  -19.891708003126258  0.5325178257495066  
81  -20.35002137935734  0.521746838483108  
82  -20.809071657680665  0.5109585330159678  
83  -21.268204954715113  0.5001682764962799  
84  -21.726760523797125  0.48939159736870375  
85  -22.184069668606877  0.47864421090562587  
86  -22.639454028581202  0.4679420595022869  
87  -23.092222610230863  0.45730138244486024  
88  -23.541668342578177  0.44673879686234985  
89  -23.987066048485808  0.43627134540312085  
90  -24.427673784483297  0.425916464747155  
91  -24.862738544316954  0.4156918515648761  
92  -25.291506645955618  0.4056152184083972  
93  -25.71323867085953  0.39570394261839675  
94  -26.12722782787489  0.38597463474763705  
95  -26.532819478971916  0.3764426796795813  
96  -26.929429171552265  0.36712181284465983  
97  -27.316556914503984  0.3580237847135756  
98  -27.693795912262985  0.3491581555349883  
99  -28.06083420867347  0.34053225670256004  
100  -28.417448382293973  0.3321513389238326  
