0  -1.5189650568736741  
1  -7.481507781650027  
2  -7.405464934268833  
3  -9.267459901707834  
4  -10.588499059322123  
5  -12.556230142445367  
6  -13.610095758586255  
7  -16.312940985898106  
8  -14.114003421478929  
9  -16.53093827682206  
10  -14.604137071139315  
11  -16.874049230392156  
12  -16.944271018725033  
13  -16.940736479536984  
14  -17.730214820897395  
15  -16.515065063371328  
16  -17.67731435611385  
17  -16.294293003035513  
18  -17.77799191647732  
19  -16.535995458696625  
20  -17.80054646438421  
21  -16.459141067613956  
22  -17.80957034241403  
23  -16.382409093981266  
24  -17.813239801919487  
25  -16.332481406521502  
26  -17.814771168218616  
27  -17.89276060709938  
28  -16.321390846829257  
29  -17.892833587872012  
30  -16.31408554438583  
31  -17.892833587872012  
32  -16.281777239758785  
33  -18.00793502967465  
34  -18.754557673938947  
35  -20.25521787590031  
36  -20.687987187339616  
37  -21.07399815035452  
38  -22.341428408564994  
39  -23.59776601147318  
40  -25.482342508958954  
41  -27.373059203415746  
42  -27.90606455602047  
43  -28.68665056826997  
44  -27.881109672323515  
45  -28.11520482070938  
46  -28.70683572319152  
47  -28.71411164013627  
48  -27.621048516996957  
49  -27.53086754942518  
50  -28.08704543779151  
51  -28.71484714008295  
52  -28.07047450646134  
53  -28.715157788747682  
54  -28.059587680577405  
55  -28.71529044605986  
56  -28.052423813481866  
57  -28.715347490954045  
58  -28.047704905957016  
59  -28.71537213123401  
60  -28.721946274296894  
61  -28.72417869890607  
62  -28.724937401265283  
63  -25.468363182097498  
64  -27.733713315277374  
65  -28.12113858074356  
66  -28.04879751908137  
67  -28.724937980290072  
68  -28.04830404657116  
69  -28.724938232297433  
70  -28.047674868297623  
71  -28.724938261939162  
72  -28.04756315630134  
73  -28.72493827484865  
74  -28.724941303600705  
75  -28.725054326251794  
76  -28.04752678042962  
77  -28.72505432762044  
78  -28.0475027726933  
79  -28.725054328216636  
80  -28.725054360734532  
81  -28.04747948666301  
82  -28.72505436088337  
83  -28.047471569443342  
84  -28.725054360948203  
85  -28.047466344094403  
86  -28.725054360948203  
87  -22.88321085771193  
88  -28.225509540302934  
89  -27.47920025267385  
90  -28.05818130011962  
91  -28.047485999510776  
92  -28.725054361189017  
93  -28.04747586801993  
94  -28.725054361293946  
95  -28.725054364186974  
96  -28.047466035934978  
97  -28.725054364213204  
98  -28.725054364733843  
99  -28.047461120150412  
100  -28.72505436474043  
101  -28.725054364775193  
102  -28.725056945751103  
103  -28.047460284473562  
104  -28.72505694575182  
105  -28.72505694575541  
106  -28.047459473377433  
107  -28.72505694575559  
108  -28.72505694575609  
109  -28.72505737161564  
110  -28.04745933549122  
111  -28.72505737161564  
112  -11.800186279012124  
113  -27.861407008960974  
114  -27.63806271201347  
115  -28.075499453240997  
116  -28.047662631218756  
117  -28.725057382760074  
118  -28.047461175060125  
119  -28.72505738276124  
120  -28.047460462225967  
121  -28.725057382761758  
122  -28.725057382763957  
123  -28.047459770358692  
124  -28.725057382764078  
125  -28.047459535123895  
126  -28.725057382764152  
127  -28.725057382764174  
128  -28.047459306807752  
129  -28.725057382764184  
130  -28.725057540329388  
131  -28.047459280414408  
132  -28.725057540329395  
133  -28.725057540329377  
134  -28.725057540329395  
135  -1.8840303862516183  
136  -20.85701659946071  
137  -28.257552201491773  
138  -27.496558362849093  
139  -28.059722268597053  
140  -28.047497932341955  
141  -28.725057540730717  
142  -28.047459248261994  
143  -28.725057540730717  
144  -28.725057540730717  
145  -28.725057550487126  
146  -28.047459245083523  
147  -28.725057550487122  
148  -28.725057550487126  
149  0.797121316281869  
150  0.3995376146100459  
151  -2.2259703917399314  
152  -21.741195463158043  
153  -28.227955096066058  
154  -27.449473699842596  
155  -28.055954859492445  
156  -28.047477788166965  
157  -28.725057550579198  
158  -28.725057550671274  
159  -28.04746851362804  
160  -28.725057550694324  
161  -28.725057550717278  
162  -28.0474638763809  
163  -28.72505755072303  
164  -28.725057550728817  
165  -28.047461557762972  
166  -28.725057550730273  
167  -28.725057550731695  
168  -28.047460398455407  
169  -28.725057550732075  
170  -28.725057550732426  
171  -28.04745981880196  
172  -28.72505755073251  
173  -28.725057550732593  
174  -28.047459528975363  
175  -28.725057550732636  
176  -28.725057550732668  
177  -28.047459384062073  
178  -28.725057550732668  
179  -28.04745933479153  
180  -28.72505755073266  
181  -28.725057550732668  
