0  -0.5148493174809715  0.9561877246194589
1  -5.4712093120474075  0.5344149814224786
2  -6.757167881493205  0.42498340783472033
3  -9.030518321226237  0.2315274739910492
4  -9.766567011821008  0.16889173411359132
5  -10.549422434504915  0.10227286875393204
6  -11.40104963804002  0.02980171205628488
7  -12.164735622429333  0.03518588628808102
8  -12.57259457549919  0.06989357290937334
9  -12.845904713521017  0.09315152164259387
10  -13.145795869140866  0.11867144261382276
11  -13.303267752741604  0.13207187123391717
12  -13.522575932576407  0.15073440033105004
13  -13.668886469082187  0.16318502869709206
14  -13.794802700753435  0.17390015723965757
15  -13.912605791571888  0.1839248795814673
16  -14.009551115054613  0.19217466270259917
17  -14.132002467193493  0.20259493942915133
18  -14.227462333873895  0.21071831422015724
19  -14.297627668794027  0.21668919321583996
20  -14.386794206041952  0.22427702280401796
21  -14.42822066596592  0.22780230177128968
22  -14.469500461905035  0.2313151000327031
23  -14.493940347356958  0.2333948677537278
24  -14.512829517079135  0.23500228467646345
25  -14.524188456033736  0.23596889945988136
26  -14.531956109793855  0.23662990564954503
27  -14.536537503020428  0.2370197697415307
28  -14.54372508526234  0.23763141342408167
29  -14.54687140719603  0.23789915685563384
30  -14.550118208340159  0.23817545079446717
31  -14.552325698769767  0.23836330222073515
32  -14.554666436370196  0.23856249261851087
33  -14.558848369782151  0.2389183637676931
34  -14.548067678945381  0.23800095632497958
35  -14.560134288198824  0.23902779192438925
36  -14.562956191454939  0.23926792820962128
37  -14.564764399165202  0.23942180176341155
38  -14.56697282722768  0.23960973297968427
39  -14.568891220938728  0.23977298306218986
40  -14.570355480920012  0.23989758760054808
41  -14.572894406739788  0.24011364327627674
42  -14.576835199745418  0.24044899403331976
43  -14.579378200162578  0.2406653964461939
44  -14.588629533547554  0.24145265973301902
45  -14.59422402344073  0.24192873559345285
46  -14.601382195446902  0.24253787654500372
47  -14.607554570772146  0.2430631288825707
48  -14.613842373817507  0.24359820380489905
49  -14.618206283179422  0.24396956061204295
50  -14.621841130073864  0.244278876187879
51  -14.625923006746191  0.24462623278089615
