0  -0.33109341599068726  0.9313096936021785
1  -0.1162226366823816  0.9758878668722907
2  -0.7776336325691967  0.8386682129374282
3  -2.012074414033224  0.5825649157606725
4  -0.6799005156579934  0.858944417239943
5  -2.407204535876617  0.500589232084756
6  -2.6610810859132896  0.44791872531233684
7  -3.091257813949808  0.3586720963341517
8  -3.2676948570128577  0.3220675794135634
9  -3.4615237522732043  0.2818548613069643
10  -3.5864868943916797  0.2559293789325458
11  -3.703826663782643  0.23158547983084427
12  -3.791108299238115  0.21347759247101836
13  -3.834060376700138  0.2045665383129003
14  -3.866695787564817  0.19779583172845822
15  -3.899158947904516  0.1910608611048253
16  -3.91785114703523  0.18718288339966327
17  -3.935451571188542  0.18353141082596336
18  -3.951718521438296  0.18015658745936047
19  -3.965649625863334  0.1772663704233237
20  -3.976980356935432  0.17491563993016396
21  -3.9886675914582144  0.17249094743692606
22  -4.006825026010913  0.16872391468246525
23  -4.029684093633174  0.16398145746916384
24  -4.04322492629485  0.16117220817730135
25  -4.0538583499765934  0.158966144584731
26  -4.0631066355099  0.15704744872351445
27  -4.0828318383792706  0.15295515886386243
28  -4.099133987430591  0.14957303297673927
29  -4.116779209851216  0.1459122663290433
30  -4.128143000440116  0.14355467714214687
31  -4.138119683430209  0.14148486427868995
32  -4.147333580690261  0.13957330278171107
33  -4.154818565107307  0.13802043024435956
34  -4.165778817599908  0.13574656110183508
35  -4.175547679680266  0.13371986381022632
36  -4.186274951027402  0.13149433010868009
37  -4.1927564653977285  0.13014964251745312
38  -4.198494557858783  0.12895918897699377
39  -4.203482751334202  0.12792431325416223
40  -4.2121572462048835  0.1261246588915693
41  -4.220963936284907  0.12429757864553848
42  -4.231595623246286  0.12209187536171535
43  -4.2389314517328405  0.12056994746437094
44  -4.244267650927778  0.11946287272353591
45  -4.2498923918497935  0.11829593566383773
46  -4.256586959504497  0.11690704696598624
47  -4.263686423711454  0.1154341563916536
48  -4.270734601699003  0.11397190591451122
49  -4.278126478031361  0.11243835004900059
