0  0.359862270534151  
1  -5.690398424945679  
2  -2.980765960323376  
3  -9.452592557757365  
4  -13.47785648883547  
5  -10.77857116274921  
6  -17.372853374025247  
7  -20.852634152067004  
8  -23.506456148209985  
9  -26.247504904188624  
10  -27.618185070798763  
11  -28.545774475955454  
12  -29.538233925908855  
13  -30.220164256547168  
14  -30.861442724927116  
15  -31.26510938045779  
16  -31.6797683984073  
17  -32.11324493933059  
18  -32.56657855499864  
19  -33.060523503092334  
20  -33.40991311735267  
21  -33.75516230578343  
22  -33.971561345215555  
23  -34.069011833556566  
24  -34.15588857318882  
25  -34.23949836770626  
26  -34.32717103343414  
27  -34.397236330766724  
28  -34.46351035898861  
29  -34.48987356028038  
30  -34.571292131178424  
31  -34.59465868980318  
32  -34.62652039192338  
33  -34.64632161796322  
34  -34.682792986714354  
35  -34.70437434543132  
36  -34.72557674487414  
37  -34.760387168703886  
38  -34.74779167530879  
39  -34.78031282880531  
40  -34.81280675100497  
41  -34.83153536895924  
42  -34.84958781307001  
43  -34.86583361605721  
44  -34.88314838521316  
45  -34.90022492360674  
46  -34.91499848903079  
47  -34.93095322401089  
48  -34.94514753201346  
49  -34.95794560048564  
50  -34.97178887211233  
51  -34.983714878554935  
52  -34.99810046697591  
53  -35.01278807261377  
54  -35.02925620963918  
55  -35.046172312894235  
56  -35.06460913472059  
57  -35.082809717857465  
58  -35.09885417470738  
59  -35.12051439284299  
60  -35.1292734743093  
61  -35.150639813416824  
62  -35.15992543248046  
63  -35.174264078904194  
64  -35.18562045081044  
65  -35.202111911353015  
66  -35.21085841578075  
67  -35.22032855259745  
68  -35.22672449117065  
69  -35.240129327616096  
70  -35.24795997538975  
71  -35.25597766505616  
72  -35.26860336293504  
73  -35.27540125687037  
74  -35.28751786031983  
75  -35.293497090382346  
76  -35.302686113262624  
77  -35.31131029306048  
78  -35.32432198032464  
79  -35.33207283354799  
80  -35.339700002563546  
81  -35.35219706255846  
82  -35.34623728103658  
83  -35.36045596823655  
84  -35.37416679230436  
85  -35.384968100815165  
86  -35.39556984051603  
87  -35.40611882717042  
88  -35.41794109836301  
89  -35.43217411435792  
90  -35.4423555171016  
91  -35.45230468305057  
92  -35.46793823942541  
93  -35.47796160485071  
94  -35.48895540940748  
95  -35.5016111151582  
96  -35.51153659592918  
97  -35.530841170217364  
98  -35.54584672932591  
99  -35.55972980903358  
100  -35.57581700944562  
101  -35.589668493912434  
102  -35.61157272027588  
103  -35.628917967327965  
104  -35.65210062827876  
105  -35.66703921707784  
106  -35.687644644743216  
107  -35.69447391315357  
108  -35.73132871739133  
109  -35.74454798689391  
110  -35.76339546187732  
111  -35.79103580964186  
112  -35.79447397896516  
113  -35.81237932860409  
114  -35.83990225959832  
115  -35.861683889023084  
116  -35.88549769658296  
117  -35.908471960911456  
118  -35.934987041301426  
119  -35.95997211963425  
120  -35.97847972673571  
121  -36.00778705247114  
122  -36.03111309261373  
123  -36.053627905428925  
124  -36.07681216325542  
125  -36.09721016043926  
126  -36.124184692397066  
127  -36.16023146177384  
128  -36.18172286763751  
129  -36.2135036432774  
130  -36.236237030932365  
131  -36.26016129866919  
132  -36.27866577263777  
133  -36.31191788459951  
134  -36.33087412178775  
135  -36.35334761681452  
136  -36.36682997083838  
137  -36.399315861889995  
138  -36.41546523070347  
139  -36.432372346489494  
140  -36.45611207155645  
141  -36.45287065847789  
142  -36.472485210005416  
143  -36.49180900812549  
144  -36.50559655156482  
145  -36.519883717463294  
146  -36.535786969829935  
147  -36.55145441450925  
148  -36.56793728274574  
149  -36.57938067865969  
150  -36.59420546318134  
151  -36.61036037822616  
152  -36.628029277610615  
153  -36.638381905769975  
154  -36.65535328000105  
155  -36.661545951446094  
156  -36.67679325176649  
157  -36.68537457729989  
158  -36.69527123319447  
159  -36.69962760354466  
160  -36.71163453434966  
161  -36.71747897539213  
162  -36.724394686678956  
163  -36.735179966463356  
164  -36.71458907891751  
165  -36.740236243664846  
166  -36.74975649001477  
167  -36.7565948712983  
168  -36.765051441310106  
169  -36.7721161241118  
170  -36.77738624900627  
171  -36.78724205574608  
172  -36.793424178556606  
173  -36.80037340227074  
174  -36.81208821575624  
175  -36.819327264228484  
176  -36.831018478652666  
177  -36.8437704743328  
178  -36.858131024858395  
179  -36.8674964606419  
180  -36.87696429681172  
181  -36.88799076358464  
182  -36.89983225720728  
183  -36.911227445160826  
184  -36.92215033312715  
185  -36.92866975598343  
186  -36.94063703015831  
187  -36.94467565579978  
188  -36.95308552297818  
189  -36.95896698304891  
190  -36.96467914617943  
191  -36.974721146586084  
192  -36.96023197214588  
193  -36.97966264236535  
194  -36.98764009555707  
195  -36.99273518726091  
196  -36.999578533340376  
197  -37.00479644072352  
198  -37.00958509690674  
199  -37.016046266541075  
200  -37.020151226500175  
201  -37.02667667216734  
202  -37.03118874267457  
203  -37.03623782067736  
204  -37.040758494170106  
205  -37.04526225668613  
206  -37.04990862775052  
207  -37.054764572626304  
208  -37.0583580515379  
209  -37.06201716634192  
210  -37.06582338427128  
211  -37.07065311640911  
212  -37.07443387876603  
213  -37.07806652259875  
214  -37.08279743532988  
215  -37.08869439077781  
216  -37.09272827887169  
217  -37.09850029798211  
218  -37.10011161448381  
219  -37.10710494547027  
220  -37.110855034946624  
221  -37.115049302111046  
222  -37.12176351789452  
223  -37.11098680572756  
224  -37.12580855141568  
225  -37.1333649746445  
226  -37.138336763175424  
227  -37.144476167310145  
228  -37.14960979312799  
229  -37.15418057364438  
230  -37.160801217972974  
231  -37.16380212651519  
232  -37.16714991353457  
233  -37.17361137886101  
234  -37.17696315224118  
235  -37.17701806514191  
236  -37.18165401897867  
237  -37.18824662638641  
238  -37.19130008901066  
239  -37.19618486642093  
240  -37.199659549681144  
241  -37.20364662369251  
242  -37.20772098845186  
243  -37.21052006059916  
244  -37.21558024140791  
245  -37.21956641816007  
246  -37.22297791458962  
247  -37.227015716889284  
248  -37.23033319068205  
249  -37.235474437572826  
250  -37.24046828674566  
251  -37.245959259419635  
252  -37.25079041540565  
253  -37.255370484742016  
254  -37.25993140472766  
255  -37.264674367842055  
256  -37.269226980597686  
257  -37.27367754133264  
258  -37.27785737407933  
259  -37.28239264570434  
260  -37.28385830358864  
261  -37.29133557994892  
262  -37.29435474729358  
263  -37.29771924719356  
264  -37.30288062723266  
265  -37.29885334428541  
266  -37.306415033542436  
267  -37.312090286867104  
268  -37.31593221745173  
269  -37.32102773283818  
270  -37.32451221287977  
271  -37.32908739929295  
272  -37.33389602847777  
273  -37.33734562318396  
274  -37.341373828797  
275  -37.346730127413544  
276  -37.34937285692373  
277  -37.35383130531839  
278  -37.355967906085134  
279  -37.36077420251704  
280  -37.363977347211524  
281  -37.36674206645705  
282  -37.37196480787195  
283  -37.3702926028097  
284  -37.375196446826926  
285  -37.37924554301524  
286  -37.38241974826841  
287  -37.38679373710269  
288  -37.38939564216926  
289  -37.39405206686459  
290  -37.397092359451925  
291  -37.400055553084165  
292  -37.40601921179761  
293  -37.403662340617075  
294  -37.409482504356035  
295  -37.413727384044606  
296  -37.41765599118129  
297  -37.42192454149095  
298  -37.4244066782592  
299  -37.430272931948345  
300  -37.43277487274422  
301  -37.43576057896343  
302  -37.439728639747806  
303  -37.44420723942468  
304  -37.44788890923701  
305  -37.45194457065236  
306  -37.45491719481093  
307  -37.458401103822794  
308  -37.461997460584186  
309  -37.46514021993364  
310  -37.46707595925092  
311  -37.470765221183  
312  -37.47122263001253  
313  -37.474641430137005  
314  -37.476342201821964  
315  -37.478457293651694  
316  -37.480982815881546  
317  -37.47544949053943  
318  -37.48257303360067  
319  -37.48596020201287  
320  -37.488186970460276  
321  -37.490407418069665  
322  -37.49228459326072  
323  -37.494254726809125  
324  -37.49754662892477  
325  -37.49952426102518  
326  -37.50130230554234  
327  -37.50411722764572  
328  -37.50637026284109  
329  -37.50946924768275  
330  -37.51286183664267  
331  -37.51486088070456  
332  -37.5177162202326  
333  -37.51967203495794  
334  -37.52358244800309  
335  -37.52600819860243  
336  -37.527970116665074  
337  -37.53132743783452  
338  -37.53126617255406  
339  -37.5338706029259  
340  -37.538049484231905  
341  -37.541128563093345  
342  -37.543968641058704  
343  -37.54634859189915  
344  -37.548726266346975  
345  -37.55182982087422  
346  -37.55389191387992  
347  -37.55621567279787  
348  -37.55847817399863  
349  -37.56074956721711  
350  -37.56226658817118  
351  -37.56494160391683  
352  -37.565269895092456  
353  -37.56834062310224  
354  -37.56963680129594  
355  -37.57136386377866  
356  -37.57362510252871  
357  -37.57149848803977  
358  -37.57531728205643  
359  -37.578466235375366  
360  -37.58053193619039  
361  -37.58274159921058  
362  -37.58477825013798  
363  -37.58666332065683  
364  -37.59072408724498  
365  -37.591037912002335  
366  -37.592483649713365  
367  -37.594670060188975  
368  -37.5978535114832  
369  -37.600071241940775  
370  -37.60279933477275  
371  -37.60558596318433  
372  -37.60824006327626  
373  -37.61102309330033  
374  -37.61370869128315  
375  -37.61688411962962  
376  -37.619193620776095  
377  -37.62242069416731  
378  -37.62521860183081  
379  -37.627736274881045  
380  -37.630093934600175  
381  -37.6332031602976  
382  -37.636287823010036  
383  -37.638968315247666  
384  -37.64214479924262  
385  -37.64508103360129  
386  -37.64855954862227  
387  -37.651805077392126  
388  -37.65477121207114  
389  -37.65848270369664  
390  -37.661662137207756  
391  -37.664866678082916  
392  -37.66840980593564  
393  -37.67278108860994  
394  -37.67620180442595  
395  -37.679102984917705  
396  -37.68276232007278  
397  -37.68615607756441  
398  -37.68993854682567  
399  -37.693035538981185  
400  -37.69618660449678  
401  -37.69934836771084  
402  -37.702396045589836  
403  -37.70559699366008  
404  -37.70816627761943  
405  -37.71201765239481  
406  -37.71484496659496  
407  -37.717568436049504  
408  -37.7205548285101  
409  -37.72330677639659  
410  -37.726182291643255  
411  -37.72817430612932  
412  -37.73027507458304  
413  -37.73266390603154  
414  -37.7354707276651  
415  -37.737203776858095  
416  -37.7394766322838  
417  -37.74025751459417  
418  -37.743052730272446  
419  -37.744310798442314  
420  -37.745666064838794  
421  -37.74784961874894  
422  -37.74768276318901  
423  -37.74939256799942  
424  -37.751795442536775  
425  -37.753416341416276  
426  -37.755550733296126  
427  -37.75724261282462  
428  -37.75872724906995  
429  -37.76089771576885  
430  -37.76240818178335  
431  -37.764407437959854  
432  -37.76599208103104  
433  -37.76781709311143  
434  -37.76899138921398  
435  -37.770869971795086  
436  -37.77170013747622  
437  -37.77399312288205  
438  -37.77528888411712  
439  -37.77668509506322  
440  -37.7787375682297  
441  -37.775935128210264  
442  -37.77991342040249  
443  -37.78206164079123  
444  -37.78351492163266  
445  -37.78525929685257  
446  -37.786848102984585  
447  -37.788326226183685  
448  -37.790708026515695  
449  -37.791980664425154  
450  -37.79303968200576  
451  -37.79477327922405  
452  -37.795906403638924  
453  -37.796830650956636  
454  -37.799504947962276  
455  -37.80031083525933  
456  -37.80156443561141  
457  -37.803100352691075  
458  -37.80487702886371  
459  -37.80629829575839  
460  -37.8077025832501  
461  -37.80895213572803  
462  -37.81031231609193  
463  -37.81231298857951  
464  -37.81360453908734  
465  -37.81468591821197  
466  -37.816559193726405  
467  -37.81750156937133  
468  -37.818687667043775  
469  -37.82078903473303  
470  -37.82180850867015  
471  -37.82273650319173  
472  -37.82415541323617  
473  -37.8251903403844  
474  -37.825333096336486  
475  -37.82623253745178  
476  -37.82781141172757  
477  -37.828943476214064  
478  -37.830143615844776  
479  -37.831300506723956  
480  -37.83247637466918  
481  -37.83398585610946  
482  -37.83468675247635  
483  -37.83596304136918  
484  -37.83682498543194  
485  -37.83773017933833  
486  -37.83930285404346  
487  -37.83977836480894  
488  -37.84150171296106  
489  -37.84212028398256  
490  -37.84328825536084  
491  -37.844023381783465  
492  -37.845309507136975  
493  -37.84599970978689  
494  -37.84680883158748  
495  -37.84825136138056  
496  -37.849391309945226  
497  -37.850590335512194  
498  -37.85144288793863  
499  -37.852190899138535  
500  -37.853025807239064  
501  -37.85460070884368  
502  -37.85529192955944  
503  -37.856212935248195  
504  -37.85752620233729  
505  -37.85869398980778  
506  -37.85971619236621  
507  -37.86067742176794  
508  -37.86148328758421  
509  -37.86261668625317  
510  -37.863585827483575  
511  -37.86476878286027  
512  -37.86560988851508  
513  -37.866350665008  
514  -37.86735609229382  
515  -37.867954977469964  
516  -37.86920409188049  
517  -37.86849212400908  
518  -37.86978946249182  
519  -37.87079262750867  
520  -37.8716899454373  
521  -37.87260252978072  
522  -37.87342924129653  
523  -37.87421078397457  
524  -37.87509070988747  
525  -37.87573716162113  
526  -37.87646007857425  
527  -37.87721889652428  
528  -37.87781218240097  
529  -37.87843869474579  
530  -37.87920481467842  
531  -37.87974936035788  
532  -37.880388454759824  
533  -37.88106744188545  
534  -37.88165638962515  
535  -37.88204849816392  
536  -37.88279049348874  
537  -37.88320175991912  
538  -37.88368520913233  
539  -37.88430193166842  
540  -37.88500749308013  
541  -37.88546752817849  
542  -37.88603393011676  
543  -37.88650255895406  
544  -37.88695461214819  
545  -37.8877449311994  
546  -37.8880913484687  
547  -37.888649758995975  
548  -37.88916616741039  
549  -37.88958054407158  
550  -37.890380366655364  
551  -37.89114371019717  
552  -37.89167131523623  
553  -37.892242022704096  
554  -37.892801960157996  
555  -37.89364723940776  
556  -37.89419375059505  
557  -37.8947227047512  
558  -37.89524803675363  
559  -37.895804904079284  
560  -37.8964300699259  
561  -37.8969545229999  
562  -37.89757620245342  
563  -37.89810261978218  
564  -37.89881382668932  
565  -37.89949601465285  
566  -37.90015114436665  
567  -37.90066293494024  
568  -37.90137725666437  
569  -37.90190038352059  
570  -37.9025648580071  
571  -37.903149569500485  
572  -37.903664025145304  
573  -37.904205675413216  
574  -37.905129834750575  
575  -37.905604028825564  
576  -37.906208470478745  
577  -37.90675194403801  
578  -37.90753022569656  
579  -37.90813246207254  
580  -37.90867016073282  
581  -37.90922302367038  
582  -37.9099364547021  
583  -37.91051513246749  
584  -37.91103910876976  
585  -37.911587845297305  
586  -37.912458998037124  
587  -37.91298081488658  
588  -37.91355526827359  
589  -37.91436819324481  
590  -37.915252963691145  
591  -37.91583548908098  
592  -37.91655337777696  
593  -37.917105244887544  
594  -37.91760266811047  
595  -37.91865056519607  
596  -37.91897937693987  
597  -37.91947961335377  
598  -37.9201361536129  
599  -37.92068684154119  
600  -37.92174524125922  
601  -37.92029020089017  
602  -37.922277616527985  
603  -37.92311969673359  
604  -37.92365084196916  
605  -37.92443755737475  
606  -37.92511904673901  
607  -37.92571899832625  
608  -37.92629318703113  
609  -37.92679799586796  
610  -37.92757836331079  
611  -37.92770998992562  
612  -37.92868558418865  
613  -37.928985679026184  
614  -37.92953001500501  
615  -37.93020955764546  
616  -37.93025421458811  
617  -37.93070878460839  
618  -37.93131619925165  
619  -37.93180776419886  
620  -37.932399141216976  
621  -37.932938010327135  
622  -37.93357729458528  
623  -37.93410452090494  
624  -37.93458166911117  
625  -37.93507544500361  
626  -37.93585029714705  
627  -37.93628709672838  
628  -37.93683975468981  
629  -37.93716685076667  
630  -37.9378966293662  
631  -37.938293709370036  
632  -37.93868367705228  
633  -37.939337011849496  
634  -37.93958449439303  
635  -37.94039381103639  
636  -37.94065635791626  
637  -37.9411163438254  
638  -37.94185436211945  
639  -37.94198892254306  
640  -37.94282972320381  
641  -37.94309583185337  
642  -37.94353410899807  
643  -37.944150589811485  
644  -37.94469236262473  
645  -37.945190656012635  
646  -37.94564755093041  
647  -37.94605814260761  
648  -37.946526086284095  
649  -37.94712455357151  
650  -37.94749513350231  
651  -37.947920540608706  
652  -37.9486577429956  
653  -37.949199835488265  
654  -37.949641229288915  
655  -37.950085184691574  
656  -37.950518577903935  
657  -37.95113480918921  
658  -37.95158508227434  
659  -37.95197989547457  
660  -37.952521983425434  
661  -37.95289970054802  
662  -37.95348997756382  
663  -37.95385137624337  
664  -37.95423532122635  
665  -37.95464280222129  
666  -37.95520102716304  
667  -37.95555980010935  
668  -37.95594027176151  
669  -37.95656536180728  
670  -37.95684048076933  
671  -37.95747446639508  
672  -37.95775470290688  
673  -37.958180404667786  
674  -37.95860407884683  
675  -37.959247030914646  
676  -37.95961220392199  
677  -37.95998301168307  
678  -37.96055190923693  
679  -37.96067821286624  
680  -37.96168097086765  
681  -37.962000733323684  
682  -37.96243984892864  
683  -37.96297141417377  
684  -37.963615842916624  
685  -37.964202172690726  
686  -37.96501996980269  
687  -37.96532705516618  
688  -37.96588703190477  
689  -37.966305020519705  
690  -37.966734108661484  
691  -37.967489250192244  
692  -37.96789220790914  
693  -37.96872905322643  
694  -37.969107866275  
695  -37.96966201736648  
696  -37.97022896350488  
697  -37.97101208162032  
698  -37.971509526951884  
699  -37.97211083940385  
700  -37.97288592074779  
701  -37.97373267271357  
702  -37.97440698831496  
703  -37.97528701052782  
704  -37.97589216779706  
705  -37.97654269190109  
706  -37.977778450936114  
707  -37.97822640278168  
708  -37.97876534422685  
709  -37.98028843287489  
710  -37.98084779492033  
711  -37.98159143056679  
712  -37.983042229571154  
713  -37.98361037981178  
714  -37.98411530396114  
715  -37.98519860684053  
716  -37.98597668627928  
717  -37.987370040333644  
718  -37.98825434170673  
719  -37.989276443530905  
720  -37.989917747788446  
721  -37.99075605512435  
722  -37.991451170491764  
723  -37.992815344903605  
724  -37.99343872378573  
725  -37.99437649554633  
726  -37.99546102025588  
727  -37.99672408224293  
728  -37.9976467148191  
729  -37.99880807033679  
730  -37.999631568597415  
731  -38.00050084848641  
732  -38.00196358757126  
733  -38.002623773571614  
734  -38.00328705764209  
735  -38.00480620944714  
736  -38.00552219581495  
737  -38.006280639980226  
738  -38.00806160806263  
739  -38.00852293555926  
740  -38.0094155892582  
741  -38.00966515172531  
742  -38.010970632929066  
743  -38.01146598488229  
744  -38.01204577763988  
745  -38.01298283895508  
746  -38.01401511294419  
747  -38.015271696370895  
748  -38.01580339840008  
749  -38.01652641187496  
750  -38.017106837034675  
751  -38.01772847008207  
752  -38.018618423313775  
753  -38.01895951494114  
754  -38.01944695288015  
755  -38.019978441961285  
756  -38.02063542267457  
757  -38.020849660630354  
758  -38.02154732482641  
759  -38.02165658532366  
760  -38.02218761228432  
761  -38.02239618661966  
762  -38.022769671997814  
763  -38.02324577006805  
764  -38.02277212706873  
765  -38.02350304168701  
766  -38.023903753977955  
767  -38.02418930797053  
768  -38.024531580820636  
769  -38.024821861261586  
770  -38.02505124115885  
771  -38.02533685324535  
772  -38.02551618052119  
773  -38.02576598417027  
774  -38.026095054706154  
775  -38.02636953474406  
776  -38.026535717757  
777  -38.026860918068145  
778  -38.0269769314278  
779  -38.0271911980094  
780  -38.027402067070874  
781  -38.02757792106952  
782  -38.027807206990516  
783  -38.02808381369932  
784  -38.02825887491206  
785  -38.02850081070719  
786  -38.02860299926032  
787  -38.02882822871341  
788  -38.0290071300647  
789  -38.0291629968395  
790  -38.02947381397967  
791  -38.029340094478876  
792  -38.0296564467774  
793  -38.03000396193068  
794  -38.03024254899498  
795  -38.03046760047884  
796  -38.03066092809182  
797  -38.03082049840441  
798  -38.031102328555434  
799  -38.03127521883839  
800  -38.03150324841029  
801  -38.03171216458976  
802  -38.03188423438004  
803  -38.03209740678829  
804  -38.032430468348295  
805  -38.03258917844226  
806  -38.032820690413885  
807  -38.03309663404934  
808  -38.03340008645505  
809  -38.03360007704817  
810  -38.03383374745439  
811  -38.03402382237863  
812  -38.034254415469896  
813  -38.0344852812332  
814  -38.034758185186746  
815  -38.034893565870036  
816  -38.03522678316818  
817  -38.035187908417704  
818  -38.03535653024336  
819  -38.03553498972385  
820  -38.03581658208716  
821  -38.035994858178604  
822  -38.03618830284403  
823  -38.03640972645186  
824  -38.03660724685124  
825  -38.036829042684964  
826  -38.03703526314468  
827  -38.03728809967329  
828  -38.03750325136138  
829  -38.037765663698295  
830  -38.03796986618703  
831  -38.03814747649914  
832  -38.03833950377436  
833  -38.03855770556558  
834  -38.03869722833233  
835  -38.038934521542345  
836  -38.03905478619226  
837  -38.0392266406565  
838  -38.03941317679253  
839  -38.0396527683203  
840  -38.03983212621931  
841  -38.04003433107667  
842  -38.040290882586376  
843  -38.04048617748191  
844  -38.04070575693897  
845  -38.04088395858682  
846  -38.041074117511556  
847  -38.04115469739666  
848  -38.04154973164847  
849  -38.04168012753014  
850  -38.04186272289504  
851  -38.04213208504414  
852  -38.04194752957357  
853  -38.04229298634869  
854  -38.04253280450869  
855  -38.04270733033252  
856  -38.04293076778209  
857  -38.043086085452806  
858  -38.043247700409374  
859  -38.04341078552436  
860  -38.043542832335355  
861  -38.04360780022104  
862  -38.04393194559502  
863  -38.04403043667099  
864  -38.04418483652426  
865  -38.04439959746042  
866  -38.04454753148375  
867  -38.04474964986244  
868  -38.04485874071971  
869  -38.04501631242266  
870  -38.04517415319232  
871  -38.04539750722585  
872  -38.0455210477555  
873  -38.04567938496271  
874  -38.04582053405844  
875  -38.046009494419025  
876  -38.04616811778185  
877  -38.04631160374706  
878  -38.046437166745875  
879  -38.04663498111168  
880  -38.04675272734653  
881  -38.0468854409531  
882  -38.04709547070736  
883  -38.047172085711274  
884  -38.0473951396145  
885  -38.04748322449099  
886  -38.04762693234973  
887  -38.04778866503637  
888  -38.04797816608096  
889  -38.04808389490847  
890  -38.04820265341598  
891  -38.04832355084446  
892  -38.04849318601018  
893  -38.0486805720588  
894  -38.0488274896462  
895  -38.048924417942665  
896  -38.04910422196342  
897  -38.04919435263444  
898  -38.049329420219195  
899  -38.049478240318  
900  -38.049581141636246  
901  -38.04973559698514  
902  -38.04992663839722  
903  -38.050038338209305  
904  -38.05018014307136  
905  -38.05026062316203  
906  -38.050377198434234  
907  -38.05052015769208  
908  -38.050611163331396  
909  -38.05086695071939  
910  -38.05069882096468  
911  -38.05098182586701  
912  -38.051107846147154  
913  -38.051229431893496  
914  -38.05137800618558  
915  -38.05151189276006  
916  -38.05163441103356  
917  -38.05177199178624  
918  -38.05188319374208  
919  -38.0520587609518  
920  -38.052206937695814  
921  -38.052303527304936  
922  -38.05244217588525  
923  -38.05256244045271  
924  -38.05271659019932  
925  -38.052862550916835  
926  -38.05296021733455  
927  -38.05309332881593  
928  -38.053249050595845  
929  -38.05336700526044  
930  -38.053489982149515  
931  -38.05350821597258  
932  -38.05359523376358  
933  -38.05374037638295  
934  -38.05386839617742  
935  -38.05399210431064  
936  -38.05412096274472  
937  -38.05424729501967  
938  -38.054397099861816  
939  -38.05449998325708  
940  -38.05468680847525  
941  -38.05467953195815  
942  -38.05479912282917  
943  -38.05497031250263  
944  -38.05511359447139  
945  -38.055264447625476  
946  -38.055406461177284  
947  -38.05554745846853  
948  -38.05570880983816  
949  -38.05582816342275  
950  -38.05600801574913  
951  -38.05616552259673  
952  -38.05631637879827  
953  -38.05646519686733  
954  -38.05660583829461  
955  -38.05672881254529  
956  -38.0569036843951  
957  -38.05702598361089  
958  -38.05713731733044  
959  -38.057303430984824  
960  -38.05740799439047  
961  -38.05762137433934  
962  -38.05761275569547  
963  -38.05771863589262  
964  -38.05785602634256  
965  -38.05803319852945  
966  -38.05817971160428  
967  -38.05832977383009  
968  -38.05845554367927  
969  -38.05860154362991  
970  -38.0587485431744  
971  -38.05889904068992  
972  -38.059068627513874  
973  -38.059242657574416  
974  -38.0593463794039  
975  -38.0595669900949  
976  -38.05961644632262  
977  -38.05978057665517  
978  -38.05988022295399  
979  -38.06000065681399  
980  -38.06017749027184  
981  -38.06012394564781  
982  -38.060310738998616  
983  -38.06047183925828  
984  -38.060576995211825  
985  -38.06070315593222  
986  -38.06084485578721  
987  -38.06098715000173  
988  -38.06111374530491  
989  -38.06123934613489  
990  -38.0613311728864  
991  -38.06150468451946  
992  -38.06154358438727  
993  -38.06170390041556  
994  -38.06178682796042  
995  -38.061876416701  
996  -38.06200896246145  
997  -38.061826777615295  
998  -38.06209286013346  
999  -38.06225550284425  
1000  -38.0623573914165  
1001  -38.06247014053459  
1002  -38.06256591281536  
1003  -38.06265898161229  
1004  -38.062813407547964  
1005  -38.06290593783593  
1006  -38.06297298297518  
1007  -38.06311987205637  
1008  -38.063214628891735  
1009  -38.06335095891799  
1010  -38.06339205512663  
1011  -38.06354511833767  
1012  -38.06361723197492  
1013  -38.06373115831888  
1014  -38.06386044655728  
1015  -38.063774537847074  
1016  -38.06393784519803  
1017  -38.06405306885524  
1018  -38.06413679350699  
1019  -38.064237162787556  
1020  -38.06432720786319  
1021  -38.064417498991006  
1022  -38.064543479746796  
1023  -38.06461802504205  
1024  -38.064728578220866  
1025  -38.06486473979333  
1026  -38.06493617021372  
1027  -38.065043815364675  
1028  -38.06503518762709  
1029  -38.065114311564386  
1030  -38.06520460683257  
1031  -38.0653144547754  
1032  -38.0653993237792  
1033  -38.06551096107599  
1034  -38.06562138673073  
1035  -38.065730559578526  
