0  -35.916476272006875  
1  -34.12246544663792  
2  -37.24019620690245  
3  -37.46849533781208  
4  -37.52288354785809  
5  -37.55478845890134  
6  -37.593706117865715  
7  -37.64119332727868  
8  -37.68682170268961  
9  -37.73135190761891  
10  -37.753708012237155  
11  -37.7881368503841  
12  -37.812209728899916  
13  -37.85539636220083  
14  -37.87677282518329  
15  -37.9071956639649  
16  -37.94866336810196  
17  -37.981471343132135  
18  -38.020523960131236  
19  -38.058724298311276  
20  -38.089623260916525  
21  -38.11151876826758  
22  -38.1275262682101  
23  -38.14187921831532  
24  -38.16064406622443  
25  -38.171860172905205  
26  -38.187554670728346  
27  -38.19790658215061  
28  -38.20956209066165  
29  -38.222501792665014  
30  -38.23460107085955  
31  -38.2441065478069  
32  -38.253269849363996  
33  -38.26147546781747  
34  -38.270173307642956  
35  -38.27929978285336  
36  -38.28726135267822  
37  -38.29487646481889  
38  -38.30622858826642  
39  -38.31217268136495  
40  -38.31885014404685  
41  -38.325188673034994  
42  -38.331828700977766  
43  -38.33733953743681  
44  -38.34706383537181  
45  -38.35196397892057  
46  -38.35795841332534  
47  -38.364409301233025  
48  -38.371959229996634  
49  -38.37794071421703  
50  -38.38441754131016  
51  -38.38873295667269  
52  -38.39340016811374  
53  -38.398784498552786  
54  -38.402104701617525  
55  -38.40664359770723  
56  -38.41035454496391  
57  -38.413534393343355  
58  -38.417867280021156  
59  -38.4214176604951  
60  -38.42559808019782  
61  -38.429415079185794  
62  -38.43291640882061  
63  -38.43542426470433  
64  -38.44201649266704  
65  -38.44468110574283  
66  -38.4492033825584  
67  -38.45448297936003  
68  -38.45926344238495  
69  -38.46330314596796  
70  -38.467780028804604  
71  -38.47046305548228  
72  -38.47306311663509  
73  -38.47587573555911  
74  -38.477454900592065  
75  -38.47983071695531  
76  -38.481818762472194  
77  -38.48598955435297  
78  -38.48786579983783  
79  -38.49129678165867  
80  -38.49434107750526  
81  -38.49721575557918  
82  -38.498923877803506  
83  -38.50061277184061  
84  -38.50162068934474  
85  -38.502680917196194  
86  -38.50367548443656  
87  -38.504213694868476  
88  -38.50480160002788  
89  -38.50596843309379  
90  -38.50635540849022  
91  -38.507195150495335  
92  -38.507742044851696  
93  -38.508831102432275  
94  -38.5096491229718  
95  -38.51044047105467  
96  -38.51180383585235  
97  -38.51083973044456  
98  -38.51260504157085  
99  -38.51404156620172  
100  -38.51513790197997  
101  -38.51618746883856  
102  -38.51712281653089  
103  -38.51793146671041  
104  -38.51892886635335  
105  -38.51950073250732  
106  -38.52003147496436  
107  -38.52083176533672  
108  -38.52129464428784  
109  -38.52204933978778  
110  -38.52261112709293  
111  -38.523134298455126  
112  -38.52369454303243  
113  -38.52418080651472  
114  -38.52472508296453  
115  -38.525371111879345  
116  -38.5258518823618  
117  -38.52634224253716  
118  -38.52708494866624  
119  -38.52752666532743  
120  -38.52803441480668  
121  -38.52896055099614  
122  -38.52938156994231  
123  -38.529917597993  
124  -38.53088445914098  
125  -38.53123002938548  
126  -38.531638362484614  
127  -38.53226670835259  
128  -38.5325896937897  
129  -38.53273527063144  
130  -38.533437547229994  
131  -38.533628876210884  
132  -38.533904782712455  
133  -38.534120643722076  
134  -38.53441451796794  
135  -38.53461042880012  
136  -38.534792246471454  
137  -38.53503932499506  
138  -38.53526574747025  
139  -38.5354597818885  
140  -38.53565362068404  
141  -38.53581797703847  
142  -38.53606873504379  
143  -38.53629460151922  
144  -38.536478774294096  
145  -38.53671457573285  
146  -38.53688747990441  
147  -38.537101664836385  
148  -38.53735515975067  
149  -38.537552108368814  
150  -38.537802511396116  
151  -38.53806045092501  
152  -38.538254728731324  
153  -38.538519630222154  
154  -38.53869302805004  
155  -38.53900856896948  
156  -38.53920299132898  
157  -38.53940940511474  
158  -38.539845551788176  
159  -38.539581789222254  
160  -38.540102483434104  
161  -38.540570640147045  
162  -38.54102359114395  
163  -38.541560174699555  
164  -38.54214501872146  
165  -38.54288036679322  
166  -38.54382733021413  
167  -38.544795277976164  
168  -38.54541499392658  
169  -38.546491440930865  
170  -38.54620766112412  
171  -38.546959322358106  
172  -38.547336653009395  
173  -38.5478770130318  
174  -38.548061692526865  
175  -38.54830987186263  
176  -38.548576701145166  
177  -38.548717895130544  
178  -38.54895902330448  
179  -38.54912337003582  
180  -38.549226744872215  
181  -38.54931472110705  
182  -38.54943500662286  
183  -38.54950202924197  
184  -38.549647648266934  
185  -38.54971237614436  
186  -38.54980313111999  
187  -38.5498894695161  
188  -38.549997553936294  
189  -38.55007148438662  
190  -38.55015421209027  
191  -38.55022612372979  
192  -38.550334523818606  
193  -38.550429830653684  
194  -38.550502515355504  
195  -38.5506380815983  
196  -38.55075058379332  
197  -38.55083954232121  
198  -38.55093324028299  
199  -38.55101209972725  
200  -38.551121642927654  
201  -38.551220979343086  
202  -38.551300361900516  
203  -38.5513758582909  
204  -38.551441028381625  
205  -38.551513435103246  
206  -38.551554811269504  
207  -38.55162499231399  
208  -38.551669886445715  
209  -38.55171953909563  
210  -38.55178457290259  
211  -38.55185845273051  
212  -38.55190630058503  
213  -38.55196975876369  
214  -38.55201160197595  
215  -38.55206343020286  
216  -38.55212795346316  
217  -38.55216715045687  
218  -38.552201095953144  
219  -38.552301922935484  
220  -38.55233331839498  
221  -38.55238458468068  
222  -38.552451393200855  
223  -38.55252285929486  
224  -38.55257856424556  
225  -38.55263719144447  
226  -38.55269031105899  
227  -38.552781672248834  
228  -38.55286834621501  
229  -38.55295373684054  
230  -38.553050634151255  
231  -38.553171554728586  
232  -38.55332455893472  
233  -38.553529170080154  
234  -38.55371133000342  
235  -38.55394924013602  
236  -38.55421472452345  
237  -38.55445207379689  
238  -38.554649202096485  
239  -38.55484048484044  
240  -38.55501926143347  
241  -38.55520904369846  
242  -38.55537435100796  
243  -38.55548974691563  
244  -38.55561203150679  
245  -38.555716222497026  
246  -38.55581509023431  
247  -38.55587895747413  
248  -38.555945600574226  
249  -38.55600312126703  
250  -38.55607021420866  
251  -38.55610743051588  
252  -38.55616038771041  
253  -38.55617708911052  
254  -38.556232695451456  
255  -38.55625596192332  
256  -38.55628430500657  
257  -38.556326319999606  
258  -38.55631695477992  
259  -38.55635124509946  
260  -38.5563934167118  
261  -38.55642201073661  
262  -38.55645057403473  
263  -38.556475257534544  
264  -38.55649582626123  
265  -38.55652860821166  
266  -38.5565506740082  
267  -38.55657230441344  
268  -38.556609906926795  
269  -38.556630238109825  
270  -38.55665977190617  
271  -38.55669007968641  
272  -38.55673077230766  
273  -38.55675250064001  
274  -38.556794099217335  
275  -38.556797219037456  
276  -38.55681777066379  
277  -38.55685110004405  
278  -38.556903529003236  
279  -38.55693884066703  
280  -38.55697865865539  
281  -38.55703428616885  
282  -38.55707644020632  
283  -38.55711874384837  
284  -38.557184762124415  
285  -38.55723819234494  
286  -38.55731672887653  
287  -38.55738432547312  
288  -38.55745594483923  
289  -38.55752775487575  
290  -38.55761080589882  
291  -38.55769950373826  
292  -38.55779387226863  
293  -38.5578776507265  
294  -38.5579662459468  
295  -38.55811162615035  
296  -38.55820911344729  
297  -38.558317879653835  
298  -38.558452726168554  
299  -38.55855598851993  
300  -38.55870514035553  
301  -38.55890301925006  
302  -38.55900110960068  
303  -38.55914188343703  
304  -38.55926443649702  
305  -38.55942038765271  
306  -38.55959765785866  
307  -38.55970645452609  
308  -38.55987187799145  
309  -38.56000833951178  
310  -38.5601379634069  
311  -38.560303263062565  
312  -38.56039094957063  
313  -38.56051430532765  
314  -38.56063281212031  
315  -38.56078534213808  
316  -38.560862104930855  
317  -38.56098011939977  
318  -38.561012213948764  
319  -38.56114290860322  
320  -38.561214355555684  
321  -38.561292931365195  
322  -38.5614088037897  
323  -38.56130684410038  
324  -38.561474690158065  
325  -38.56159308653023  
326  -38.56166603145623  
327  -38.561751743620725  
328  -38.5618048768107  
329  -38.56186184567268  
330  -38.561928468708764  
331  -38.56197064893589  
332  -38.561986514601855  
333  -38.562074341369936  
334  -38.56209724251635  
335  -38.56213771882248  
336  -38.56217834880552  
337  -38.562214174361536  
338  -38.56223959208001  
339  -38.562261077980416  
340  -38.56228125233155  
341  -38.56231202124706  
342  -38.56233061074358  
343  -38.56234722275751  
344  -38.56236316070723  
345  -38.56238057062026  
346  -38.56239943344693  
347  -38.56241399312017  
348  -38.56243245331873  
349  -38.56244587802533  
350  -38.56245900954121  
351  -38.562482249919846  
352  -38.56249301720292  
353  -38.562504410279196  
354  -38.56252875787501  
355  -38.562540420133054  
356  -38.56255181542651  
357  -38.56257916514671  
358  -38.56258969000753  
359  -38.56260832346706  
360  -38.562597979884494  
361  -38.56262243355986  
362  -38.56264372938048  
363  -38.56265713370219  
364  -38.56267461272564  
365  -38.562689172995015  
366  -38.56270266636602  
367  -38.562724116702945  
368  -38.56273727040779  
369  -38.562750561562225  
370  -38.56277435427689  
371  -38.56279082589005  
372  -38.5628024732205  
373  -38.56282842910752  
374  -38.56284364614436  
375  -38.56286078679085  
376  -38.56288717572365  
377  -38.562899362313445  
378  -38.56291141883425  
379  -38.56294893168328  
380  -38.56296197101129  
381  -38.56297804700277  
382  -38.56300931581345  
383  -38.563025211284256  
384  -38.56306180497428  
385  -38.5630840732142  
386  -38.563103853405586  
387  -38.56311573455114  
388  -38.563133867710214  
389  -38.56315618803757  
390  -38.563179424797  
391  -38.56319474208167  
392  -38.56321191853352  
393  -38.563230010000865  
394  -38.56325188527279  
395  -38.56327490836369  
396  -38.56329422239164  
397  -38.56331465716627  
398  -38.563333156725086  
399  -38.563357693654844  
400  -38.56337585637179  
401  -38.56339557708116  
402  -38.56341943932102  
403  -38.563454714463  
404  -38.56347594870902  
405  -38.56349930619685  
406  -38.56352133364819  
407  -38.56355206498679  
408  -38.56358087814733  
409  -38.56360434546432  
410  -38.56364147107985  
411  -38.5636816411351  
412  -38.56371119696495  
413  -38.56375435042708  
414  -38.56378159902061  
415  -38.56381094209787  
416  -38.56387214162273  
417  -38.563902919742205  
418  -38.56396294529573  
419  -38.56399798664323  
420  -38.56408191171773  
421  -38.56412767296267  
422  -38.56417381341342  
423  -38.5642574334138  
424  -38.564282777025454  
425  -38.56441350769089  
426  -38.56445929992427  
427  -38.56453974100281  
428  -38.56467236875873  
429  -38.56479040178593  
430  -38.564945912310314  
431  -38.565090952421876  
432  -38.56524312262637  
433  -38.56529086407831  
434  -38.5657164054189  
435  -38.56589021052533  
436  -38.5661427718897  
437  -38.566529152777406  
438  -38.56664803854534  
439  -38.56692693116814  
440  -38.56750392607161  
441  -38.56810721706953  
442  -38.56879081634975  
443  -38.56978764570841  
444  -38.57086501091561  
445  -38.57211091119435  
446  -38.57337966672814  
447  -38.57480412003018  
448  -38.576406763639895  
449  -38.57772601969653  
450  -38.57862207181841  
451  -38.57955921328052  
452  -38.5807226796846  
453  -38.581631137056135  
454  -38.582438464295905  
455  -38.58319262505249  
456  -38.58393553927111  
457  -38.584592026683254  
458  -38.585148447156136  
459  -38.58594605575699  
460  -38.586599853838024  
461  -38.587277648729966  
462  -38.58833100487625  
463  -38.58918209569906  
464  -38.59077533945739  
465  -38.59174020634736  
466  -38.59365591391347  
467  -38.5950044255935  
468  -38.59609559808573  
469  -38.596849101580716  
470  -38.59844560632674  
471  -38.59916288529919  
472  -38.60013267441506  
473  -38.60076300294332  
474  -38.60189378602368  
475  -38.60246692105767  
476  -38.60303932860088  
477  -38.60396032323962  
478  -38.60473168874418  
479  -38.60554562905505  
480  -38.6061857611358  
481  -38.60702911252113  
482  -38.607951218771326  
483  -38.609435937221136  
484  -38.61021167653003  
485  -38.611288512220284  
486  -38.61259877698559  
487  -38.61362769762351  
488  -38.61470384768571  
489  -38.6153664325992  
490  -38.61613755240265  
491  -38.61676055766077  
492  -38.61760401515337  
493  -38.61799248672577  
494  -38.61847162301631  
495  -38.61886071341627  
496  -38.61945392220208  
497  -38.61976970090307  
498  -38.620095714474814  
499  -38.62057382986935  
500  -38.620949837052905  
501  -38.621183337681416  
502  -38.62145598695793  
503  -38.621716401505935  
504  -38.622058649407826  
505  -38.622378000856  
506  -38.62265182774088  
507  -38.622892976376505  
508  -38.62316250149362  
509  -38.62344822817801  
510  -38.62378470814604  
511  -38.62409018952797  
512  -38.62447529001159  
513  -38.624812429620626  
514  -38.62523480157428  
515  -38.62567025595802  
516  -38.62604270988518  
517  -38.62647234812806  
518  -38.62691595814469  
519  -38.627306416998955  
520  -38.62764248477189  
521  -38.62802353836488  
522  -38.62837110482078  
523  -38.628659287154356  
524  -38.62904009694546  
525  -38.62931409132958  
526  -38.629493963930564  
527  -38.62975477144408  
528  -38.62996305053833  
529  -38.6301705031423  
530  -38.63050143771845  
531  -38.630637490821634  
532  -38.63083786004354  
533  -38.630988480110126  
534  -38.631204380686725  
535  -38.63137186949437  
536  -38.631512634385146  
537  -38.63175257335538  
538  -38.631833074837324  
539  -38.63201094531829  
540  -38.63209165187281  
541  -38.63220484946879  
542  -38.632362310381446  
543  -38.632447316698226  
544  -38.632571625833506  
545  -38.63264260174219  
546  -38.63272639132908  
547  -38.63287559714871  
548  -38.632845967257396  
549  -38.632964834564504  
550  -38.6330663307455  
551  -38.633159723950484  
552  -38.633253623229415  
553  -38.63336339840623  
554  -38.63350521311834  
555  -38.63361396647531  
556  -38.63372189016475  
557  -38.633848643043336  
558  -38.63400715410862  
559  -38.634161961198416  
560  -38.63433924578776  
561  -38.6345202325578  
562  -38.63471102160749  
563  -38.63502044345716  
564  -38.63522511885665  
565  -38.63548500204175  
566  -38.63607948424645  
567  -38.6362872758676  
568  -38.6366054078445  
569  -38.63703526389936  
570  -38.637407807006305  
571  -38.638086601698745  
572  -38.63758298891641  
573  -38.63845930411434  
574  -38.63898129530964  
575  -38.63936017070369  
576  -38.639746611744414  
577  -38.64018296655592  
578  -38.64059286393717  
579  -38.64098482591884  
580  -38.64118814547017  
581  -38.64139572545655  
582  -38.641798576514745  
583  -38.641932552481144  
584  -38.64208605179367  
585  -38.6422735760665  
586  -38.64241183945941  
587  -38.64267000916908  
588  -38.64249535780457  
589  -38.64282385972989  
590  -38.64298443561187  
591  -38.64309205621904  
592  -38.64322553524931  
593  -38.643370210884626  
594  -38.64349659635181  
595  -38.64361948218024  
596  -38.6437056703309  
597  -38.64380570773605  
598  -38.64389395201897  
599  -38.64400446533592  
600  -38.64404962965337  
601  -38.644148316532736  
602  -38.64417380378185  
603  -38.64426136924846  
604  -38.64430521963528  
605  -38.64435762416646  
606  -38.644422056440014  
607  -38.64449108883527  
608  -38.644537036920354  
609  -38.64459688314535  
610  -38.64463591001965  
611  -38.64467040951114  
612  -38.64473604842243  
613  -38.64476716482738  
614  -38.64481097270157  
615  -38.64485913220004  
616  -38.644906401485535  
617  -38.64493094214183  
618  -38.64498710595455  
619  -38.64498878572325  
620  -38.64501314736879  
621  -38.64503866760039  
622  -38.64508482129046  
623  -38.64511013342946  
624  -38.64513532432627  
625  -38.64517860570103  
626  -38.645204254827235  
627  -38.64525254385314  
628  -38.64528071017448  
629  -38.64532328404587  
630  -38.645351047366994  
631  -38.64537916952676  
632  -38.645420814749095  
633  -38.64547021438105  
634  -38.645508507880464  
635  -38.64555185626998  
636  -38.64558852993768  
637  -38.64562654361382  
638  -38.645683086409456  
639  -38.645719390881226  
640  -38.645746777480454  
641  -38.645815178310734  
642  -38.64585148237767  
643  -38.64590223430476  
644  -38.645935414236114  
645  -38.64597734452376  
646  -38.64601056606174  
647  -38.64605053061037  
648  -38.64605375372337  
649  -38.646080275072144  
650  -38.64612411147279  
651  -38.646163115271804  
652  -38.64620407617436  
653  -38.646242204943235  
654  -38.6462815734696  
655  -38.64632860513382  
656  -38.64635929623093  
657  -38.6464102370246  
658  -38.64644799618437  
659  -38.64650569513866  
660  -38.64653536808898  
661  -38.64657077486325  
662  -38.646588569078084  
663  -38.64664763550642  
664  -38.6466761352901  
665  -38.646706809411455  
666  -38.64675305518433  
667  -38.646730756162206  
668  -38.64678553588287  
669  -38.646829600577625  
670  -38.64685714019092  
671  -38.64689483441857  
672  -38.64692744134671  
673  -38.64695575556481  
674  -38.646989685611935  
675  -38.647013299179044  
676  -38.64705546662844  
677  -38.64706072496285  
678  -38.64710503435042  
679  -38.647122840392335  
680  -38.647148874731485  
681  -38.64718044523006  
682  -38.647140833729225  
683  -38.647199570863265  
684  -38.64723650639364  
685  -38.64726050722122  
686  -38.647284476402916  
687  -38.64730694169568  
688  -38.64733418892755  
689  -38.647353115342455  
690  -38.64737741670522  
691  -38.64739494100875  
692  -38.64741521228789  
693  -38.647433085816  
694  -38.64746339073697  
695  -38.64747828501754  
696  -38.6474955772961  
697  -38.64752115347062  
698  -38.647548432945236  
699  -38.64757124077018  
700  -38.647593831230566  
701  -38.647610764326394  
702  -38.64763662142426  
703  -38.64765689063451  
704  -38.64767853964055  
705  -38.647692499423435  
706  -38.64771687871319  
707  -38.647729792833196  
708  -38.64775169590395  
709  -38.64776604707656  
710  -38.64778131604576  
711  -38.64781104961485  
712  -38.64778808844988  
713  -38.647825963677434  
714  -38.6478507373574  
715  -38.64787061824316  
716  -38.6478947560585  
717  -38.64791328970253  
718  -38.64793352149141  
719  -38.647954787404544  
720  -38.64797220116325  
721  -38.64798593383173  
722  -38.64802099838828  
723  -38.64803405888348  
724  -38.648054056737216  
725  -38.6480715907905  
726  -38.648096991047346  
727  -38.648116521640674  
728  -38.64813250765242  
729  -38.6481595698939  
730  -38.6481843444858  
731  -38.648204478916526  
732  -38.648228307521066  
733  -38.64824620440007  
734  -38.64827410126068  
735  -38.64829738572857  
736  -38.648321706294794  
737  -38.648341019303366  
738  -38.64836383853994  
739  -38.64838752797847  
740  -38.64840364502984  
741  -38.64843196649762  
742  -38.648450795612575  
743  -38.64847201929102  
744  -38.64849367534142  
745  -38.64851193929725  
746  -38.648525889542185  
747  -38.648571106532586  
748  -38.64858329625043  
749  -38.648600636940046  
750  -38.648624948578075  
751  -38.648650511735624  
752  -38.64867848799931  
753  -38.64869766014789  
754  -38.64871818490913  
755  -38.64874212870293  
756  -38.64877174825482  
757  -38.648793288101714  
758  -38.648816238660885  
759  -38.648847049703924  
760  -38.64887862140503  
761  -38.648903894210164  
762  -38.64894339432277  
763  -38.64896932719627  
764  -38.64899350512891  
765  -38.64903653849491  
766  -38.64906074002652  
767  -38.649089785823776  
768  -38.64914915982821  
769  -38.64918417852452  
770  -38.6492084633934  
771  -38.64931573166183  
772  -38.649352902808445  
773  -38.64940499133744  
774  -38.64952805002373  
775  -38.64961408979244  
776  -38.64974071177882  
777  -38.64992133728984  
778  -38.6500558014852  
779  -38.650249366456876  
780  -38.65041251996312  
781  -38.650592348542254  
782  -38.650793007701665  
783  -38.65085979558943  
784  -38.651042468482785  
785  -38.65120597052286  
786  -38.651344856084556  
787  -38.65151283437137  
788  -38.65164938715858  
789  -38.651755697495986  
790  -38.65187369183481  
791  -38.6520246308787  
792  -38.65217393431798  
793  -38.652273718386205  
794  -38.65236124644823  
795  -38.65245447074356  
796  -38.65256965570708  
797  -38.6526716175672  
798  -38.652747453570996  
799  -38.65283062269292  
800  -38.652920349211115  
801  -38.65296649561097  
802  -38.653038669959756  
803  -38.653091110926525  
804  -38.65314100984581  
805  -38.65319240166248  
806  -38.65322995133823  
807  -38.65327428459344  
808  -38.65333546971874  
809  -38.65335933151225  
810  -38.653403698003565  
811  -38.65340011117625  
812  -38.653432414430895  
813  -38.653467237211814  
814  -38.65350944006418  
815  -38.65354227351706  
816  -38.65358124385801  
817  -38.65361648771713  
818  -38.65365195670913  
819  -38.65367809894963  
820  -38.653704812144085  
821  -38.65373382575504  
822  -38.65376627143724  
823  -38.653781022157304  
824  -38.65381467138843  
825  -38.65382486525607  
826  -38.65384827201551  
827  -38.65386389395069  
828  -38.65388209767092  
829  -38.65390969537694  
830  -38.653874924629385  
831  -38.65392367065575  
832  -38.65394581857093  
833  -38.65396161565732  
834  -38.65398074882139  
835  -38.65399708773944  
836  -38.65401040276217  
837  -38.65403247475619  
838  -38.654044297910865  
839  -38.65405737470848  
840  -38.65407545441543  
841  -38.6540872169591  
842  -38.654104163946265  
843  -38.65412002069362  
844  -38.65412866224108  
845  -38.65414433661916  
846  -38.65415340733996  
847  -38.65416538019893  
848  -38.65417638706581  
849  -38.654183449235575  
850  -38.654200894570636  
851  -38.65416736423932  
852  -38.65420719156644  
853  -38.65421878451914  
854  -38.65422944480066  
855  -38.65424020385751  
856  -38.65425001815999  
857  -38.65425872784412  
858  -38.65427025538133  
859  -38.65427933594482  
860  -38.65428872310883  
861  -38.654301180582394  
862  -38.65431198446912  
863  -38.65431991027615  
864  -38.65433546892145  
865  -38.65434442489353  
866  -38.654356017522794  
867  -38.65437291812957  
868  -38.65438261463319  
869  -38.65439031099037  
870  -38.6544054249135  
871  -38.65441560856399  
872  -38.654431523956916  
873  -38.65444195995095  
874  -38.65445330435683  
875  -38.654465230278504  
876  -38.65447692963318  
877  -38.65449070621743  
878  -38.654505392661505  
879  -38.65451399107042  
880  -38.654530575712045  
881  -38.65453912144353  
882  -38.65455228041188  
883  -38.65457084225544  
884  -38.65458801314777  
885  -38.6546029527705  
886  -38.654613731953056  
887  -38.65462604554836  
888  -38.65464097779379  
889  -38.654656612175174  
890  -38.654665951614675  
891  -38.65467781292053  
892  -38.65468830944312  
893  -38.65470464528816  
894  -38.654715526006605  
895  -38.6547244157365  
896  -38.654742414418344  
897  -38.65473283319357  
898  -38.654752278281165  
899  -38.65476479829058  
900  -38.65477558162358  
901  -38.65478956681407  
902  -38.65480115209146  
903  -38.65481386063526  
904  -38.65482592049614  
905  -38.654836365963206  
906  -38.65484162481973  
907  -38.654863579584024  
908  -38.65487080375778  
909  -38.65488068594311  
910  -38.654894958312724  
911  -38.65487881070777  
912  -38.65490338351566  
913  -38.654917597784035  
914  -38.654927128208534  
915  -38.654939137913445  
916  -38.654943854978754  
917  -38.65495440127791  
918  -38.654960491093114  
919  -38.654966318555964  
920  -38.65497578229434  
921  -38.654980021825196  
922  -38.65498949143541  
923  -38.65499350511536  
924  -38.65499921803101  
925  -38.65500523961429  
926  -38.65501348363488  
927  -38.65501808228441  
928  -38.655023208347245  
929  -38.65502961287732  
930  -38.65503574360214  
931  -38.65504194300058  
932  -38.65504754679269  
933  -38.65505245526623  
934  -38.65505593722235  
935  -38.65506650613381  
936  -38.65506994869187  
937  -38.65507516081067  
938  -38.65508195552758  
939  -38.65508836263715  
940  -38.65509401761541  
941  -38.65509884042085  
942  -38.65510413250496  
943  -38.65510686769191  
944  -38.65511528936815  
945  -38.65511786305212  
946  -38.65512298558976  
947  -38.655127545450995  
948  -38.65513346196508  
949  -38.65513729078218  
950  -38.65514110165404  
951  -38.655145467183786  
952  -38.65515062523454  
953  -38.65515442309473  
954  -38.655158693251  
955  -38.65516169406336  
956  -38.655165948457025  
957  -38.65516950819327  
958  -38.65517237720026  
959  -38.65517615253512  
960  -38.65518105973169  
961  -38.65518382697997  
962  -38.65518750069495  
963  -38.655191470462086  
964  -38.65519623293259  
965  -38.65519982039934  
966  -38.655204744280255  
967  -38.655206715026445  
968  -38.65521139880875  
969  -38.655214744289665  
970  -38.65521810742689  
971  -38.65522368774592  
972  -38.65522363391081  
973  -38.655227264471456  
974  -38.655231318147116  
975  -38.65523469960975  
976  -38.65523903029336  
977  -38.655242780622544  
978  -38.65524657352573  
979  -38.65524966186334  
980  -38.655252494661276  
981  -38.655257678132294  
982  -38.65526224291484  
983  -38.6552650156745  
984  -38.65526964674203  
985  -38.65527288051545  
986  -38.65527622688376  
987  -38.6552812961053  
988  -38.65528379317246  
989  -38.65528652110723  
990  -38.65529142055839  
991  -38.655293866737985  
992  -38.65529815424417  
993  -38.65530442697532  
994  -38.6553063940914  
995  -38.65530891385085  
996  -38.655312749906436  
997  -38.655314892559886  
998  -38.655320327532046  
999  -38.65532217293285  
1000  -38.65532496962038  
1001  -38.6553293617272  
1002  -38.65532997368551  
1003  -38.65533648673663  
1004  -38.65533830989109  
1005  -38.6553411679368  
1006  -38.65534530845352  
1007  -38.655349356194804  
1008  -38.655352535106196  
1009  -38.65535547874675  
1010  -38.655357881192614  
1011  -38.65536131777821  
1012  -38.65536514296684  
1013  -38.65536745593016  
1014  -38.65536938432271  
1015  -38.65537285591754  
1016  -38.65537514772883  
1017  -38.65537820725564  
1018  -38.65538086158621  
1019  -38.65538357521626  
1020  -38.65538581240334  
1021  -38.655388558436215  
1022  -38.65539111912252  
1023  -38.65539337020621  
