#For two layer
#  uni_h="on",
#  uni_top="on",


8     -637.7078             13.400873        5.71709
12    -650.427          23.8323149866      9.263282
16     -654.21          26.322168      10.2487210
19     -655.99896             27.8096413       10.803514




#4  12.0  5.738555427819813  13.400879436282183
#8  20.0  7.8565883712733635  20.32449701579066
#12  23.509775004326936  9.2473808489367  23.832318315056874
#16  26.0  10.241421669638447  26.3221575702855
#19  27.48756508066151  10.836542198241544  27.8096217817773
#22  28.756589711823782  11.344724049544926  29.07859671639945

