#uni_h="on",        E=-672.0819
#uni_top="on",  for X=40 100.18s/it (12 cores)
4     -618.2370              11.7813        5.11709
10     -644.2826021          15.314866      6.63282
20     -655.007497           18.390168      7.87210
40     -660.048683             21.64413       9.03514






#4  10.0                 5.11709886972882     11.78135971352466
#10  13.965784284662087  6.632828460374497    15.314866431053176
#20  16.96578428466209   7.8721038744357275   18.390168956200185
#40  20.643856189774723  9.035145114406395    21.644137938636256
#55  21.56271942704932   9.57689400574281     22.71928624300703
#65  22.067103439085365  9.86172715253847     23.42877010113079
#75  22.686456071487644  10.101944901282684   23.97329946519574
#90  23.475559288989025  10.409565537309652   24.749109150878553

